CATSBDP
1	-1	20577
1
1.8
0	0
0	0
../../data/clustal34_ag_lt0.26_no_cecin_escha.phy
4
0
Universal

0
0
0
0
10	0
0
(((Lepto_he:0.121261107969039,Lepto_cl:0.082301036810576):0.0342628036317008,Lepto_bo:0.114842710288936):0.180096419050317,Gana_sp1:0.204029118121298,((((((((Syne_ito:0.0336646690795853,(Syne_gif:0.0291191867510614,(Syne_jap:0.0170912588817508,Syne_umb:0.0176679400555798):0.0325693939972119):0.00967015930545106):0.127034226013446,Qwaq_sco:0.142845654832239):0.00478595131053003,(((Cerop_ma:0.127653254168816,Irae_his:0.0999505475276794):0.00326093296309465,(Prot_spe:0.105036811260969,(Calli_sp:0.136360395039028,(((Andr_qrm:0.0310742823522155,Andr_cur:0.0385313774077335):0.00993984393584216,Andr_gro:0.085659503977324):0.00367100866995108,((Andr_qln:0.104174215252073,Beloc_tr:0.0397486065494178):0.00617795088819349,Bior_pal:0.0659391544177906):0.0173635588998849):0.0373999408683431):0.0243508240390175):0.013174732465027):0.00516785112102499,(Peric_JH:0.0734891994508273,Diast_ki:0.0580004662701887):0.0699827956916341):0.0149168285015603):0.00719650482929519,((Aylax_hy:0.0487151762242985,(Hedic_le:0.0655711213969789,(Isoc_cen:0.0583112575941375,Aula_tav:0.0390055619705956):0.0148334000155384):0.00345128892049411):0.0653101516284647,Phana_JH:0.138547234062842):0.0129070388014214):0.0918214528646637,((Pedia_ac:0.173757206841335,Dipl_spi:0.213772810902206):0.0223622550037669,(Nasoniav:1.28193445291054,(Orussusa:0.892085265924681,Micropld:1.53372961816974):0.189673429772523):0.759852734427126):0.0347305467111721):0.0401692525952534,Parn_nig:0.123684757407243):0.0216955136638669,(Phaen_vi:0.126919249048569,Allox_ar:0.192929855706104):0.0445323744028737):0.0127252709420383,Callas_no:0.18126075042099):0.205626457405756);
(((Lepto_he:0.121261107969039,Lepto_cl:0.082301036810576):0.0342628036317008,Lepto_bo:0.114842710288936):0.180096419050317,Gana_sp1:0.204029118121298,((((((((Syne_ito:0.0336646690795853,(Syne_gif:0.0291191867510614,(Syne_jap:0.0170912588817508,Syne_umb:0.0176679400555798):0.0325693939972119):0.00967015930545106):0.127034226013446,Qwaq_sco:0.142845654832239):0.00478595131053003,(((Cerop_ma:0.127653254168816,Irae_his:0.0999505475276794):0.00326093296309465,(Prot_spe:0.105036811260969,(Calli_sp:0.136360395039028,(((Andr_qrm:0.0310742823522155,Andr_cur:0.0385313774077335):0.00993984393584216,Andr_gro:0.085659503977324):0.00367100866995108,((Andr_qln:0.104174215252073,Beloc_tr:0.0397486065494178):0.00617795088819349,Bior_pal:0.0659391544177906):0.0173635588998849):0.0373999408683431):0.0243508240390175):0.013174732465027):0.00516785112102499,(Peric_JH:0.0734891994508273,Diast_ki:0.0580004662701887):0.0699827956916341):0.0149168285015603):0.00719650482929519,((Aylax_hy:0.0487151762242985,(Hedic_le:0.0655711213969789,(Isoc_cen:0.0583112575941375,Aula_tav:0.0390055619705956):0.0148334000155384):0.00345128892049411):0.0653101516284647,Phana_JH:0.138547234062842):0.0129070388014214):0.0918214528646637,((Pedia_ac:0.173757206841335,Dipl_spi:0.213772810902206):0.0223622550037669,(Nasoniav:1.28193445291054,(Orussusa:0.892085265924681,Micropld:1.53372961816974):0.189673429772523):0.759852734427126):0.0347305467111721):0.0401692525952534,Parn_nig:0.123684757407243):0.0216955136638669,(Phaen_vi:0.126919249048569,Allox_ar:0.192929855706104):0.0445323744028737):0.0127252709420383,Callas_no:0.18126075042099):0.205626457405756);
1
9.1372
0.576938
5000
36.4057
0.365189	0.13128	0.201682	0.215641	0.193095	0.203132	0.167655	0.279484	0.239121	0.369554	0.184741	0.291575	0.201002	0.245437	0.226767	0.512071	0.343432	0.33819	0.0490471	0.171182	

0.0818015	0.0109971	0.0269924	0.0353742	2.97563e-08	0.57773	0.00184151	0.00391358	0.000499581	1.0228e-05	0.00504855	0.0439726	0.0104083	0.00282494	0.0217246	0.122043	0.0251404	0.0296373	3.99491e-05	2.91668e-11	
0.000210356	0.0113411	7.81903e-06	0.00160608	0.725163	0.00142521	0.00678607	0.0183708	0.00383372	0.0563933	0.00776333	0.000782901	1.78839e-05	1.68254e-06	0.000482666	0.0115761	0.00192181	0.00920751	1.33278e-30	0.143108	
0.015927	0.000276236	0.000362243	0.000968431	0.00481145	0.00404972	0.00105767	0.167931	1.96843e-05	0.0111256	0.00585202	0.000770536	0.00243589	1.59138e-05	6.18108e-09	0.000423993	0.00673287	0.776126	2.17396e-05	0.0010916	
0.0127142	0.00705893	0.0154311	0.0147173	1.31044e-07	0.00766234	0.00318209	0.162686	1.18634e-08	0.0150866	0.00431095	0.0584509	0.00103593	0.000598944	0.001353	0.180122	0.498688	0.0164919	2.05323e-07	0.000409742	
0.000777593	0.000622749	0.0069651	0.000547607	0.282016	0.00139691	0.0131519	0.0714634	0.0232127	0.17187	0.00021332	0.0085481	0.0405034	0.0026532	0.00216404	0.0739066	0.000664984	0.198863	3.356e-13	0.10046	
0.00968924	6.03737e-07	0.00986372	0.0521847	0.00490466	0.00817742	0.00961264	0.0100089	0.599851	0.00965187	0.00715146	0.0522252	0.00284623	0.0689204	0.10388	0.0167912	0.0283958	0.00584418	6.90965e-07	8.73471e-08	
0.00328029	0.000826734	0.000822663	1.19467e-06	0.0141151	0.00273392	5.00386e-05	0.000858423	0.00228799	0.825052	0.118049	6.95509e-08	3.60209e-06	0.00916449	7.1063e-05	0.00843178	0.00260251	0.011072	0.000576955	5.70365e-08	
0.00185276	0.00119765	0.000167925	0.00077778	0.00488013	0.000354694	4.41188e-06	0.823515	4.32351e-05	0.0290183	0.0202655	2.02424e-08	9.72892e-06	0.000160731	0.000275226	0.00103685	0.00253856	0.113901	1.42092e-10	2.33878e-11	
0.000397033	0.000996779	2.27763e-05	1.13187e-05	0.0294996	0.000861584	1.97269e-20	0.0174012	0.000697571	0.931966	0.00909763	0.00146285	7.6823e-08	0.0018236	0.000442151	0.00321469	0.000290756	0.000129782	6.18419e-12	0.00168475	
0.0162621	0.000122878	0.00787259	0.0134548	0.000220555	0.0180927	0.067774	0.00808729	0.00693118	0.0107305	0.00334909	0.00462141	0.0531057	0.731462	0.0158021	0.0188345	0.0102197	0.0126529	6.86816e-16	0.000404033	
0.0205846	0.0148952	0.0137883	0.0794154	0.00853919	0.0227048	0.0607207	0.00425709	0.0988832	0.0443814	0.00928701	0.0383876	0.049791	0.265642	0.157393	0.0471323	0.0462445	0.000656563	0.00771999	0.00957628	
0.00207002	1.18142e-11	0.0023363	0.975675	0.00111831	0.00055481	2.41504e-09	0.000763268	2.409e-05	0.000764074	0.00364825	5.46091e-09	0.000386378	0.00670037	0.00227977	0.000322064	4.40205e-06	0.00254796	9.97391e-05	0.000705479	
0.00388663	0.00268906	0.000480687	0.00362736	0.0667897	0.00211396	0.0049528	0.0962445	0.00420941	0.661387	0.0474922	8.14333e-05	0.00685496	0.00349392	0.00653045	0.0117767	0.00485568	0.0624387	0.00269893	0.00739564	
0.000222774	4.55709e-06	0.967961	0.000836239	0.000764169	2.81188e-06	0.000171894	0.00194067	3.53893e-07	0.0012541	2.14205e-06	0.0207173	1.78507e-05	1.98387e-07	2.38231e-06	0.00223369	0.00149357	0.000125945	8.09543e-06	0.00223995	
0.0392828	4.67969e-08	0.00025298	4.24982e-06	0.00165707	0.00618331	0.000268636	0.00797416	3.60262e-05	0.0148953	0.00186386	0.0237238	0.00404719	0.00192169	0.00128612	0.553099	0.337372	1.0689e-05	2.73706e-05	0.00609337	
0.0152554	1.94087e-20	0.0154855	0.0652148	0.00433625	0.745896	0.00733885	0.00838325	0.0270446	0.00878333	5.66042e-06	0.00712587	9.671e-08	0.00228905	0.0361996	0.0211211	0.0155646	0.0159991	0.00339462	0.000562137	
0.00128433	0.00323005	5.54584e-05	0.00201886	0.00124035	8.16766e-09	0.00183199	7.39878e-05	0.266924	0.000868725	1.12801e-13	0.00316583	0.000115519	0.00802547	0.704754	0.00552417	6.86554e-05	0.000733957	6.82369e-05	1.64193e-05	
0.00105372	1.89074e-05	0.000237131	0.000817326	0.00216768	1.45465e-09	0.0246855	0.00151019	0.00728337	0.0063813	0.000580017	4.02201e-05	8.37292e-05	0.942716	0.00858854	0.000140448	0.00364185	5.23553e-05	3.27406e-17	1.79915e-06	
0.0742598	0.0288586	0.015319	0.0122925	0.0432943	0.0215425	0.00586688	0.00877902	0.025644	0.0766596	0.0103061	0.0286974	0.0485422	0.0106794	0.0114663	0.438472	0.110477	0.0120098	0.00515288	0.0116809	
0.0117564	0.000734282	0.013694	0.00459747	0.0288419	4.25444e-05	0.0317401	0.0418918	0.0191286	0.559888	0.022819	0.0046019	0.0336159	0.0742826	0.0123036	0.0985891	0.00207015	0.039403	5.73528e-19	2.22585e-09	
0.0100992	0.00282744	0.00337004	0.0029351	0.000344674	0.951168	2.45603e-05	0.00143248	0.00117116	0.00165383	5.47398e-05	0.00386728	4.53903e-07	0.00102853	0.00377006	0.0146418	0.000640292	3.94102e-06	3.91333e-07	0.00096584	
0.047525	4.15129e-09	0.0505899	0.222997	4.24778e-05	0.21928	0.0142204	0.00701684	0.101335	0.0170342	0.00112745	0.0130071	0.00812671	0.0381487	0.136947	0.0692909	0.0152718	0.0365595	0.000133672	0.00134519	
0.000887427	0.068366	4.014e-09	0.0107604	0.238701	0.0144354	0.0422942	0.0308372	0.00542133	0.157862	0.0329264	0.0330213	0.0266329	0.00719818	0.021313	0.0640051	0.0304734	0.00590201	1.00614e-05	0.208952	
0.00497774	0.00107064	0.170589	0.772294	0.000554767	0.00661415	0.000500674	0.000550678	0.0112105	0.000822405	2.22657e-05	0.000505823	0.000260416	0.0227944	0.000934527	0.000236939	0.00183399	0.00422689	1.2375e-07	1.72439e-12	
0.0669546	0.0115695	0.0107169	0.0277487	0.0533209	0.0200401	0.0146105	0.171478	0.0536775	0.115249	0.043838	0.0434172	0.00995423	0.0157077	0.0243641	0.0781451	0.0872551	0.12842	0.00578813	0.0177456	
0.0269032	0.000803046	0.0612378	0.536212	0.00309222	0.0348587	0.00772064	0.00730224	0.113974	0.00767565	0.00187468	0.0139255	0.00639234	0.0918368	0.0201693	0.0166506	0.0128714	0.0359739	8.77199e-12	0.000525838	
0.43497	0.00141926	1.91102e-07	0.00696119	0.00382827	0.026392	1.60999e-07	0.0603549	0.00332927	0.0164207	0.00997975	0.000446164	0.00263993	3.37991e-06	6.41248e-07	0.0285386	0.033822	0.370804	4.58963e-06	8.56388e-05	
0.00589844	0.00821853	0.00017944	0.00616301	0.00186793	0.0196164	0.0569547	0.00555626	0.0437933	0.0162138	6.0685e-06	0.00702941	0.00225415	0.0526284	0.744061	0.0176222	0.00466454	0.00313908	0.00172239	0.00241051	
0.00079879	0.000760946	0.000830995	0.00276954	0.000197481	0.00149956	1.08253e-08	0.00570475	0.878664	0.00133815	0.00297925	0.0130229	0.000321486	0.00832829	0.07092	0.00250851	0.0046827	0.00312555	1.23799e-14	0.00154734	
0.300234	0.00306239	0.0129452	0.000185815	0.0187812	0.10638	0.0118114	0.0262985	0.0156777	0.0383303	4.24572e-09	0.0284019	0.0556782	0.00856969	0.0164282	0.0976778	0.134801	0.112728	7.09193e-09	0.012008	
0.306173	0.0133498	0.00970197	6.4409e-05	0.00135352	0.0205531	1.43676e-07	0.00109808	5.15033e-05	0.0111942	6.84782e-05	0.000394457	6.15775e-06	0.000434753	0.00119405	0.630001	1.40162e-05	0.00101355	1.90874e-07	0.00333384	
0.0151073	0.0202759	0.0579338	0.00807648	0.00476804	2.51855e-06	0.208958	0.00907313	0.0530256	0.02388	0.00466333	0.272695	0.00219029	0.0770814	0.0731463	0.0912645	0.0106436	0.00380403	2.15909e-13	0.0634103	
0.0280339	0.000559038	2.04164e-09	0.0039612	0.00827914	0.00504701	1.12419e-06	0.415726	0.00457464	0.121245	0.0646037	0.018934	0.0214694	0.00039208	0.0067325	0.00487435	0.0730901	0.217566	1.95621e-09	0.00491035	
0.880129	0.00103397	1.81635e-05	0.00137685	0.000670626	0.0153157	0.000201977	0.00214656	0.00130839	0.00281864	2.2806e-05	6.55459e-06	0.00419779	5.19732e-10	6.59662e-07	0.0541429	0.0212027	0.0153151	9.15169e-05	2.6469e-08	
0.000925597	0.00159867	2.08659e-06	0.000138348	0.972814	2.96667e-08	1.08293e-05	0.00160564	1.19905e-05	0.00627051	8.11578e-10	0.00279251	2.9656e-05	0.00168422	2.55502e-05	0.000704394	4.38954e-06	0.000865741	0.00102689	0.0094887	
0.000814919	0.00392751	0.00152187	4.54284e-05	0.0313726	0.00177025	0.0103522	0.00209959	0.00203188	0.00417594	1.61951e-10	0.00219126	0.000290347	0.000884375	0.0014787	0.000463052	0.000621998	0.00215492	0.000271986	0.933531	
0.0248905	0.0040654	0.000409657	4.19944e-05	3.66413e-05	8.66194e-08	8.15161e-09	0.0217209	0.00227548	0.000276671	0.0139479	0.0102657	4.58917e-06	0.00170509	0.00267333	0.0576663	0.859592	0.000428183	2.10568e-18	7.46525e-12	
0.00611361	0.000479396	0.0223751	6.59488e-05	0.00642407	0.0014063	0.0463351	0.00525257	0.0412898	0.0084078	0.00187885	0.710456	7.63361e-05	5.80239e-06	0.000659792	0.0877285	0.0442933	0.00212812	3.01365e-07	0.014623	
0.00146867	0.000837921	0.00226992	0.0041779	0.00892821	0.0158262	0.00968532	0.0119204	0.280905	0.0138478	0.00898178	0.00979277	0.0101055	0.0462719	0.506806	0.0315738	0.0229034	0.00365953	0.00129839	0.00873877	
0.000814908	1.06138e-05	0.00148586	1.02646e-05	0.000584317	0.00107932	1.1833e-08	0.0175548	0.00302043	0.0114652	0.951508	0.000565165	2.45828e-05	1.35066e-05	0.0034438	0.00311202	0.00323226	0.000241385	2.77722e-31	0.00183327	
0.0130259	0.00605728	0.342687	0.109983	0.00950479	0.044615	0.0348844	0.0150651	0.042369	0.0125058	2.30906e-08	0.235946	0.010307	0.0231415	0.00576147	0.0385586	0.019121	0.0144594	1.02907e-05	0.0219974	
0.0159062	0.00132667	0.0585776	0.0493966	0.0754184	0.0018723	0.00220413	0.384237	0.000890018	0.0569853	0.00258984	0.000706445	1.111e-05	3.04582e-09	5.60243e-05	0.226418	0.0561857	0.000321773	0.058167	0.00872947	
0.036963	0.00117955	0.00439996	0.00172401	0.000846663	0.0078721	0.00838907	0.00509768	0.00223443	0.0258146	0.00106101	0.00135206	0.767979	0.0241866	0.00694476	0.0741792	0.0250105	0.00407019	1.635e-05	0.000679558	
0.00211693	5.25139e-05	2.0557e-07	4.07033e-06	3.84449e-08	0.00105184	1.41397e-11	0.000489254	0.0134811	0.00350007	1.34873e-11	1.35141e-12	0.00171134	0.00389385	0.968699	0.00289574	0.00036357	0.000474594	0.000107473	0.0011579	
1.51957e-06	6.6616e-06	1.01978e-07	3.54497e-06	0.00180064	6.37183e-05	5.3136e-05	0.0454642	0.000518584	0.9183	0.00865085	0.000966156	6.5588e-05	7.34625e-07	0.00325252	5.59927e-07	0.00267174	0.0180956	2.27058e-06	8.23398e-05	
0.00480007	1.33387e-14	0.00178008	0.001478	0.0368523	0.000157654	2.70814e-07	0.445779	0.00724253	0.263854	0.0542773	0.000809911	5.50141e-06	0.00121394	0.00235865	0.000687992	0.0096468	0.16714	0.0014654	0.000450579	
0.0568801	1.62708e-10	0.000166429	0.0276922	5.38151e-06	0.000366283	0.00601986	0.0362987	0.263809	0.0167818	8.00911e-08	0.0786024	0.0486236	5.03983e-05	0.113146	0.038417	0.182627	0.111353	3.73407e-14	0.0191603	
0.418922	0.0271985	0.000109661	6.04632e-06	0.00192915	0.109867	0.000627369	0.0012327	0.000974471	0.013569	0.000127215	0.00393581	0.00992961	0.0192049	0.00373581	0.308025	0.0805643	1.1726e-06	3.78635e-05	2.89563e-06	
0.065948	2.94146e-19	0.0460067	0.0717205	0.0203318	0.00925127	0.000277259	0.201095	0.00661363	0.0546819	0.0126066	0.0200224	0.00525575	0.00917949	0.00921832	0.00599107	0.0474679	0.410863	9.93677e-07	0.00346876	
0.080549	0.0126122	0.0175638	0.282774	0.000447584	0.000711576	2.33646e-09	0.0106706	0.223346	0.0126406	1.78974e-07	0.000678091	0.0597902	0.166923	0.000229697	0.0944415	0.0284373	0.00654995	0.000109604	0.00152492	
0.00800594	2.82869e-05	8.18502e-05	5.66934e-05	0.00416295	0.000330175	5.14408e-05	0.465081	0.0179985	0.00803439	0.00782387	0.000224428	1.86116e-05	0.000281592	0.00110319	0.0128699	0.29313	0.180711	1.37129e-27	6.24483e-06	
0.00870264	0.0001957	0.188837	0.0294401	1.07473e-05	0.0191206	0.0199336	0.00343936	0.0461114	1.9974e-07	4.91918e-05	0.554568	0.000933627	0.00630347	0.00958674	0.0941896	0.0138629	0.00365501	0.000321239	0.000739218	
0.00585974	0.00114147	6.90345e-06	0.00104348	0.00260793	6.86545e-07	0.00109445	0.507367	0.00320062	0.0416655	0.011031	0.000130685	7.62217e-16	0.00186853	0.000523132	0.00463969	0.00545626	0.412091	0.000272158	2.87831e-09	
0.0167708	0.0185268	0.0552124	0.0279694	0.00378587	0.0500107	0.0153628	0.0275728	0.085302	0.0126671	0.00366764	0.272261	0.00784992	0.0124119	0.0442179	0.247725	0.0753824	0.0129065	0.000180448	0.0102169	
0.145253	0.0120438	0.00188768	0.0174788	0.00281456	0.011528	5.782e-06	0.103185	0.00831372	0.0427928	0.0345483	0.0295463	0.0198919	0.00489697	0.00952989	0.146151	0.319667	0.0904613	2.80951e-06	1.77719e-06	
0.0420216	6.07608e-10	0.0006446	1.29061e-05	0.0033908	0.00115912	0.393139	0.0438495	0.000463399	0.12089	0.00313053	0.0462505	0.0187941	0.213453	0.000407465	0.0500805	0.0491293	0.00364757	9.95042e-12	0.00953556	
0.0425991	0.0105583	0.000723448	0.0104474	0.000935865	0.000770082	0.00462863	0.121619	5.2347e-05	0.200916	0.0350416	9.11438e-05	0.237642	0.0729677	0.0147037	0.0937473	0.0696893	0.0820233	1.23344e-08	0.000843451	
2.87201e-06	8.16013e-08	1.01557e-06	0.00062995	2.96517e-06	1.67003e-05	3.49882e-06	0.00377744	1.16534e-05	0.000256195	1.81911e-09	0.993676	0.000267164	1.26541e-05	0.000490879	8.45912e-05	0.000299389	0.000462043	1.36725e-15	4.60552e-06	
0.000577694	0.00640838	0.000135031	7.00031e-06	0.000603006	0.0457318	0.0145285	0.0171555	0.00444369	0.00275904	0.00026527	0.117026	0.0360394	0.0157295	0.0118947	0.614709	0.0961364	0.0131787	6.24063e-06	0.00266548	
0.0133176	0.00104053	0.000297331	0.00184085	0.237433	0.00222811	0.00520767	0.0207179	8.39863e-06	0.49019	0.0482099	1.48183e-05	0.0158501	6.11347e-05	0.000235599	0.060548	8.29399e-06	0.00195026	0.0971715	0.00366904	
0.00208719	6.18997e-08	0.612311	0.320241	0.00275408	0.00440968	0.00495462	3.54222e-07	0.00673046	0.00397353	2.37174e-06	0.0109219	0.011607	0.00327378	0.00128355	0.00812618	3.51206e-05	5.69424e-05	5.59364e-12	0.00723113	
1.53667e-06	0.000395133	4.97243e-06	0.00519375	0.0128284	0.00439447	0.599532	0.00281561	9.14327e-10	0.00212655	3.27678e-05	0.0150937	0.00733436	0.0419572	0.0262338	0.000526451	0.00332707	5.73171e-09	0.000500751	0.277702	
0.0374733	0.00365156	0.217124	0.474588	7.32229e-06	0.0248507	0.0073817	0.00842113	0.0472822	0.00927347	0.00452512	0.0505964	0.0059843	0.0405493	0.00795047	0.0281765	0.0178531	0.0106409	0.000131084	0.00354033	
0.0144329	0.00184905	0.0580593	0.153539	0.00320897	0.0270852	0.0114507	0.00756162	0.253132	0.0118742	0.00664814	0.169069	0.0144048	0.0682624	0.0641667	0.065598	0.0506552	0.0142505	3.42694e-28	0.00475246	
0.0474865	0.0393069	0.0930686	1.94731e-05	0.000485565	0.0213003	0.0774808	0.00167251	0.0818997	0.00502398	1.93104e-05	0.00917609	0.117829	0.0720985	0.235908	0.125062	0.0269428	0.0313735	0.0029981	0.0108481	
0.00438859	3.50097e-10	0.648963	0.151502	0.000721782	0.022373	0.0123225	0.00202963	0.00340728	4.82883e-05	0.000645813	0.116109	0.00031066	0.00415176	0.00332792	0.0150669	0.00393015	0.00783634	2.06352e-09	0.00286456	
0.0148761	0.00977692	0.00954103	0.0133518	6.82109e-06	0.0189058	5.5483e-05	0.0205472	0.399122	0.0155545	0.00496681	0.102615	0.00241575	0.0192681	0.245523	0.0715216	0.0433806	0.00307557	0.00532227	0.00017487	
0.0120886	2.54204e-08	1.22715e-13	0.0341614	0.113783	5.62198e-05	0.0937003	0.0310716	0.0797592	0.289108	0.0036784	0.0159774	0.000238583	0.124481	0.0165467	0.0511919	0.0678709	0.0603435	0.000396688	0.00554598	
0.271916	0.00458526	0.00081665	0.0101555	2.82358e-05	0.0328547	0.00633989	0.00569064	0.00064306	0.00490609	0.0112533	0.022655	2.30062e-05	1.23373e-05	0.00529352	0.335559	0.26933	0.017937	2.98805e-11	1.67912e-09	
0.094274	7.57923e-08	0.177518	0.168735	0.0244257	0.0392651	0.00188751	0.0536857	0.0576634	0.0455723	0.0144917	0.0339364	0.0181291	0.0273445	4.087e-06	0.0599022	0.071603	0.107977	2.79721e-08	0.00358445	
2.81197e-05	0.00964405	0.0131871	1.14359e-10	0.0348635	0.000149092	0.00012006	0.218831	0.000734435	0.185479	0.0601228	0.00108217	0.0585718	0.276949	0.0293445	0.000778397	0.0438218	0.0662935	4.3341e-34	1.83557e-14	
0.00404501	0.00183807	5.33189e-05	0.00140531	0.000234756	6.83674e-06	0.00209836	0.0764345	0.00574258	0.0861952	0.782159	5.29984e-05	0.00101183	0.000157361	0.0026404	0.000570808	0.0127889	0.0212797	3.74255e-09	0.00128466	
0.00519987	4.84523e-06	0.0121968	0.0227891	1.93262e-07	0.219138	0.148621	0.117664	0.0629872	0.013588	0.0516203	0.00078834	0.000313463	5.27691e-05	0.000468764	0.00154978	0.156303	0.0841893	1.44807e-19	0.102525	
0.00205769	0.0190956	0.0417994	0.0125232	0.0461789	0.00262963	0.327616	0.0151838	0.0176699	0.0186732	0.0037885	0.0256343	0.00158164	0.0623668	0.017634	0.0521259	0.00193008	0.00125631	6.4738e-15	0.330255	
0.254637	8.50915e-10	0.0605515	0.0490279	0.00250463	0.0461749	0.00617223	0.00381271	0.0114161	3.7699e-06	0.00364724	0.0513187	0.0231818	0.0158534	0.0006458	0.272107	0.169862	0.0278758	0.000740099	0.000466516	
0.0362674	1.05674e-08	0.0293156	0.00276529	1.0003e-07	0.0195181	0.0126817	0.0243332	7.4953e-05	0.0072757	0.00529352	0.393597	0.0143862	0.0105272	0.000246131	0.234415	0.196513	0.0127361	7.90029e-10	5.39982e-05	
0.00214739	3.59641e-05	0.000193092	8.45076e-05	9.87559e-05	3.32214e-05	5.38311e-07	9.38042e-10	0.00278868	0.00726993	3.63639e-05	0.00098496	0.970424	4.46657e-06	0.00355764	0.0108582	3.06333e-05	0.00145172	7.82201e-11	2.69848e-07	
6.7561e-05	0.0177965	1.9375e-07	1.5474e-05	0.155982	4.26443e-06	0.0314467	0.000544338	1.42748e-06	0.00487406	0.000874632	0.00195566	3.82682e-08	6.73894e-05	0.00164097	0.0053416	9.70361e-05	0.00538013	0.00806934	0.765841	
0.0666048	8.64133e-06	0.240373	0.209105	0.00299853	0.212132	0.00919266	0.0116532	0.0344652	2.14497e-07	6.59064e-09	0.0977493	0.00553332	0.0188858	0.00579677	0.0686383	0.0103713	0.00369929	5.71962e-15	0.00279225	
0.0317578	3.27396e-12	0.00920555	0.0986371	0.0365172	0.000871603	0.0307816	0.0439248	0.089752	0.133762	0.0364974	0.0361686	0.0103271	0.320372	0.0484759	0.00798638	0.0114687	0.0355863	0.00172848	0.0161797	
0.112551	2.87676e-07	0.0220408	0.0441315	2.04407e-06	0.00486705	0.00617414	0.0494356	0.104887	0.0385516	0.0423793	0.105194	0.00474421	0.0278159	0.0277533	0.167295	0.21498	0.0271966	3.92501e-08	8.20389e-07	
0.0130491	0.0136654	0.0136229	0.00413801	8.71734e-05	0.153918	0.00204469	0.000298671	0.000823878	0.00174449	0.00638913	0.212071	2.19203e-05	0.0127576	0.0242653	0.469218	0.0708624	0.000101837	1.87989e-05	0.000902449	
0.058656	2.45331e-08	0.00260297	0.000171467	0.0110285	0.0135244	1.03283e-07	0.00894477	0.00192773	0.010442	0.00878612	0.000131434	0.197971	0.00933881	0.00222615	0.568569	0.0899446	0.014374	1.03492e-10	0.00136003	
0.194219	1.17303e-06	4.20354e-06	0.00342105	1.00378e-05	0.0235343	0.00914402	0.00121473	0.00467939	0.0107511	0.00325322	0.0132809	0.289478	0.0444462	0.00291291	0.213612	0.158254	0.0277836	5.44396e-22	5.31039e-07	
0.120164	2.0657e-16	0.027176	0.0180048	0.0103304	0.0851506	6.11706e-07	0.158116	0.000826115	0.0978554	0.0787158	0.00819558	0.0637967	0.00410428	1.62328e-10	0.0661248	0.0363384	0.222869	0.000780965	0.00145037	
0.623232	0.015314	0.00059863	0.000170634	0.000131188	0.00716334	2.81051e-08	6.16653e-08	0.000508862	0.000836968	7.84488e-05	7.54783e-05	0.00932157	0.000686617	0.00391238	0.0643244	0.137722	0.133601	0.00197556	0.000346763	
0.00420677	4.12222e-07	0.0125685	0.021574	0.010257	0.00963873	0.356614	0.00407982	0.0455297	0.0287688	0.00111631	0.0926186	0.0376333	0.228822	0.0699201	0.0217063	0.00613331	0.000573474	4.34134e-05	0.0481958	
0.00681577	0.0480445	0.00420226	0.00305091	0.00123382	0.00415964	9.42896e-07	1.51537e-06	0.000450567	0.0206469	3.96739e-06	0.00747413	0.393383	0.0171196	0.0439261	0.415029	0.0317539	0.000191797	2.51473e-17	0.0025119	
0.115471	0.0189687	0.00140664	0.0146147	0.0698053	0.00392698	0.000327452	0.00211464	0.0222529	0.0556491	1.03397e-12	9.40012e-05	3.72938e-06	8.40034e-05	0.0148336	0.498574	0.0986758	0.028589	1.06977e-07	0.0546084	
0.0337773	0.0447892	0.000615492	0.00863615	0.117934	0.00135589	0.000256279	0.0867086	0.00528029	0.327327	0.0441728	0.0515483	0.00718736	0.000782028	2.65819e-05	0.116465	0.0585703	0.0867826	0.000914733	0.00687067	
7.50444e-08	0.0663239	0.00701386	0.0175934	0.0240763	0.0708921	0.00305357	0.0142499	0.0910338	0.0175247	0.00647147	0.00385153	0.0145323	9.8013e-06	0.191594	0.0102928	3.59406e-06	0.0506694	0.365404	0.0454097	
0.0129256	0.0156466	4.82273e-05	3.54665e-05	0.00134574	0.00585509	0.000938325	0.000221668	0.00010663	5.47584e-05	4.18906e-10	0.012361	1.47707e-08	1.09589e-08	0.000157209	0.928745	0.0207795	0.000778962	7.39561e-19	3.54154e-10	
0.0695466	0.00606919	0.0163657	0.0341478	0.0106248	0.0155142	0.0280008	0.0193159	0.0210974	0.0858774	0.00162589	0.0310616	0.3171	0.0391284	0.0272978	0.183384	0.0600861	0.0290927	0.000524401	0.00413897	
0.0236149	1.24525e-08	6.42075e-07	7.45862e-06	0.00713995	0.014967	0.00531432	0.253629	0.00838195	0.103685	0.240237	0.00262852	0.00619909	0.00891318	0.000183817	0.0450127	0.152488	0.123722	7.297e-24	0.00387441	
0.00182487	5.67223e-07	0.00187015	1.17538e-06	0.000409618	0.000117281	0.943847	8.98278e-05	0.00454738	0.0044886	0.000354653	9.24139e-05	0.000696523	0.0212313	0.00485943	0.000382011	0.00244857	0.000284188	1.71868e-19	0.012454	
0.00594573	0.0145385	8.57163e-06	0.000460137	2.93615e-13	4.35691e-06	0.0094379	0.0213279	2.37443e-05	0.632522	2.6835e-05	3.39606e-07	0.000486298	0.00191378	1.56249e-06	0.0112437	0.00851337	0.287857	0.00106915	0.00461875	
0.329293	0.000430983	1.07848e-05	0.0139101	0.00265877	0.00568973	0.0156708	0.0219109	5.44839e-05	0.0289783	2.62212e-05	0.00780347	0.0254638	0.00168601	9.19471e-05	0.0498986	0.461666	0.0347536	8.50728e-12	2.2274e-06	
0.0241575	0.0105719	0.012838	0.00927304	1.86542e-06	0.0121395	8.12408e-07	3.93924e-05	0.223467	0.000409236	0.000570798	0.342079	0.00626769	0.0652421	0.00268089	0.173396	0.114429	0.00126869	3.4348e-11	0.00116789	
1.48884e-05	0.00128575	0.00528477	0.092107	1.56867e-05	0.00122083	0.0403063	0.00424427	0.0666927	0.0336877	0.00217668	0.00958105	0.00219003	0.665135	0.0489841	0.00789505	0.00614092	0.00394706	3.7386e-06	0.0090866	
3.45704e-05	0.0268402	0.0147016	0.00406725	0.0039062	9.35035e-11	1.90003e-08	1.32534e-08	0.000729143	0.000513563	0.00193417	0.00237429	3.54401e-07	0.00629172	0.921457	0.0131822	4.28266e-06	0.000211479	0.00266898	0.00108289	
0.000158147	0.00281769	4.34292e-06	0.000912332	0.00538539	0.0018233	0.000578969	0.0022996	0.00199519	0.00473549	4.85655e-08	0.000284948	0.00048234	0.00034303	0.00108878	0.00155115	0.00186178	0.000485252	0.963989	0.00920289	
0.241777	1.13908e-06	0.000941354	0.200898	0.032247	0.319407	0.00226741	0.0467643	0.000249896	0.000263044	5.74594e-07	0.00370203	0.00206734	1.09856e-05	0.00028961	0.0812695	0.0442858	0.000993487	0.00583045	0.0167344	
0.0201157	0.00788257	0.000125269	0.0121129	0.00765655	0.000473942	0.0539786	0.000571823	0.0256303	0.0798348	0.00367748	0.0347958	0.0752863	0.0113232	0.0334537	0.293182	0.332349	0.00682877	6.25495e-08	0.000720861	
0.0069809	0.0126617	4.11107e-05	9.15235e-07	0.45064	0.00400358	1.93338e-06	0.0852683	0.00240633	0.323584	0.0173023	0.00220971	1.24073e-07	4.87519e-06	0.00662591	0.0198133	0.00684999	0.0382253	0.00731007	0.0160696	
0.197623	1.57856e-05	0.00931119	0.0271763	0.00303703	0.00185914	0.000497435	0.0267597	0.0573758	0.0699176	0.034745	0.0121566	0.0342233	0.0263523	0.00165126	0.202784	0.188243	0.0984274	4.97096e-13	0.00784452	
0.369547	1.39053e-10	0.00146906	0.00240294	0.0136381	0.0100289	0.0084132	0.000213115	0.00460027	0.0117754	0.0318234	0.00322721	0.00129227	0.012643	0.0153184	0.438204	3.93194e-07	0.0352501	0.02622	0.0139333	
0.0360726	1.61288e-06	0.000919432	0.0159442	0.00690442	0.00433366	4.5457e-05	0.0831759	0.0186126	0.122825	0.0964672	0.00849043	0.000254563	1.73687e-05	0.0114445	0.0107874	5.60291e-05	0.583616	1.28108e-17	3.23662e-05	
0.0193213	0.643338	0.00125023	2.06876e-06	0.000927055	0.0398012	0.000126086	0.0160337	1.81945e-05	0.024352	0.00372636	0.00150389	0.00440405	5.56888e-12	0.00802107	0.159968	0.0159749	0.0189689	2.13929e-08	0.042263	
0.0776989	0.00389446	0.00141705	6.17629e-06	0.000465292	0.0057531	0.00232681	0.306559	0.000226387	0.00105734	0.000823202	0.00302508	0.00151449	0.00369486	0.000836898	0.0330617	0.0689264	0.488475	5.18368e-20	0.000237883	
0.0416355	0.0621417	0.0209249	0.00317869	0.183128	0.000121429	0.0986627	0.0151778	0.00840875	0.0167918	1.97301e-05	0.0519141	0.0223938	0.000588153	0.00375414	0.0386798	0.00418734	0.0101134	1.50556e-10	0.418178	
0.0620271	0.0659082	0.00236002	0.015688	0.0109299	0.238668	0.000408413	0.0010251	0.0113595	9.84195e-05	4.74512e-05	0.103516	0.00559393	9.73192e-05	0.00470622	0.42123	0.0403295	0.0160008	5.35274e-09	5.52251e-06	
0.0710132	0.0197067	1.48584e-10	0.042001	0.00168271	0.0535377	6.62452e-05	0.249568	0.0241166	0.000172153	3.58665e-05	0.0123047	0.00242441	0.0456174	0.00262078	0.00230718	0.0035012	0.455598	2.05449e-09	0.0137265	
0.000739888	0.271966	0.0182988	0.0253027	9.51985e-09	0.038697	4.61172e-06	0.0031271	0.000753664	0.00930117	7.9124e-06	2.66556e-11	0.0117655	0.025197	0.00875748	0.04723	0.000400157	0.0456339	7.45743e-10	0.492817	
0.355107	0.0168992	0.0402442	1.45405e-07	0.0014362	0.0752756	0.00951431	0.0062117	0.013192	0.00184186	1.17236e-07	0.000345953	0.0119718	3.82742e-08	0.00128864	0.160452	0.30609	0.000129847	5.63737e-12	1.66283e-09	
0.0301705	0.00135706	0.00109292	0.144291	0.000755786	0.01625	0.00352849	0.0666838	0.366796	0.000629908	0.00389339	0.00067092	0.00634258	0.0574921	0.0279528	0.0250067	0.206356	0.0361677	1.07278e-17	0.00456122	
0.0156359	0.0316221	0.0046786	0.00671137	0.083423	0.00205165	0.0073615	0.000597434	0.0079668	0.106112	0.00673304	3.46361e-05	0.0135088	0.031908	0.00507403	0.0295107	0.000108459	4.84642e-06	0.586123	0.0608333	
0.000358462	7.35611e-05	0.0171818	0.0457993	0.00706908	0.00273546	0.000950163	0.150684	0.121092	0.135339	0.129987	0.102693	0.0146217	0.0189413	0.0287428	0.0292696	0.104766	0.080417	0.00927618	3.14292e-06	
0.00375755	0.970464	8.0737e-07	2.60326e-05	0.00190628	0.000556212	4.60318e-13	0.0011193	0.000800709	0.00170837	0.000318508	0.000406786	0.000875283	6.87716e-09	0.00230928	0.0131704	0.000618551	0.00194598	1.33597e-06	1.49942e-05	
0.0589462	0.000203717	0.0206618	0.00336445	0.011478	0.00374564	0.0488013	0.269518	0.00804106	0.0242461	0.0357729	0.122889	0.0299578	0.00415138	1.68001e-06	0.0640383	0.0899266	0.204256	4.59067e-07	1.15216e-09	
0.0644328	0.0870767	0.0580904	0.00035444	0.000311883	6.7067e-06	0.000860543	0.00154159	0.0195324	0.000751173	5.7066e-09	0.123481	0.0223682	0.00198524	0.000224894	0.370977	0.233685	0.0143173	8.22955e-23	3.24451e-06	
0.253189	0.000747333	0.000953628	0.0102463	1.18888e-05	0.0793742	0.00248154	0.0174667	0.000870943	0.000558659	0.00017512	0.0070692	0.379234	0.00563448	8.85627e-07	0.000510416	0.0908959	0.147854	1.25522e-38	0.00272687	
0.00925228	0.0129038	0.00117637	0.000293246	0.092983	0.000363795	0.00131049	0.480276	0.0156209	0.0866314	0.0516308	0.00312697	3.58408e-10	0.00281737	0.000524428	0.00313102	0.0307191	0.185033	5.58504e-19	0.0222053	
0.000309765	5.03243e-10	0.00567635	0.00214742	0.0123175	0.00433957	0.692043	6.37986e-05	1.60432e-05	0.0121306	0.000265928	0.1883	0.00175666	0.0310147	0.0060352	0.00696571	0.00754822	0.000185835	0.00261324	0.0262703	
0.0584582	0.0060668	0.0496977	0.111248	3.52213e-14	0.0124401	0.10053	0.084056	0.119588	0.0361083	1.90957e-05	0.115207	0.0153968	0.093718	3.05679e-05	0.0281072	0.0957404	0.0306101	1.21833e-19	0.0429784	
0.133721	1.15877e-10	0.00954508	3.26108e-07	0.000402052	0.0154295	1.31405e-10	0.0789875	0.0355431	0.000240572	0.0267499	0.0359786	0.071845	0.0261769	0.0172182	0.152782	0.389194	0.00613334	3.43393e-18	5.39262e-05	
0.0607527	2.56379e-05	8.93511e-05	6.42754e-07	0.0464004	0.0427709	0.0546158	0.0660966	0.00554148	0.149597	0.00049744	0.0467598	0.050981	0.0818355	0.0682367	0.210265	0.0881767	0.00969547	3.71771e-06	0.0176586	
2.37232e-05	3.90059e-05	0.000376141	2.1953e-12	0.0149805	1.59033e-09	4.03096e-08	0.0221948	0.0824586	0.000961836	0.0116576	0.0287085	0.0160544	0.00188532	0.0291827	0.197593	0.562554	0.0270546	0.00315797	0.00111746	
0.110471	0.0080587	0.00374611	0.00223516	0.0410916	0.00808066	0.00533767	0.232822	4.92622e-05	0.170949	0.0204697	0.00400886	0.00263716	0.00595227	0.000181851	0.008722	0.0343125	0.340447	0.000118281	0.000308153	
0.03738	0.000363333	4.10276e-07	8.11409e-06	0.0130247	0.00764928	0.00014779	0.188153	0.190247	0.0476879	0.0573773	0.00157957	0.0058612	0.020013	0.15119	0.00828417	0.143872	0.126727	0.000379731	5.56647e-05	
0.138497	2.88626e-15	3.58431e-06	0.0620908	0.0775569	0.0175703	0.0199524	1.15596e-05	0.140748	0.0247967	0.0390031	0.01264	0.00221802	1.91236e-06	0.0714996	0.154959	0.0190284	5.55736e-05	0.219367	2.46887e-08	
0.42319	0.000186038	0.0183762	0.0919586	3.54615e-11	0.0574163	7.65779e-05	0.0251325	0.0519002	0.0382343	0.0079203	0.00152967	0.000370903	0.000419762	0.0242945	0.0414181	0.135385	0.0757962	3.27931e-06	0.00639157	
0.0174695	0.0160255	2.76144e-06	0.00509831	0.000504477	0.0558216	0.0155147	0.0193097	0.000256693	0.00364606	1.81408e-05	0.461229	3.02581e-05	0.00255452	0.000102618	0.384481	0.00747822	0.00235714	2.75738e-05	0.00807206	
0.455978	8.46388e-10	0.00231048	0.000693876	0.00152671	0.000809985	1.78292e-12	0.0243853	0.00917059	0.00190632	0.00842068	0.0139261	0.00978911	2.89791e-05	0.00628673	0.0178589	0.413328	0.0335797	6.3399e-36	1.22158e-07	
0.163184	0.00635035	0.0107639	0.0404602	0.00783974	0.000646767	0.00215987	0.164284	0.000368804	0.0240893	0.0050894	0.0455821	0.129738	0.000342723	2.76076e-05	0.0490622	0.171115	0.178896	7.25067e-23	4.34298e-07	
3.58267e-06	0.0130448	0.00908604	5.83747e-06	0.000768141	0.0200272	1.33365e-07	0.419705	3.57577e-07	0.112243	0.248775	0.00230568	4.07532e-05	3.06053e-05	1.33252e-06	0.00254646	0.00122619	0.16844	2.84487e-05	0.00172108	
0.395124	6.43729e-07	0.00167305	0.105895	5.69542e-05	0.000302434	6.21763e-07	0.00368618	4.04906e-09	0.000357726	7.78272e-11	0.00583306	0.00242068	0.289759	0.0207893	0.0112097	0.0347735	0.112396	0.000250535	0.0154719	
0.16781	0.182619	3.858e-10	0.000147554	0.0442929	0.00983363	6.93971e-06	0.0285015	0.00190472	0.0319134	4.6319e-10	7.89731e-06	0.000163103	0.0139036	0.000965709	0.475744	0.0258556	0.00532495	0.000225162	0.01078	
0.0165262	0.000219463	2.05316e-07	0.00985713	2.30118e-16	0.000418104	0.0111075	0.126339	0.0943142	0.276551	0.210968	0.0052998	0.0166697	0.102562	0.064908	0.000128078	0.0304581	0.0301433	5.17671e-18	0.00352938	
0.0445859	1.17301e-09	0.0373519	0.0207667	2.68987e-07	0.00015637	0.000119556	3.06486e-05	0.0662107	0.150822	0.0112953	0.000814835	0.118918	0.0291456	0.00134304	0.221455	0.225822	0.071162	7.2394e-08	7.82524e-10	
0.0717012	1.142e-08	0.071532	0.00284078	0.00194681	0.224409	5.87051e-05	0.0484334	3.20158e-05	0.0306751	1.03747e-06	0.122032	9.43996e-09	0.000101274	0.00711824	0.345974	0.0432685	0.0298756	3.67895e-42	1.01211e-06	
0.000892003	0.0499418	0.0172932	0.00859726	0.0404708	0.0145506	0.127131	0.0544619	0.0516582	0.196896	0.000378881	1.87734e-07	0.0174238	0.111943	0.145714	0.0201569	0.00108058	0.0812189	3.6921e-15	0.0601902	
0.0572479	0.000304389	0.0499365	0.0888676	6.2866e-05	0.00126309	0.0428079	0.0873174	0.000120102	0.00858844	0.000346632	0.00152395	0.0813559	0.0293984	0.00926719	0.502552	0.023373	0.00816073	0.00303878	0.00446757	
0.000918405	0.00143651	3.80627e-06	0.0217104	0.0629033	0.0202112	0.0845339	0.0956273	0.132188	0.0152784	0.000270027	0.0995026	0.00346179	0.0702547	0.1011	0.138773	0.110323	0.00345993	5.78529e-06	0.0380371	
0.00635708	0.0459976	0.0219255	0.0599474	0.0131451	0.00405389	0.248197	0.0135602	0.000118531	0.0291061	0.00224944	0.024535	0.330183	0.0134447	0.000433626	0.162635	1.72312e-05	0.0240932	2.68515e-23	2.10741e-07	
0.00261894	0.0196071	2.40942e-10	0.00170879	0.000144994	0.0011255	1.18675e-08	0.0667675	0.0645042	0.142323	0.00139327	0.019303	0.304159	0.0541452	1.04067e-07	0.0145193	0.216434	0.000180891	0.0834698	0.00759534	
0.00119527	2.59232e-07	0.00262973	5.18375e-08	0.0834593	1.23267e-05	0.000200125	0.060162	0.00114327	0.270089	0.0101322	5.66493e-08	0.239402	0.0200695	0.00229355	0.190877	0.0904642	0.0276699	0.000176816	2.30162e-05	
0.000769243	1.49305e-09	0.0177352	0.00370584	0.0866717	0.054456	0.0440212	0.00932237	8.443e-06	0.559249	0.100331	0.0287281	0.0142763	0.0516929	2.84695e-05	0.0187781	0.00184393	0.00689614	0.000141864	0.00134479	
0.302802	0.00353614	0.00377685	0.00358814	0.000348597	0.643137	0.00816049	0.000866672	0.00188881	0.00660509	0.000118116	0.000562301	7.44861e-07	0.00437398	0.00145498	0.00755482	0.00924107	0.000986237	3.6013e-12	0.000998302	
0.277774	0.000708867	0.000619374	0.0023771	0.0160645	0.000338762	2.78965e-07	0.0601957	0.00764724	0.014292	6.72124e-06	0.104898	0.0316305	0.00536061	4.63745e-07	0.206924	0.17926	0.0802276	8.85894e-09	0.0116734	
0.000457696	6.59238e-08	0.00976265	0.00903587	0.0371555	0.00679036	0.00163625	0.0280484	0.168495	0.121468	0.0569505	0.000930697	0.0601585	0.0407376	0.183877	0.107841	0.036254	0.126842	8.88699e-06	0.00354916	
0.0556819	1.41254e-09	0.0722796	0.0371216	0.00157494	1.52854e-11	2.08218e-10	0.0327104	7.64867e-05	0.186758	0.0188863	0.0606146	1.17861e-05	0.00267595	0.00044443	0.381724	0.128921	0.0205186	5.43098e-07	1.47564e-07	
0.0655203	0.0802621	0.0855385	0.0617199	0.0674679	0.0428934	0.00203783	0.0577084	3.71086e-06	0.00789928	0.00116862	0.0662276	0.0114041	5.25941e-05	0.0123684	0.298112	0.0282975	0.0257919	4.83586e-19	0.0855264	
0.371449	0.00190315	0.00883268	4.58356e-08	0.000358594	0.0165123	4.94219e-11	0.0738975	0.0170472	0.00279078	8.56863e-08	0.0605547	0.000390961	0.000444395	0.00203735	0.0859149	0.0175187	0.340322	1.19596e-07	2.56876e-05	
0.0240859	0.500714	3.02606e-05	9.25432e-09	0.0897972	0.00260298	0.00479894	1.17658e-06	0.0111597	0.00219988	5.25705e-07	0.00114531	1.44797e-06	0.00486783	0.000341524	0.117359	0.00270101	0.0101015	0.0480354	0.180056	
0.0116908	0.125723	0.0045716	0.016424	0.0591316	0.031404	0.0861175	0.0268709	0.0290847	0.0260007	0.000992119	0.114122	0.00276031	0.0256697	0.0637196	0.13236	0.0157706	0.0225479	0.0127577	0.192281	
0.314621	6.31739e-07	0.0382485	0.000889989	0.00555432	0.00525471	0.0332505	0.0339734	0.000652233	0.0090783	0.00227239	0.0327959	6.39785e-07	0.0795249	0.0017182	0.0701011	0.258371	0.113617	2.40957e-10	7.4768e-05	
0.143317	0.000127931	0.00721009	1.21437e-06	0.0153787	2.08517e-05	4.34678e-08	0.023105	0.0681283	0.00166509	1.90276e-09	0.00539465	0.332265	0.0143813	2.63504e-06	0.187583	0.195519	0.0057391	1.9604e-11	0.000161848	
0.0104381	8.23518e-08	6.05445e-05	0.000277004	0.00145535	0.0336253	0.285777	0.000132867	0.00394099	0.00272984	0.000557341	0.000197888	0.0548058	4.97948e-05	0.0221452	0.320964	0.243158	0.0100935	2.26269e-09	0.00959187	
6.86302e-05	0.00360652	5.10098e-07	1.67944e-06	0.000885707	0.00741551	0.0617174	0.00904992	0.225632	0.000773368	0.0172676	0.41069	0.00285771	0.0540782	0.0907406	0.0673519	0.04045	0.00294228	0.00447019	8.42087e-08	
0.633377	0.0072517	0.00136084	0.0665688	0.00347032	0.0497354	2.50518e-08	0.0110675	0.000186206	0.000719031	1.79354e-10	4.3824e-05	0.00107336	0.0459015	0.00035043	0.0479122	0.0820438	0.0489378	2.47256e-10	1.01806e-08	
2.47753e-06	0.165509	0.000464324	0.0148018	0.00211461	0.0171161	0.250194	0.00191477	0.0335777	7.30452e-05	4.36247e-18	0.0753248	0.00197523	0.00992784	0.328207	0.0111231	0.00230704	0.0130035	1.93471e-16	0.0723639	
0.15926	0.00103516	0.00653166	6.4577e-11	2.49488e-05	0.0187613	0.00491281	0.139075	0.0143365	0.020121	0.153485	0.0090511	0.0170265	0.00534957	0.0141946	0.038098	0.14618	0.240586	1.74885e-07	0.0119701	
0.0178066	0.000382933	0.0123081	0.000545083	0.0260381	0.00519769	0.183117	0.0378764	0.000251917	0.0137002	1.59776e-05	0.351403	0.00181729	0.000405923	0.0036044	0.282189	0.0496797	0.0136595	1.10095e-23	4.56147e-07	
0.0220507	0.0389507	0.262311	0.0665962	3.02601e-05	0.428379	0.000330333	0.0077682	1.36122e-09	0.000961888	0.000157127	0.0161002	7.73208e-07	0.000803125	0.000569347	0.144759	0.000122755	0.00287043	0.000715066	0.00652379	
0.00490856	0.00288311	0.000113786	0.0219253	0.289827	0.00825104	0.11218	0.0309235	7.61805e-06	0.205571	0.00767281	0.00238918	0.00585099	0.0295005	1.01329e-08	0.0341885	1.13132e-06	0.027439	0.0283419	0.188024	
0.0495524	4.01649e-13	0.00257239	0.00746525	0.0609189	0.0147732	0.0090388	0.000709395	0.263162	0.00600305	0.0276701	0.032221	0.07244	0.157927	0.0693925	0.00127286	0.129806	0.0950743	1.55275e-11	3.94708e-07	
0.532694	0.00249124	0.00229577	0.000235511	1.85787e-07	0.150109	0.00765956	0.0451338	9.87202e-05	0.0334215	0.00113282	0.000222699	6.29084e-05	0.00169362	0.00689352	0.00576847	0.118605	0.0913864	8.93242e-05	6.18193e-06	
0.00302523	0.000239887	3.76511e-05	5.50941e-05	0.00580721	3.51681e-06	0.000403125	0.311625	0.00103875	0.423898	0.202308	0.0144478	1.68611e-05	0.0029802	5.6219e-05	0.00954411	0.00630834	0.0176622	0.00024731	0.000294854	
5.1548e-06	0.000519846	0.0933351	0.0125295	0.0194899	1.77544e-05	0.0283104	0.032671	0.0144097	0.00113809	0.00016621	0.0361602	0.0257759	0.0481815	0.00415498	0.0424135	0.31883	0.291098	0.000940142	0.0298535	
0.051342	0.0162523	0.00831618	0.0356473	0.00294142	0.000141928	0.0117771	0.00996531	0.0315091	0.00445811	1.18632e-05	0.00341397	1.43286e-06	0.000259418	0.00120097	0.729047	0.0798107	0.0134971	6.95182e-21	0.000407043	
