CATSBDP
1	-1	20112
1
1.8
0	0
0	0
../../data/clustal34_ag_lt0.26_no_cecin_escha.phy
4
0
Universal

0
0
0
0
10	0
0
(((((Cerop_ma:0.117794769264121,Irae_his:0.100880001775644):0.00457564252026833,(Prot_spe:0.0995170862681703,((((Andr_qln:0.105875681505203,Beloc_tr:0.0390930667670722):0.00566128242405708,Bior_pal:0.0708796254035227):0.0176526503368746,((Andr_qrm:0.0321152454730984,Andr_cur:0.0388428957407952):0.00914701507274184,Andr_gro:0.085982982373365):0.00445045454519153):0.0369378129290067,Calli_sp:0.138306770894795):0.0232026315643127):0.0140860223270786):0.00662658648580571,(Peric_JH:0.0763117674968799,Diast_ki:0.0590293710677438):0.0686275752744328):0.013604903929786,(Qwaq_sco:0.141417528200541,(Syne_ito:0.0348038542207532,((Syne_umb:0.0164742478586241,Syne_jap:0.0165264354941024):0.0322371928982123,Syne_gif:0.0320993481799045):0.0110609841832795):0.127039670174147):0.0039999636331124):0.00767332266775653,((((Callas_no:0.182554480686476,(Gana_sp1:0.215029564164766,(Lepto_bo:0.112747849541895,(Lepto_cl:0.0804317193508198,Lepto_he:0.120226261081258):0.0392694655995494):0.167580070804076):0.206440022003867):0.0103071222842209,(Allox_ar:0.191776749089442,Phaen_vi:0.124652024674673):0.0452234470309287):0.0198823040944658,Parn_nig:0.128346720086225):0.0347626624842242,((Nasoniav:1.29129616128077,(Micropld:1.59581071601785,Orussusa:0.86672327305229):0.226442110301038):0.765785094051332,(Dipl_spi:0.215707134825326,Pedia_ac:0.18000498342357):0.0282527024549886):0.0298245696280723):0.0898242309334623,(Phana_JH:0.142217933353413,(((Isoc_cen:0.0564899601525034,Aula_tav:0.0409062465196982):0.0163507915530973,Hedic_le:0.0672354867321364):0.00451493518079408,Aylax_hy:0.0480871733168886):0.072806566253969):0.0117930823614387);
(((((Cerop_ma:0.117794769264121,Irae_his:0.100880001775644):0.00457564252026833,(Prot_spe:0.0995170862681703,((((Andr_qln:0.105875681505203,Beloc_tr:0.0390930667670722):0.00566128242405708,Bior_pal:0.0708796254035227):0.0176526503368746,((Andr_qrm:0.0321152454730984,Andr_cur:0.0388428957407952):0.00914701507274184,Andr_gro:0.085982982373365):0.00445045454519153):0.0369378129290067,Calli_sp:0.138306770894795):0.0232026315643127):0.0140860223270786):0.00662658648580571,(Peric_JH:0.0763117674968799,Diast_ki:0.0590293710677438):0.0686275752744328):0.013604903929786,(Qwaq_sco:0.141417528200541,(Syne_ito:0.0348038542207532,((Syne_umb:0.0164742478586241,Syne_jap:0.0165264354941024):0.0322371928982123,Syne_gif:0.0320993481799045):0.0110609841832795):0.127039670174147):0.0039999636331124):0.00767332266775653,((((Callas_no:0.182554480686476,(Gana_sp1:0.215029564164766,(Lepto_bo:0.112747849541895,(Lepto_cl:0.0804317193508198,Lepto_he:0.120226261081258):0.0392694655995494):0.167580070804076):0.206440022003867):0.0103071222842209,(Allox_ar:0.191776749089442,Phaen_vi:0.124652024674673):0.0452234470309287):0.0198823040944658,Parn_nig:0.128346720086225):0.0347626624842242,((Nasoniav:1.29129616128077,(Micropld:1.59581071601785,Orussusa:0.86672327305229):0.226442110301038):0.765785094051332,(Dipl_spi:0.215707134825326,Pedia_ac:0.18000498342357):0.0282527024549886):0.0298245696280723):0.0898242309334623,(Phana_JH:0.142217933353413,(((Isoc_cen:0.0564899601525034,Aula_tav:0.0409062465196982):0.0163507915530973,Hedic_le:0.0672354867321364):0.00451493518079408,Aylax_hy:0.0480871733168886):0.072806566253969):0.0117930823614387);
1
7.60392
0.564722
5000
30.159
0.329456	0.138362	0.194797	0.182311	0.181313	0.223487	0.192918	0.340126	0.2246	0.308448	0.178201	0.261825	0.199243	0.295819	0.253491	0.48992	0.333338	0.324648	0.0644233	0.132761	

0.014971	0.00396853	0.000323948	1.84719e-05	1.81277e-09	2.1297e-07	1.28505e-06	0.0287601	0.000388464	0.00130719	0.0125082	0.0115469	0.00168521	0.00183996	0.0029053	0.0671622	0.852613	2.22584e-08	1.70218e-11	3.55687e-09	
0.00042383	0.000820659	2.19984e-06	0.00317181	5.18909e-07	0.000290163	0.00101584	0.00222386	0.307933	0.000522026	0.000601178	7.63085e-06	0.000671461	0.0149712	0.660586	0.00342552	0.00116748	0.00018964	3.11511e-06	0.00197302	
0.00173422	3.39094e-13	0.00198338	6.5625e-09	0.00048762	0.00154238	0.00118921	0.00584237	0.867977	0.000303345	0.00244355	0.010394	0.00101869	0.00515123	0.0890926	0.00198347	0.00572867	0.00240813	4.86474e-14	0.000720105	
0.00886905	0.00304841	0.00996198	0.0628079	0.00117147	0.00861065	0.0090085	0.00687482	0.586356	0.0064435	0.00940222	0.0634037	0.00199688	0.0745567	0.10128	0.0197484	0.0214064	0.00491306	1.46204e-08	0.000139542	
0.0317249	0.00135807	0.215438	0.476057	0.0020482	0.0357586	0.0072472	0.00733825	0.0451723	0.0106447	0.00231787	0.0393239	0.00715854	0.0483249	0.00560904	0.0257882	0.0143688	0.016322	0.00151248	0.00648625	
0.00405733	0.00244326	0.00212985	9.26434e-05	0.0380636	0.000788013	0.00132777	0.357339	0.00174044	0.307684	0.0547538	0.000599305	0.000170545	0.000684188	0.00560457	9.00473e-05	0.00994496	0.20908	0.00339649	1.04398e-05	
2.81394e-05	2.64154e-14	0.000103418	0.000393503	0.965818	5.84665e-09	3.51514e-07	0.00278448	6.64969e-05	0.00393876	5.94186e-06	0.00138854	5.73102e-05	0.00070993	4.07794e-05	0.00212421	2.42755e-06	0.0019649	0.000623668	0.0199487	
5.09913e-06	0.00182384	0.000134173	0.000257062	0.0288748	3.33179e-08	3.94447e-05	0.0830208	0.000322443	0.773892	0.0352956	0.000359085	0.00153689	8.36826e-06	0.000691317	0.00298068	0.00522522	0.0588527	1.32846e-10	0.00668068	
0.00347766	0.000213029	0.598529	0.338233	0.000950682	0.00525119	0.00173691	0.000851458	0.0027734	0.00238145	0.00180991	0.0119861	0.00651853	0.00528144	0.0029295	0.0115976	6.20543e-07	0.00207035	4.77811e-20	0.00340792	
0.000932299	2.85276e-11	5.00053e-05	4.96812e-12	0.00818138	0.00044603	0.000468643	0.0232844	0.000452513	0.950057	0.00471165	0.00106625	5.57342e-06	4.09719e-05	0.00177126	0.00197817	0.000203854	0.00629749	5.23838e-05	6.5207e-08	
0.00488632	0.0117689	8.55054e-05	0.00205981	0.0726592	8.58498e-05	0.00148803	0.48632	0.0116113	0.104912	0.0456449	0.00260469	0.00335343	0.000331329	0.00433759	9.91506e-05	0.0309287	0.198238	2.49549e-09	0.0185854	
0.0348496	0.0141094	0.0010496	1.61178e-05	0.00214296	6.98521e-07	0.00436327	0.0900196	0.000683021	0.126941	0.0869532	0.00785984	0.000250372	3.05175e-11	0.00148234	0.00410478	0.00425629	0.620909	1.87378e-15	8.67399e-06	
0.0842546	0.0240146	0.0248507	0.0350974	6.53172e-05	0.571912	0.00195544	0.000822016	0.00124073	0.00120665	0.00344581	0.0263964	0.00488981	0.000690129	0.0133699	0.16392	0.0207525	0.0211156	7.42836e-12	6.79982e-09	
0.0112592	1.08214e-08	0.000668438	0.0182109	2.25855e-06	0.0109014	0.00171417	0.0283272	0.0133102	0.000258042	0.000448466	0.148454	0.0721136	0.000200159	0.0261775	0.560766	0.0965856	0.00922264	2.95563e-12	0.00138014	
0.167795	3.81384e-09	0.117697	0.0453768	2.97418e-05	0.0621305	0.0165044	0.096112	0.0364529	0.00873822	0.00570214	0.108937	0.00806522	0.00503021	0.00323121	0.0874948	0.0622322	0.168316	3.45539e-16	0.000153324	
0.0417374	8.39522e-08	0.0262521	0.00480237	5.45246e-09	0.0157687	1.51042e-09	0.0260237	0.00270378	2.37207e-05	2.49951e-06	0.482102	0.000719573	0.00530894	0.000132544	0.196216	0.191246	0.00695176	1.17166e-11	9.2033e-06	
0.000151341	0.00432992	1.28863e-06	0.00173139	0.0100057	0.00154521	0.000431659	0.00358215	0.00267021	0.00635238	2.86082e-11	0.000153461	0.00332569	0.000841343	0.000806077	0.00121896	0.000542238	0.00172881	0.950242	0.0103402	
0.0238047	0.000563365	0.00197523	0.00335482	0.00118498	0.00308084	0.00475724	0.00668292	0.000250002	0.0228669	0.000942705	0.00173885	0.823955	0.0146817	0.00409858	0.06808	0.0154845	0.00249644	1.32835e-06	6.91012e-12	
0.0883598	0.232865	0.0124906	0.000820826	0.0532886	0.0461442	0.00331329	0.0447394	3.46119e-05	0.032806	4.50437e-08	0.0220914	0.0152669	0.00200986	5.18183e-11	0.250887	0.0248303	0.0548571	1.87949e-10	0.115195	
0.00359242	2.21991e-05	0.000565165	0.00084942	4.29758e-07	0.000434178	0.942862	4.09457e-06	0.00137502	0.000151685	8.51968e-13	0.00607656	0.00122344	0.0223551	0.000640231	0.00129648	0.00200936	0.000929669	1.06779e-05	0.015602	
0.0929254	0.0155922	0.0311077	0.0314309	0.0281329	0.0142366	0.0119106	0.0113503	0.0414924	0.0996147	0.00644783	0.0429026	0.0853024	0.0226469	0.0115795	0.324012	0.104328	0.0173415	0.000279271	0.00736663	
0.00288284	0.955407	1.23232e-05	0.000676681	0.00269626	0.00371821	2.23225e-05	0.00219281	0.000964653	0.00458109	5.68688e-06	0.000740916	0.00184605	3.21754e-08	0.00240486	0.0146126	0.0016416	0.00336011	3.27176e-25	0.00223423	
0.383562	0.00160606	0.00172682	0.00442861	0.00778572	0.0198209	9.97096e-06	0.0626507	0.0100286	0.0154189	0.00952325	0.00374285	7.76411e-05	0.00148022	0.00253745	0.0283409	0.0200512	0.427073	5.44513e-10	0.000134928	
0.00226836	2.24305e-05	0.0493718	4.34e-06	0.00478367	0.00026899	0.062579	0.0109303	0.0628864	0.0126638	0.00131399	0.600703	0.000746444	0.00940318	0.00895781	0.113225	0.0229377	0.0115083	5.07328e-07	0.0254256	
0.0167017	0.000476592	0.0114442	0.0252481	0.0015823	0.847183	0.00307186	0.00471046	0.0124818	0.00418551	0.00225999	0.0113889	5.41972e-05	0.00194107	0.0207448	0.0210231	0.00490314	0.0081887	0.000566901	0.00184353	
0.000793075	1.86118e-07	0.96795	0.00657091	0.000964608	0.00120579	1.51861e-06	0.000950319	0.000367465	0.00162201	3.36711e-05	0.0180179	0.000146643	0.000727315	3.92848e-05	0.000327532	0.000218197	2.49417e-05	6.24561e-08	3.8252e-05	
0.00680017	0.0140845	0.00106345	0.000611498	0.000512121	9.00098e-06	0.0789333	0.00308964	0.207245	0.0010734	0.00751672	0.382153	0.000403912	0.0249152	0.0865489	0.0787018	0.0800992	0.00977165	6.19178e-15	0.0164674	
0.763211	0.00483879	0.00259607	3.44591e-05	1.30395e-05	0.00435951	0.00149891	2.97707e-07	2.20958e-05	9.83211e-05	0.00246009	7.16801e-10	0.0135518	0.00254155	3.20481e-06	0.0364938	0.0518539	0.116061	0.000361446	7.87638e-10	
0.0107201	0.0122467	0.00691817	0.0543649	0.0100559	0.0316674	0.0506078	0.0232706	0.135396	0.0540967	0.01511	0.0296196	0.0371023	0.239524	0.170492	0.0575397	0.0421958	0.00937548	0.00510156	0.00459498	
0.000175944	0.00217521	1.64046e-11	0.000683676	5.46717e-06	0.0004205	3.16088e-09	0.679802	0.000350789	0.0186479	0.0049394	4.41559e-06	4.03989e-05	0.00145004	8.91657e-05	0.000998746	0.00741226	0.282804	1.81266e-08	8.6823e-11	
0.0803759	0.00689954	0.00852436	0.0187725	0.00799632	0.00322968	0.00295602	0.128666	0.00913197	0.00903199	0.0198919	0.0431518	0.0121329	0.012273	0.0086641	0.109983	0.482986	0.0353335	3.44169e-09	2.96889e-08	
0.0338111	9.65162e-05	0.0113734	0.0153774	2.80253e-05	0.00850616	0.0689246	0.0068885	0.00699015	0.0236637	0.0105166	0.00505007	0.101881	0.641513	0.0133397	0.0193988	0.0201522	0.0123618	0.000127306	4.56117e-14	
0.0122129	1.38193e-09	2.86251e-05	0.00181458	0.00962273	0.000337914	0.00032004	0.264143	0.000265666	0.369421	0.274493	0.00422863	0.00122174	0.0022572	0.00195002	0.00687282	5.32402e-06	0.0507867	1.46881e-05	3.46371e-06	
0.0331127	1.11612e-05	0.00084754	1.95731e-08	0.0100715	0.00259624	0.00487198	0.404599	0.0019346	0.0955899	0.00933107	0.00443752	0.0009739	0.00336372	8.25698e-06	0.00888063	0.00596065	0.410275	0.00121727	0.00191766	
0.00611434	0.00191623	0.00115462	0.00020003	0.000638531	0.000303009	0.00106668	0.0337222	0.00427441	0.039263	0.889172	0.000145168	0.00152954	2.70607e-05	0.00143691	0.00438668	0.00929269	0.0050554	1.90422e-05	0.000282146	
0.125913	0.00501805	3.74252e-06	0.000627903	0.0391971	0.00895122	0.000841553	0.171099	3.35156e-08	0.256298	0.0220922	0.000120926	9.95751e-07	0.00136038	0.00189083	0.0110716	0.0316153	0.32363	0.00018976	7.74301e-05	
0.000713568	9.45846e-08	0.00297187	0.00175646	2.95575e-09	0.000388395	0.00634915	0.00425607	0.000450434	8.98741e-08	0.00016288	0.975364	3.45158e-08	4.12e-07	0.00012725	0.00594507	0.000198816	0.000122094	5.58891e-05	0.0011371	
0.00697284	0.0325286	0.00573013	7.38545e-06	0.0575168	0.00168292	0.135454	0.0159	0.0891323	0.116702	0.00403049	0.000237259	0.0502501	0.141453	0.197204	0.0600628	0.00307995	0.0362097	0.0043325	0.0415134	
0.00326116	0.0168151	3.70344e-07	9.38489e-06	0.760519	0.00285139	4.53756e-05	0.0247879	0.0104312	0.143613	0.000503645	4.7761e-05	0.00301863	1.73288e-05	6.54877e-06	0.0133188	0.000359108	0.00223472	3.94843e-09	0.0181592	
0.00716519	0.00014972	0.000381633	0.00014884	0.000153608	0.00125773	0.000548818	4.0301e-05	0.00569468	0.000128919	3.91181e-05	0.000195343	0.972807	4.66477e-08	0.00264891	0.00562374	0.000223298	0.00245457	5.32672e-06	0.000333136	
0.0436209	0.000261344	0.00284613	0.00921178	0.000206175	0.00800524	2.05277e-09	0.343282	0.0043147	0.111618	0.0858466	0.0378464	0.0124422	0.0042662	0.00599056	0.0257633	0.124655	0.179815	3.37313e-10	7.96129e-06	
0.0933707	0.0231278	0.0141798	0.00520096	0.00668548	0.00436725	0.0116085	0.0273548	0.00116731	0.00935031	5.49944e-05	0.0656989	0.0215883	0.00328025	0.00491689	0.412092	0.285143	0.0102018	5.25613e-07	0.000610892	
0.000881997	0.0104613	8.69624e-05	0.0101121	0.000385048	0.0370288	0.0259714	0.00905898	0.000790479	0.000210805	0.00274389	0.625475	1.47048e-05	0.0031466	0.000127241	0.258372	0.0139037	0.00122815	2.16792e-18	1.25704e-07	
0.000998758	0.000347022	6.67404e-06	0.000608578	0.0169181	0.00201359	7.61385e-06	0.751048	0.00569577	0.0828853	0.0458642	0.00448147	4.06181e-06	0.000421856	1.51145e-05	4.49571e-05	0.00118943	0.0869307	1.05741e-10	0.000518297	
0.0283757	0.0236408	0.0326071	0.0194396	0.00669293	0.0601534	0.0176001	0.0327781	0.0583244	0.0133314	0.00466278	0.253989	0.0066895	0.011935	0.0373799	0.284805	0.0839463	0.0157812	1.28898e-17	0.00786748	
0.0116548	8.20443e-10	0.111068	0.392274	1.11505e-05	0.029935	0.00350631	0.00519415	0.193294	0.0170756	0.00201263	0.0805308	6.60493e-06	0.0848844	0.0419946	0.00606191	0.00597469	0.0142059	2.10926e-17	0.000315168	
0.00902348	5.25478e-05	0.634173	0.139761	0.000172383	0.0232776	0.012459	5.40752e-05	0.00808255	0.000711339	1.96845e-07	0.139237	0.00174091	0.00457895	0.00287645	0.0111263	0.00460927	0.00495473	7.89947e-20	0.00310895	
0.000135059	0.00620677	0.00156791	1.27844e-05	0.0257831	0.000366048	0.004013	0.00270322	0.00239144	0.00061978	6.76297e-07	0.000842399	0.00100132	0.000567563	0.00107927	0.000185227	0.000926101	0.00221249	0.000772726	0.948613	
0.0500001	0.000575912	0.0475307	0.531845	0.000361653	0.0420697	7.41886e-05	0.0123079	0.124721	0.00896621	0.00736824	0.00400585	3.69681e-09	0.0758962	0.00691093	0.0113805	0.0171645	0.0554317	7.13795e-21	0.00338954	
0.388895	0.0044101	0.00408608	2.80758e-05	0.015096	0.0321743	0.00599899	0.0416102	0.0031969	0.0229419	4.99225e-08	0.0339908	0.0345905	0.0126055	0.00909543	0.114449	0.146368	0.120762	0.000449878	0.00925023	
0.0379741	0.00378513	0.0529064	0.137973	0.00511678	0.0378923	0.105767	0.0446021	0.0882223	0.0458977	9.17172e-05	0.112349	0.0114422	0.165565	0.00102264	0.0344444	0.0658874	0.0228668	1.00999e-17	0.0261953	
0.00237568	1.98524e-08	0.000826594	4.33063e-13	0.0164427	0.00768377	0.682282	0.00515218	0.00113228	0.0128091	0.00149075	0.106477	0.00714049	0.0334289	0.021992	0.0108872	0.00712553	0.00532887	0.00296037	0.0744646	
0.00214306	0.00105005	0.00170098	1.0695e-05	4.72338e-09	0.00141285	0.000756551	9.21896e-08	0.0081913	4.22822e-06	0.000516234	1.15823e-06	1.51194e-05	0.00181339	0.975378	0.0046186	0.00102219	0.000260922	0.00110398	1.2131e-07	
0.0419724	0.00241483	0.0307659	0.353325	0.00120052	0.00928124	0.0122322	0.00461663	0.193585	0.00208698	0.00122717	0.00264135	0.0550946	0.179575	0.0361971	0.0390631	0.0256355	0.00906286	4.93077e-07	2.18328e-05	
0.00904623	0.00520945	0.00121481	0.000590018	0.328132	0.00735663	0.000940354	0.132796	0.000834798	0.316991	0.0430264	0.00432418	0.000342036	4.46492e-07	0.00526502	0.0214341	0.00624708	0.0821965	0.00447579	0.0295761	
0.00584769	0.000732588	0.132578	0.796582	0.000718245	0.00903395	0.000439401	0.000458673	0.0135156	0.00200104	2.02304e-05	0.000739883	4.3772e-06	0.0256183	0.00262731	0.00030597	0.00170037	0.00707656	3.2233e-07	5.75673e-18	
0.00941942	0.00804187	0.00408018	0.00935866	0.0615727	0.00193625	0.0212426	0.0810441	0.017332	0.558929	0.0376782	0.0037881	0.0154663	0.0253626	0.0156126	0.0495274	0.00902162	0.0634283	0.00432304	0.00283505	
0.86055	0.00108971	2.57239e-05	0.0045245	0.00116835	0.027001	8.51766e-05	0.00173394	0.00097081	0.00341758	0.000213826	0.000367298	0.000312808	3.26448e-06	0.000317152	0.0535609	0.0269657	0.0168657	0.000620414	0.000206539	
0.00190165	1.72872e-05	0.000879202	0.983255	0.00157598	0.000274131	0.000112918	0.000410046	7.54756e-07	0.000498208	0.00219404	0.00164591	1.11577e-05	0.00160934	0.000330986	0.00201869	0.000141537	0.0031212	1.19066e-08	1.71992e-06	
0.0673686	0.00333037	0.0261186	0.0484017	0.00474081	0.0185672	0.0112156	0.00404111	0.0290366	0.0545744	0.00427029	0.014724	0.400919	0.0633737	0.030607	0.15461	0.0425941	0.0158365	0.0018041	0.00386608	
0.000513061	0.000273095	0.00181147	0.000380282	0.0273224	0.0029821	3.98876e-07	0.0291847	0.000936745	0.827404	0.0866607	2.00814e-07	3.07384e-05	0.00921633	0.00183225	0.00616776	0.00287462	0.00176288	1.55354e-10	0.000646465	
0.116787	5.13922e-07	0.0111888	0.0294025	3.88111e-07	0.00574699	0.00148486	0.0397024	0.0941294	0.024029	0.0403811	0.0827079	0.00657667	0.0221759	0.0278262	0.174965	0.273213	0.048805	0.000877582	2.67707e-12	
0.110637	0.0324826	0.00512742	0.0105137	0.0396712	0.0179968	0.00335552	0.00113625	0.0157019	0.0403564	1.49587e-05	0.0157828	1.04052e-05	0.0133427	0.00691278	0.56692	0.080386	0.0153241	0.00583412	0.0184939	
0.0103086	0.00341102	0.00104624	0.00171237	5.29664e-08	0.956874	0.000181133	0.00099105	0.000831326	8.79837e-08	4.86245e-05	0.00580591	0.00089329	0.00160093	5.1029e-12	0.0140526	0.000804231	0.000663513	6.51189e-06	0.000768073	
0.0168836	0.0209574	2.87276e-05	0.00156403	0.00134502	0.00939857	1.54157e-07	0.000600736	0.00107789	0.00114438	2.82647e-05	0.00455881	1.15874e-09	4.07148e-05	9.4175e-06	0.90623	0.0359679	0.000162633	2.60367e-26	1.79561e-06	
6.67755e-05	0.00158289	0.0049075	0.0818576	1.90633e-05	0.00277647	0.0355129	0.00512052	0.0418904	0.029085	0.000170816	0.0133387	0.00972324	0.720314	0.0310651	0.0103913	0.00219413	0.00284879	2.29614e-09	0.00713502	
0.125986	0.000445554	1.66939e-07	0.010212	5.45022e-05	0.0368928	0.00626752	0.00911673	0.0299781	0.000169168	9.06247e-10	0.020842	0.0958401	0.0331141	2.36042e-10	0.253938	0.323646	0.0472067	6.39177e-07	0.00629047	
0.0138255	1.26725e-05	8.53383e-11	0.00119212	0.00300955	0.00297239	2.5263e-09	0.179636	0.00123669	0.0147292	0.00818263	2.5498e-06	0.00104814	2.96048e-06	2.77873e-05	0.000114329	0.00807634	0.76431	7.90499e-13	0.00162125	
0.00473867	0.134822	0.0152893	0.00797321	0.0800177	0.0352495	0.081929	0.0348616	0.0233648	0.0326281	3.29042e-13	0.0821333	0.000162249	0.0148948	0.0723808	0.182175	0.0475347	0.00365823	0.0162942	0.129892	
0.157599	0.0022742	7.23427e-07	0.000187347	1.70882e-11	0.00473817	0.00469242	5.20198e-06	0.000102021	0.00595196	0.00767418	0.00419206	0.545969	0.0376461	0.00296208	0.132948	0.0770423	0.0157798	7.73578e-05	0.000157471	
0.00466135	0.00984443	1.23154e-11	0.008121	0.00258796	0.0119549	0.0468002	1.97514e-09	0.0576132	0.0172018	0.00120514	0.0082784	0.000783356	0.0395761	0.769786	0.0110347	0.00105871	0.00464234	0.000319049	0.0045312	
0.00452504	4.07727e-05	0.0326013	1.00711e-13	0.0158273	0.00218601	0.00880321	0.248332	0.0256951	0.0335603	0.114509	0.172212	3.50413e-06	0.0207128	0.0162711	0.0542325	0.113766	0.12079	0.00360883	0.0123231	
0.00320041	0.00894792	0.100215	0.0228366	0.00290624	0.0272107	0.0224328	0.0184496	0.130268	0.00434293	0.00112093	0.462883	0.00417938	0.0180427	0.0172207	0.111158	0.0359379	0.000282505	8.07281e-11	0.00836529	
0.0774645	3.10862e-08	0.0949317	0.177101	0.042763	0.0423882	0.000337167	0.0746288	0.0442216	0.0963584	0.0131067	0.0367969	0.0215945	0.0468277	1.90453e-06	0.0546872	0.0598463	0.116944	6.25542e-15	3.17722e-09	
1.09291e-05	0.0227205	0.00896255	0.00101576	0.0202178	0.00214277	0.443117	0.000769377	0.0079018	0.00834274	7.25486e-09	0.0150984	0.00261852	0.0220298	0.0189255	0.00972216	4.14227e-07	0.00101492	6.36081e-05	0.415326	
0.000211203	0.00291384	0.000423953	0.000822909	0.745623	0.00211159	0.00611951	0.0213758	0.00382602	0.0645887	0.0060817	0.000304757	1.87031e-08	0.0010202	4.01153e-07	0.00176393	0.00133812	0.0122636	3.64271e-11	0.129211	
0.0496168	0.00472468	0.026499	0.0560365	0.0123968	0.0140084	3.40097e-10	0.272628	0.0136349	0.056879	0.0205521	0.0157619	0.0121893	0.00724372	0.012612	0.0137442	0.0460386	0.361861	1.12476e-11	0.00357229	
0.00136528	0.0115039	9.90194e-05	9.54164e-05	0.172405	0.000321402	0.0293988	6.55221e-07	0.000306881	0.00657668	0.00129498	0.0047339	6.55184e-06	5.30372e-05	0.00365524	0.00699728	1.23798e-06	0.00153873	0.0061441	0.753502	
0.0123289	0.00234757	0.000349604	0.00810528	8.10046e-14	2.69577e-06	0.0192093	0.18195	0.074223	0.176451	0.24555	0.00739089	0.0273406	0.0733233	0.0355739	0.000845134	0.0254427	0.100706	0.00238475	0.00647526	
0.000117904	1.51725e-16	0.303653	0.0217728	0.00174871	0.0113269	0.0240958	1.43222e-06	0.0157331	0.00107427	0.000163593	0.482797	0.000108431	0.00463827	7.05812e-06	0.108222	0.0219813	6.04039e-07	0.00255615	7.87718e-07	
0.0021414	1.06747e-05	1.62967e-08	2.82375e-18	0.0018743	0.00188034	0.0466618	0.00283174	0.0110187	0.0093393	1.02709e-09	2.39455e-05	0.000451815	0.909912	0.00673272	0.00184248	0.00378582	0.00124214	0.000250826	4.58913e-14	
0.00842788	2.1199e-06	0.000527758	0.0204038	0.00762801	0.0014761	0.00183115	0.0175657	0.725682	0.0257954	0.000659942	0.000232004	0.00601304	0.048825	0.0793076	0.000643661	0.0526871	0.000271694	7.20419e-19	0.00201963	
0.00729955	2.15129e-11	1.9911e-05	0.0575658	0.0132274	0.00136219	0.486808	0.0216934	0.00477098	0.00169711	0.000981918	0.0432769	0.00318036	0.0970764	0.119884	0.00209199	0.0138029	0.00220565	0.0444595	0.078596	
0.0488377	5.33437e-06	0.00148697	0.0158791	0.382744	0.0123831	0.0429007	0.00206537	0.00122977	0.0338142	2.70827e-10	5.64701e-05	0.0439526	0.00975694	0.00344079	0.131235	0.0270478	0.00210167	1.63009e-08	0.241062	
0.0970757	0.0131709	0.00037555	4.52597e-07	0.0103939	0.000173155	1.39976e-06	0.292237	3.74551e-08	0.0133694	0.00057304	0.00745736	0.00671638	0.000412207	0.000261174	0.044746	0.111261	0.399262	0.00114849	0.00136451	
0.00692378	0.0329253	0.0252839	0.000824622	0.248888	0.000821403	0.003222	0.0561178	2.2546e-06	0.167302	0.0420067	0.040561	0.00929294	0.00930265	0.0106303	0.188476	0.0615107	0.0436553	3.11317e-05	0.0522213	
0.0912578	0.0116954	0.00569416	0.00933533	0.00542614	0.0279281	0.000144892	0.0376345	0.0105031	0.116562	0.0588981	0.0598563	0.00135884	0.0070686	0.00688535	0.34648	0.187668	0.00785365	0.00600651	0.0017429	
0.02208	0.0021954	0.00182242	2.69823e-05	0.0197643	0.0372137	0.153681	0.0376841	0.159067	0.0269252	0.00600964	0.0256516	0.000339409	0.0977378	0.192543	0.0690086	0.00874596	0.0097049	6.55565e-05	0.129733	
0.367402	9.19276e-11	9.92564e-08	0.00127952	0.0003572	7.39239e-06	5.70629e-10	0.0112361	0.000881179	0.0139877	0.00215773	0.00834457	0.0156944	0.000258366	1.68575e-06	0.027036	0.519775	0.0295583	1.07936e-20	0.00202271	
0.00404547	0.00167618	7.59027e-07	0.00241282	3.05617e-07	0.0186057	3.70608e-06	0.0179333	0.494091	0.0158912	4.61626e-06	0.1236	0.0156929	6.81285e-05	0.251039	0.0249685	0.0282155	0.00172595	2.02475e-15	2.45744e-05	
0.0187114	0.000353744	0.0571725	0.107393	0.0033843	0.0226351	0.0179232	0.00764229	0.265739	0.00755095	0.00338479	0.167143	0.0233316	0.0629923	0.059018	0.0832732	0.0740372	0.0130434	0.000893003	0.00437683	
0.00760835	0.00196071	7.78605e-06	6.21845e-06	0.117951	1.49474e-10	9.79728e-08	0.0187161	4.64484e-06	0.783226	0.0216652	0.000228315	0.00270313	0.00520807	4.78239e-06	0.0147633	0.000538707	0.00825678	0.0112536	0.00589742	
0.069372	0.0143992	0.00411659	0.0153272	0.0705273	0.014444	0.0116689	0.158501	0.0445356	0.123106	0.0579903	0.0346863	0.00948118	0.00823427	0.0180398	0.0731139	0.0985714	0.145714	0.00342527	0.024746	
0.009531	0.00553481	0.00552414	0.00183347	0.00747271	0.0236988	1.18628e-11	0.0189649	0.242076	0.00835761	0.00770769	0.00695676	0.00111056	0.0229712	0.554174	0.0325264	0.0281676	0.00842369	0.00676968	0.00819959	
0.0060091	0.526866	0.00278776	0.000743766	0.00403741	0.00991541	0.0116653	7.2657e-05	0.00794955	0.00413794	0.0061278	0.00808494	2.18522e-05	0.000115437	0.0128773	0.150308	0.0115201	5.8738e-05	0.0289105	0.207791	
0.00402406	0.00199771	0.00113154	0.000214087	0.00237241	0.00633964	0.00465227	0.00370998	0.000142842	0.0146161	0.00390498	0.0139335	0.00114476	0.00516893	0.00366395	0.508242	0.421646	7.20114e-05	3.69611e-05	0.0029862	
0.0171013	0.00468914	0.34394	0.128027	0.00833455	0.0374749	0.0225791	0.0113697	0.0337753	0.00395029	3.81583e-07	0.21434	0.00645176	0.0178438	0.00919432	0.064237	0.0334119	0.0175007	5.38131e-09	0.0257778	
0.0104891	2.18518e-06	0.0212376	0.0321606	0.00865423	0.00566883	0.329697	9.37903e-05	0.0353723	0.00398749	1.8388e-06	0.075798	0.0383304	0.299981	0.0629194	0.0176601	0.00739821	0.000616311	3.87583e-05	0.0498925	
0.240619	0.000298284	0.00401805	0.00875263	4.83711e-08	0.0134132	0.00499072	6.22914e-06	0.000537401	0.00499426	0.0162674	0.00850971	7.59744e-09	8.77592e-06	0.010993	0.325726	0.343697	0.0168863	8.19773e-11	0.000281185	
0.0149244	0.0445009	0.0102196	0.00107896	0.146715	7.9701e-11	0.067299	0.0288165	0.00921818	0.0133368	0.00310141	0.0616875	0.00850935	0.000916923	0.00675718	0.0231339	0.0100888	0.0322279	0.00124998	0.516218	
0.0663123	0.00289588	0.0377238	0.180972	0.00382701	0.192297	0.0278604	0.0221973	0.092586	0.024436	5.84691e-13	0.0256145	0.0214544	0.0298649	0.159567	0.0438869	0.0103586	0.0581461	1.46062e-11	1.36124e-07	
0.0181619	0.030425	0.00458102	0.00050652	8.79739e-05	0.102484	0.00269636	0.00264164	0.00456771	0.00217516	3.91594e-06	0.210263	2.39668e-05	0.00548211	0.00731904	0.557501	0.047562	0.000955164	5.85409e-05	0.0025048	
0.347715	7.74639e-09	0.0024987	2.21322e-05	0.0101685	0.0518351	0.00412261	0.0026564	0.0276681	4.09819e-05	5.36882e-07	0.158854	0.0533263	0.102845	0.0015251	0.0999607	0.119285	0.000460238	6.6778e-17	0.0170155	
0.192299	0.00049907	0.00370101	0.00716175	4.7705e-05	0.379754	3.23859e-05	0.0309763	1.12183e-05	0.00176918	0.00353332	0.031281	0.043237	0.00124012	0.00451507	0.166089	0.0658892	0.0675299	0.000164233	0.000269582	
0.00206021	0.0193749	2.52625e-06	0.000186569	9.56802e-05	0.0088684	0.0632195	0.0248439	0.000975105	0.15854	0.00307967	0.0185537	0.50671	0.00586992	0.0659126	0.0741368	0.0309074	0.0136743	5.72185e-12	0.0029888	
0.168491	0.000105098	0.0655226	0.0442006	0.000396574	0.00138987	0.00180922	0.0820263	7.0052e-05	0.0425374	0.0126959	0.0611018	0.105453	0.00031586	0.00697409	0.107688	0.160929	0.138251	6.34335e-13	4.21284e-05	
0.104768	0.00237879	0.00546289	0.0230331	3.34447e-06	1.50226e-05	0.00487007	0.0465613	0.298675	0.0249819	1.29096e-08	0.0562749	0.0828739	0.00485045	0.120383	0.0175921	0.12533	0.0766617	1.10116e-10	0.00528425	
0.00597447	5.39956e-12	0.000177961	0.0725494	8.33369e-09	0.0032116	0.00232838	0.133946	0.0280568	0.14283	0.14968	0.0415	0.0562717	2.96452e-05	0.00376728	0.145929	0.000411748	0.213161	0.000175582	1.36224e-13	
0.14316	3.25753e-08	1.38836e-07	2.26649e-07	5.00632e-07	0.0095282	0.0457214	0.000824136	0.146684	0.236472	0.00101393	0.000475745	4.60631e-07	0.123715	0.0090183	0.0319336	0.0499743	0.196404	4.21063e-14	0.0050745	
4.42112e-06	0.0187804	0.0669563	0.232729	0.00246412	0.00162716	0.0755687	0.000337592	0.0767238	0.037148	0.00492129	0.0667289	3.01952e-05	0.308799	0.0601656	0.00739291	0.0244246	0.0151975	1.1669e-11	6.17433e-07	
0.00169882	0.0049305	0.000222271	0.00536877	3.0592e-06	0.000110303	0.00302866	0.462016	0.0271913	0.033532	0.0980677	0.0162346	0.00980504	8.59112e-06	0.00953085	0.00469835	0.145095	0.172693	2.20686e-08	0.00576571	
0.0274205	0.332413	1.98315e-05	0.000357471	0.252684	0.00341315	2.39e-08	0.00251994	0.00418815	0.0277211	0.00809793	0.00617119	0.000437286	0.0175094	7.81278e-06	0.0729901	0.00229799	0.0163105	0.0339033	0.191537	
0.135113	1.9239e-09	0.0112476	0.0157512	1.40761e-05	0.130056	4.17325e-05	0.107636	0.00761749	0.110157	0.102943	0.00114	0.0458335	0.000231313	0.0067029	0.0445328	0.0462999	0.234592	4.18904e-07	9.12157e-05	
0.31693	0.00563147	0.061187	0.0407756	0.00180802	0.0732504	0.00350232	0.00652602	0.0150881	3.73701e-06	0.00611988	0.0289764	0.0254269	0.00769739	3.60352e-06	0.230998	0.155417	0.0206564	1.39007e-06	2.02848e-09	
0.0388371	0.00237922	0.225246	0.16993	0.00559268	0.262665	0.0108538	7.51555e-05	0.0270755	0.00131762	7.74951e-05	0.126147	0.00502642	0.00984277	0.0295592	0.068693	0.0158653	0.000816324	6.73574e-33	6.71773e-10	
3.33654e-05	0.000235761	0.0071251	0.0591791	0.00382894	3.30784e-06	5.32453e-06	0.161522	0.181324	0.104062	0.103662	0.0555675	0.000147314	0.00815394	0.095944	0.0283979	0.0889111	0.0957222	0.0035626	0.00261273	
0.0562316	0.000582614	4.69628e-05	0.0623177	0.00468693	5.75943e-05	0.0162188	0.13965	0.10947	0.0108683	0.00609419	0.0253848	0.00962304	0.0348996	0.0317981	0.0196205	0.404347	0.0681021	1.5503e-16	3.34654e-12	
0.056004	0.0050647	2.41032e-05	6.70762e-09	0.015691	0.00808554	0.018597	0.0363823	0.00460825	0.125433	0.0121205	0.0134377	0.282152	0.0255643	0.0234851	0.217064	0.115006	0.0412811	3.95757e-12	4.49206e-09	
0.622288	0.0083083	0.010094	6.20799e-05	1.13083e-05	0.00374029	1.28818e-07	0.00250573	0.00542866	0.0142499	8.10236e-05	0.00300343	0.00382247	9.88082e-06	2.1645e-05	0.311624	0.00845952	0.00459583	5.9571e-14	0.00169333	
0.00696341	0.0330702	0.0130628	0.0242094	0.172354	0.00796131	0.12155	0.0352932	0.00944777	0.178443	0.0143644	0.0276728	0.00298349	0.0139426	0.0260486	0.0287778	0.00605484	0.0224764	2.82828e-07	0.255324	
0.320007	0.00015108	0.00932148	0.0408075	0.00210302	0.015041	4.77743e-05	0.0536974	0.013187	0.028527	0.0216979	0.000314024	0.0149327	0.000261231	0.00815668	0.110617	0.257035	0.104092	2.61285e-07	2.25233e-06	
0.0138163	0.0135561	0.0626468	0.0193648	0.0047458	0.00142581	0.262443	0.00727732	0.0587523	0.0389117	2.32993e-05	0.215564	0.00282457	0.0851511	0.0596942	0.071172	0.00454258	0.00640011	1.31076e-09	0.0716883	
0.02562	2.36094e-07	0.0474095	0.758706	0.000847505	0.00371907	0.0190443	0.00367216	9.30298e-07	0.000710585	0.0184231	0.000887639	0.000103395	0.0362419	0.015693	0.0673909	0.0013607	1.96471e-05	0.000124304	2.55928e-05	
0.106617	9.76588e-08	0.243332	0.23189	0.000203789	0.0397289	0.015672	0.025327	0.00522048	0.0177617	0.0198683	0.0853231	0.0110416	0.000201159	0.00865057	0.0517769	0.0728772	0.055179	6.58843e-12	0.00932961	
0.0408408	1.06238e-16	0.000893399	3.98795e-11	9.31561e-05	0.00672983	0.0285752	0.000258054	0.00935752	0.0245202	0.000860457	0.0419254	0.519258	0.0439381	0.00660007	0.210718	0.0545982	0.0108261	2.21674e-06	5.67329e-06	
0.303308	0.0696117	2.15912e-09	0.00260262	0.00126732	0.00118333	9.2002e-05	0.000488871	0.00442852	0.0249022	0.0335585	6.05727e-11	1.14597e-07	0.00903184	0.00165135	0.145503	0.235359	0.167011	1.51421e-07	5.2915e-09	
0.090594	8.70384e-12	0.000986876	0.00161214	0.0193964	0.000319468	0.000335621	0.000330618	0.00484594	0.00317438	1.22255e-07	0.00779953	0.219149	5.87338e-06	0.000144493	0.561766	0.0783711	0.0013286	7.90116e-11	0.00983941	
0.0209746	0.0261625	0.000246848	0.00133763	0.0699421	0.00950719	0.00868012	0.00210478	0.00100412	0.178112	0.00745003	1.41301e-05	0.0059626	0.0596781	0.0248893	0.0226782	0.00388114	0.00529777	0.445777	0.1063	
0.00271148	0.0284214	0.00553751	0.00150134	0.00186392	0.332163	8.62872e-06	0.0151812	0.00559022	0.00348667	0.0107252	0.0765126	0.00351175	0.00373422	0.0259158	0.382285	0.079033	0.0205936	0.00122376	8.55683e-11	
0.031447	0.00173034	1.43804e-05	6.38199e-07	3.60289e-07	0.0357583	0.01466	0.00635233	0.349836	0.0583877	0.0461303	0.0324892	0.0028864	0.00146988	0.121411	0.0833958	0.206141	0.007386	1.25626e-24	0.000503584	
0.278384	0.00381787	1.35676e-06	0.0316806	0.0050807	0.0612004	0.00352093	0.126009	0.000125117	0.0586715	2.45153e-07	0.000231476	0.122005	0.0202158	3.02292e-05	0.0364847	0.0513808	0.20069	3.20315e-05	0.00043795	
0.0112281	1.07009e-05	0.00438382	1.07032e-07	0.0135483	0.00252049	0.00157821	0.365392	3.07707e-11	0.045403	0.384133	0.000378844	1.83559e-14	7.4165e-05	0.000418072	0.0017416	0.00341983	0.165766	9.38923e-07	3.35202e-06	
3.38132e-05	0.00927621	0.000809693	0.000357924	1.10072e-05	0.048929	0.0161007	0.0203182	7.43645e-06	0.0416047	2.4693e-07	0.00749681	0.218732	0.000302561	0.028075	0.587185	0.00263122	1.19137e-06	3.62079e-07	0.0181273	
0.297228	6.33985e-11	0.00340483	0.0622008	0.00192627	0.0146094	0.00215063	0.0607696	0.122748	0.00201955	0.0288387	1.46639e-05	0.00164473	0.0180873	0.0408562	0.0517033	0.217222	0.0731363	6.06607e-14	0.00144006	
0.0200507	0.000326108	0.00143887	2.89699e-05	0.00276324	0.000485322	0.00478113	0.399983	0.0148429	0.0198615	0.00269321	0.000280275	0.000233817	0.000166855	0.00131512	0.0283734	0.321843	0.180493	3.92354e-05	1.01307e-17	
0.357603	1.18665e-11	6.81759e-05	0.0246112	0.000515054	0.13099	0.0237516	0.0303528	0.0333042	0.0362314	0.000555551	0.028357	0.00440275	0.000330049	0.0440831	0.0194416	0.139815	0.119453	0.00612974	4.53856e-06	
1.84733e-06	0.00107889	0.0147437	0.011383	5.25366e-06	0.000650623	0.000684202	0.155516	3.87077e-05	0.444664	0.013755	0.0115127	0.0681148	0.0690386	0.0326791	0.0269213	0.0446556	0.101066	0.00349115	1.66506e-07	
0.292935	0.00519737	0.0619574	0.230343	1.44596e-05	0.13505	6.32781e-05	0.0205727	0.0841252	0.0122975	0.00591175	0.0133277	0.000541951	0.0253415	0.00276905	0.0998957	1.18429e-06	0.00965569	9.32471e-12	1.07637e-12	
0.0385831	9.79279e-12	0.0177835	0.056311	0.0575219	0.00136136	0.076751	0.0191706	0.0767318	0.178933	0.0154372	0.0163714	0.00965533	0.233749	0.0472923	0.0182425	0.0597064	0.0564973	0.0102457	0.00965588	
0.0197875	3.15423e-06	3.6036e-07	2.64286e-06	0.0420625	0.00205891	0.129465	0.000207374	2.68117e-07	1.79179e-06	2.12197e-07	0.498192	3.02761e-05	0.0496292	8.6397e-08	0.0345846	0.184738	0.039235	4.46885e-07	2.89893e-11	
0.00530723	0.000143639	0.00939393	5.51388e-05	0.301902	0.00243745	0.0179578	0.092425	4.13741e-10	0.158923	0.00643841	2.34398e-07	0.0974143	7.97134e-05	4.95559e-07	0.111018	0.0246376	0.113785	0.00355012	0.0545316	
0.00153193	0.0012128	1.2534e-05	0.000171315	0.000608954	0.000183458	4.20143e-06	0.0243002	0.13973	0.051764	0.0235603	0.0051478	0.00567541	0.00107657	0.0432535	0.304507	0.33452	0.0254664	0.00131499	0.0359589	
0.0544759	2.44109e-18	0.0168592	0.0428466	0.0719111	0.0238003	0.00815102	0.0751149	0.0307413	0.0774595	0.0312316	0.0628514	3.93856e-08	0.000207064	0.057503	0.119278	0.0156624	1.78639e-06	0.291698	0.0202066	
0.279298	6.07972e-05	1.25193e-05	0.00154153	0.0202488	0.168782	0.000995899	7.58709e-05	1.89971e-11	0.0145897	0.00106455	0.000875947	0.026464	0.000151405	0.00183472	0.381171	0.102665	0.000167229	5.95214e-07	1.28828e-20	
0.00427217	0.046578	2.52956e-07	0.0264148	0.0026641	0.00120406	0.0179583	0.00537651	0.0122097	1.04708e-05	0.000362293	0.0407798	0.421824	0.0157352	0.0430372	0.309897	0.0289353	0.0226414	9.88558e-05	2.5397e-09	
0.0493891	1.04498e-06	3.09942e-05	0.00139481	0.00428301	5.75464e-09	0.491135	0.020652	0.000928555	0.0635508	2.12684e-11	0.000137693	0.0304058	0.172281	0.00138665	0.0865536	0.0466502	0.00930619	1.00443e-05	0.0219028	
0.406176	0.000651876	1.08229e-07	0.00246106	0.00187464	4.83103e-05	0.00293307	0.000574382	0.0545733	0.0122532	0.0478475	0.00246684	0.376255	0.0109071	5.11671e-09	0.0484456	0.0232522	0.00502054	0.00262807	0.00163103	
0.15501	0.286943	0.00170511	7.21097e-06	3.23419e-05	0.0112232	0.000118562	0.0233343	0.000447477	0.0124075	0.00671044	4.76668e-05	0.00241404	0.00715884	8.64235e-07	0.460087	0.0261791	0.000545019	5.8939e-06	0.00562209	
0.0140616	0.00216278	1.90987e-11	7.98221e-09	0.00540727	0.00224743	2.15128e-05	0.124431	0.0150291	0.129739	0.494743	3.53474e-08	0.00182079	0.00745561	1.13232e-08	0.0112776	0.112793	0.0769124	1.1357e-07	0.0018977	
0.0417023	0.0131747	0.0400133	0.0325403	0.000966884	0.092213	0.0143158	0.00154261	0.312761	0.0190675	0.00143889	0.0149006	0.00182892	0.169544	0.19823	0.00671784	0.0165212	0.021564	0.000261589	0.000695247	
0.460834	0.0206283	0.00047029	0.000238393	0.000981588	0.408902	0.0123643	0.00118703	0.00822306	0.012987	0.00156586	0.000451072	9.373e-08	0.000952719	0.022572	0.0076414	0.0398818	0.00011334	4.97245e-06	1.29217e-06	
0.156978	0.00816104	0.00779448	0.000157201	0.00133588	0.0716642	0.000148854	0.104816	4.43689e-05	0.0789066	0.0565754	0.0151701	0.00920616	2.71093e-07	5.59072e-05	0.0541315	0.328971	0.103986	0.00189645	5.37395e-08	
3.76205e-06	0.00143692	0.00265068	0.000364948	2.84467e-06	0.000112381	0.0446727	0.0126273	0.239625	0.00253369	0.00907144	0.00197097	0.000864443	0.197526	0.422577	0.0151921	0.0180941	0.000536904	2.88892e-05	0.030108	
0.284348	1.8027e-08	0.00392463	0.130959	2.17835e-06	8.62199e-05	0.00404747	0.0010465	0.000362697	0.0185801	0.000265656	0.00839973	4.67331e-07	0.218509	0.000374047	0.00802112	0.182338	0.138733	7.57903e-32	2.38963e-06	
1.03299e-05	0.138548	0.00294439	0.0392554	0.0320505	0.026726	0.00241679	0.0657976	0.0815094	0.00112935	0.0193167	0.0264383	0.0191925	0.0034946	0.249369	0.0258216	0.00809979	0.0740369	0.1072	0.0766427	
0.0958345	5.55298e-06	6.31228e-06	0.101705	6.40082e-09	0.01375	8.52519e-09	0.0022024	0.00196486	0.00142467	0.00157776	0.000142175	0.00633529	0.441254	0.108427	0.153378	0.058972	0.0129877	8.72893e-06	2.48282e-05	
0.00171442	0.291395	0.00027458	0.0327296	0.000239512	0.00107405	0.00121981	0.0802003	0.0298642	0.0554489	0.0247504	0.0700341	0.0217227	1.20611e-07	3.22134e-07	0.251797	0.00755257	0.129127	0.000555504	0.000299813	
0.0257477	0.0875972	0.10017	0.192452	0.0589077	0.0128235	0.00506927	0.0396889	0.00107464	0.000160988	0.00297184	0.0139422	8.48438e-05	0.0044225	0.0254226	0.205236	0.119575	0.0389933	0.00272364	0.0629351	
0.0203261	4.8972e-05	0.000401252	0.00427329	0.0255117	4.19445e-06	0.0173141	0.184382	0.00186703	0.00433235	0.000146352	0.0620114	0.0370511	2.25137e-07	0.000847419	0.00313411	0.000865572	0.634561	4.26743e-09	0.00292197	
0.300449	0.000169719	2.89981e-10	0.000421313	1.44243e-06	0.058612	0.0113052	0.0148038	0.035912	0.000137915	0.0292285	0.0271827	0.176151	0.0867084	0.00890168	0.0290206	0.215253	0.00573645	4.94528e-06	2.19474e-07	
0.0020099	0.0634039	0.0220872	0.000162129	0.00525593	0.0977239	0.000426905	0.0911352	0.0335992	0.00264855	0.00149729	0.191021	0.0950546	0.17772	0.000753835	0.0175532	0.0983089	0.0915148	2.192e-08	0.00812348	
0.291438	4.26826e-06	0.0122169	0.00281386	0.0367071	0.00279916	0.0260839	0.0350812	0.000184141	0.0177216	0.083676	0.0118456	0.000274022	0.00247089	3.37415e-06	0.453269	0.0018358	0.00941627	0.0121589	8.41563e-08	
0.170798	0.00133614	0.0162066	0.210194	0.0106961	0.0003766	9.91888e-05	0.00203365	7.81113e-05	0.154607	0.21278	0.010156	0.00183098	1.06685e-06	0.0561236	0.0552518	0.0974254	7.73724e-07	2.61234e-11	5.33987e-06	
0.00650166	0.000837662	0.0268511	5.50568e-05	0.088489	0.134205	0.160458	2.38428e-06	0.000829582	0.363919	0.030627	0.0614868	1.06059e-05	0.0263627	0.0314828	0.0135917	0.000993046	0.0532452	1.05001e-05	4.17383e-05	
0.0255899	2.0149e-10	0.00115988	0.229897	0.000219189	0.00706298	0.032538	4.22311e-05	0.166449	0.0251473	0.0122984	5.85299e-06	2.12034e-09	0.418213	0.0550911	0.0114606	0.00123898	0.00926847	1.28899e-11	0.00431771	
1.46933e-05	0.0624604	0.0200938	0.00127876	0.0756968	0.00957397	0.000464742	0.00135407	0.00530308	0.0599168	0.000418856	0.0036518	0.0790859	0.00574349	3.68818e-05	0.645766	0.0132778	0.0136534	0.000123211	0.00208541	
0.0233261	5.59922e-08	4.31521e-13	0.00467893	0.0506869	0.055816	0.128189	0.000940983	0.00142904	0.276263	0.0576415	0.0444959	0.105254	0.158994	0.0017553	0.0569465	0.00570252	0.00946237	3.52271e-15	0.0184178	
0.0277697	0.0004564	0.00894231	0.044669	0.00462844	0.000389478	0.0273628	0.0360059	0.00887367	0.0238171	0.00638399	0.0272032	0.0142759	0.00196552	0.0123677	0.53705	0.163852	5.79092e-05	4.62155e-08	0.0539298	
0.709354	0.000519588	0.000135588	0.000935665	0.000452765	0.00197748	0.000327934	0.0172384	0.000737677	0.0149245	0.0309229	0.00112917	5.74076e-06	0.0381149	0.0244391	0.152624	0.00198132	0.00417928	2.06545e-12	5.24568e-11	
0.176073	0.00569026	0.000427116	0.0273078	0.00610147	0.00663672	0.0495325	6.86705e-06	0.0109562	0.0191899	0.0262299	0.53397	1.22182e-05	0.00442818	1.18682e-07	0.0333955	0.0942382	0.0025845	0.00306419	0.00015531	
