
maxdiff     : 0.046738
meandiff    : 0.000749957

