CATSBDP
1	-1	23246
1
1.8
0	0
0	0
../../data/clustal34_ag_lt0.26_no_outgr_escha.phy
4
0
Universal

0
0
0
0
10	0
0
((((Prot_spe:0.112912213016591,(Cerop_ma:0.138664364454495,(Irae_his:0.116721045508873,(((Qwaq_sco:0.153983222021231,(Syne_ito:0.0392022951688314,((Syne_jap:0.0168066617500459,Syne_umb:0.0174239018775241):0.0338314379470943,Syne_gif:0.035809032543023):0.00822575889370295):0.150470539706157):0.00379098875034673,((Phana_JH:0.151543228910418,(Aylax_hy:0.053099400665977,(Hedic_le:0.0715927976743796,(Aula_tav:0.0441707591124117,Isoc_cen:0.0586832311278203):0.0174478208239856):0.00320275445101998):0.0756183193541849):0.0146072460176828,((Parn_nig:0.132271477803749,((Callas_no:0.198800156307158,(Gana_sp1:0.223170376998824,((Lepto_he:0.128070462003873,Lepto_cl:0.0870662804551305):0.035948292057051,Lepto_bo:0.123741903455187):0.201574197134601):0.229226340065528):0.015070255605832,(Allox_ar:0.206721979026744,Phaen_vi:0.132769827849161):0.0544745682987961):0.0229618954080497):0.0447263789480337,((Dipl_spi:0.235724861686643,Pedia_ac:0.195968701024648):0.0282139690680925,Cecin_ib:0.641143616461047):0.0388269530949253):0.106465003722633):0.00915039189260965):0.0167499466412123,(Diast_ki:0.062480380300344,Peric_JH:0.0782507996356637):0.0734960120662111):0.00540821958961121):0.00277509557763926):0.0169530214108632):0.0269236110307754,Calli_sp:0.155399185642903):0.0401298047265349,(Bior_pal:0.075518866873361,(Andr_qln:0.108283648682812,Beloc_tr:0.0420255458205566):0.00722758549177721):0.0217440539621503):0.00407914565229093,(Andr_qrm:0.0345778063674597,Andr_cur:0.0413959531897213):0.0105933175190558,Andr_gro:0.0937179596461097);
((((Prot_spe:0.112912213016591,(Cerop_ma:0.138664364454495,(Irae_his:0.116721045508873,(((Qwaq_sco:0.153983222021231,(Syne_ito:0.0392022951688314,((Syne_jap:0.0168066617500459,Syne_umb:0.0174239018775241):0.0338314379470943,Syne_gif:0.035809032543023):0.00822575889370295):0.150470539706157):0.00379098875034673,((Phana_JH:0.151543228910418,(Aylax_hy:0.053099400665977,(Hedic_le:0.0715927976743796,(Aula_tav:0.0441707591124117,Isoc_cen:0.0586832311278203):0.0174478208239856):0.00320275445101998):0.0756183193541849):0.0146072460176828,((Parn_nig:0.132271477803749,((Callas_no:0.198800156307158,(Gana_sp1:0.223170376998824,((Lepto_he:0.128070462003873,Lepto_cl:0.0870662804551305):0.035948292057051,Lepto_bo:0.123741903455187):0.201574197134601):0.229226340065528):0.015070255605832,(Allox_ar:0.206721979026744,Phaen_vi:0.132769827849161):0.0544745682987961):0.0229618954080497):0.0447263789480337,((Dipl_spi:0.235724861686643,Pedia_ac:0.195968701024648):0.0282139690680925,Cecin_ib:0.641143616461047):0.0388269530949253):0.106465003722633):0.00915039189260965):0.0167499466412123,(Diast_ki:0.062480380300344,Peric_JH:0.0782507996356637):0.0734960120662111):0.00540821958961121):0.00277509557763926):0.0169530214108632):0.0269236110307754,Calli_sp:0.155399185642903):0.0401298047265349,(Bior_pal:0.075518866873361,(Andr_qln:0.108283648682812,Beloc_tr:0.0420255458205566):0.00722758549177721):0.0217440539621503):0.00407914565229093,(Andr_qrm:0.0345778063674597,Andr_cur:0.0413959531897213):0.0105933175190558,Andr_gro:0.0937179596461097);
1
11.551
0.526505
5000
29.5287
0.277774	0.16178	0.139159	0.226544	0.143238	0.203783	0.181368	0.310668	0.239443	0.305603	0.166685	0.263424	0.174501	0.231235	0.220138	0.476028	0.397866	0.275286	0.0413264	0.191365	

0.000454746	0.00243103	0.463388	0.497755	0.000398398	0.00148727	0.000409939	0.00144681	0.00244562	4.54077e-05	3.79041e-07	0.0125056	0.00138603	0.00902052	0.000228824	0.00533751	0.000635405	0.000155621	6.8405e-15	0.000466961	
0.036584	0.00109056	0.0051513	0.00778635	3.00707e-05	0.0035916	0.0118337	0.00333493	0.00611954	0.0337954	0.00180645	0.00281992	0.71185	0.0281642	0.0160747	0.0953726	0.023774	0.00881061	3.19278e-08	0.00200972	
9.89061e-05	0.000704913	0.00109043	0.000548116	0.00620981	0.00051367	5.90686e-06	0.037547	0.013372	0.0423066	0.849875	3.27338e-06	0.000220924	0.000107327	0.00761936	0.00259146	0.0197201	0.0162527	1.76704e-15	0.0012128	
0.105928	0.00349175	0.00405824	0.00245506	0.00286027	0.0150701	0.00765643	0.0422535	0.0276779	2.48591e-05	0.0119738	0.0647517	0.0416455	0.0106076	0.01143	0.232119	0.392761	0.0232342	4.20869e-13	6.23127e-07	
0.000788408	1.45692e-07	0.935815	0.0387438	5.57963e-11	0.000111697	1.21575e-05	9.54187e-05	3.55668e-06	0.00213907	7.06385e-05	0.0190596	0.000103448	2.29278e-08	0.00158541	0.000448947	6.55613e-05	0.00095105	4.13717e-62	6.30669e-06	
5.00897e-06	0.000934704	1.09738e-05	2.30558e-05	3.8937e-10	1.2759e-06	3.28157e-07	0.775156	7.87442e-05	0.0325968	0.0215535	0.000111469	0.00176893	0.000644988	0.000201858	0.000115387	0.00613685	0.160219	0.000433849	6.46916e-06	
0.00543983	0.0023935	0.658741	0.110223	0.00416367	0.0228854	0.0158861	0.00206582	0.00365442	0.001633	0.00044073	0.132386	0.000844129	0.00479323	0.00373158	0.012636	0.00373438	0.00445267	1.33486e-18	0.00989459	
0.00285444	0.000240693	0.000708473	0.000379906	0.000879675	0.980866	1.33968e-12	1.20527e-06	0.00221866	0.000431368	1.46536e-07	5.05361e-10	2.48569e-11	0.00150799	0.00168528	0.00673865	3.8717e-05	0.000554777	2.20726e-08	0.000894247	
0.00468646	7.77421e-06	0.000527676	8.81665e-05	5.3212e-05	0.0016445	9.48612e-05	1.54831e-09	0.00095992	0.00453202	3.23148e-08	6.43735e-05	0.958882	3.06446e-06	1.93269e-09	0.0245397	0.00389491	3.81039e-08	1.5841e-07	2.07198e-05	
0.00733441	0.000523956	0.000303792	0.00213721	0.0478262	2.92668e-05	0.0159765	0.042513	0.00760767	0.702266	0.0522042	0.00320924	0.00581973	0.0259158	0.00588049	0.0353209	0.00338751	0.0374764	0.00126404	0.00300389	
0.0065434	0.000338278	0.0949103	0.853179	1.83638e-05	0.0106965	1.6369e-09	0.00114162	0.00986349	0.00121935	0.000956428	9.90506e-06	0.000153735	0.0145541	9.01652e-05	3.73139e-05	0.000594356	0.00527919	4.24202e-22	0.000414009	
0.0266158	0.00206256	0.0481055	0.568697	0.00361532	0.0339281	0.00600208	0.00948489	0.12103	0.00986634	0.00188909	0.0203526	0.0053851	0.0893778	0.0106594	0.0105196	0.0108915	0.0214991	2.50614e-08	1.80202e-05	
0.0751655	0.0288196	0.0349737	0.0019864	0.00969091	0.0783326	0.000218392	0.0143305	0.00972425	0.00244094	0.00297981	0.12835	0.00609217	0.000666717	0.00781544	0.480728	0.104502	0.00967134	2.23992e-11	0.00351143	
0.429206	6.17818e-05	0.00902877	0.0157314	0.00756262	0.033535	0.00185258	0.00235673	0.00403316	0.00897648	0.00600568	0.0257951	0.0436272	0.00893564	0.0102229	0.151132	0.170094	0.0677186	8.89553e-15	0.00412382	
0.0199059	0.000777385	2.56312e-05	0.00358657	0.0282115	0.137625	0.206319	0.099942	0.0149386	0.301952	0.0488643	0.0946071	0.000304102	0.000110854	1.76458e-05	0.00130894	0.0316149	0.00958917	7.81016e-10	0.000300012	
0.0656101	0.0206691	0.0207396	0.00146275	1.70942e-06	0.73507	3.49215e-11	2.69959e-08	2.07359e-05	0.00118403	1.95342e-09	0.00376935	0.00169409	5.56539e-05	0.00315964	0.117583	0.01331	0.0139032	9.64204e-11	0.00176716	
1.70572e-05	5.51195e-07	0.0013108	5.08276e-07	0.102376	0.00145007	8.84088e-07	0.0180369	0.00114394	0.829538	0.0304166	0.00224891	1.80898e-08	6.01275e-05	1.09523e-09	0.00450896	0.000155067	0.00103507	0.0043786	0.00332221	
0.00207121	1.96607e-10	2.35094e-07	7.87162e-07	1.51456e-05	0.00485485	3.73475e-06	0.00252763	0.257304	0.00517721	0.00467926	0.00189015	0.00222151	0.00510023	0.706175	0.00183784	0.00322008	6.56031e-07	3.39212e-10	0.00292061	
0.0367094	0.00178341	2.69073e-07	3.24828e-05	5.04088e-05	0.00197335	6.85684e-05	0.031034	0.00182956	2.84211e-06	0.0147028	0.0246393	1.04175e-06	0.000580721	3.38608e-05	0.0823298	0.804176	3.51348e-06	1.93506e-05	2.94935e-05	
0.79264	0.00121086	1.80944e-11	0.00161593	0.00215965	0.056887	0.00208443	0.00713195	0.00346971	0.0057445	1.30885e-05	0.000559701	0.00803216	0.00078489	0.000874727	0.0217017	0.0597345	0.0353557	7.44256e-15	8.89072e-12	
0.00159803	0.0609764	1.97041e-07	0.017488	0.026335	0.020578	0.00183178	0.0576923	0.0166923	0.0163259	0.00768525	0.167951	0.00907925	0.00192753	0.0569501	0.438341	0.0636115	0.0140515	3.06736e-05	0.0208548	
0.0033619	0.000647623	0.0013097	0.0221825	0.00231732	0.00267935	0.00273017	0.00817223	0.727326	0.00564677	0.0103234	0.0599829	0.00198984	0.0325689	0.0864214	0.0078684	0.0199635	0.00199555	0.000432932	0.00207946	
0.0495763	0.00306562	0.00249718	0.00674712	0.0121261	0.0055168	0.000326552	0.168563	0.00368129	0.0372367	0.0131019	0.00413723	0.000155143	0.00201718	0.000472741	0.000861767	0.00937749	0.679532	6.39513e-10	0.0010076	
0.0143319	8.21032e-13	0.0169567	0.114134	0.00681065	0.0122281	0.012407	0.0156151	0.446213	0.00447687	0.00172896	0.113574	0.00895717	0.072712	0.0495732	0.0363038	0.0632851	0.00813364	4.80352e-12	0.00256001	
0.029379	0.0022956	0.00649005	0.0553705	3.728e-07	0.821622	0.00190766	0.00734488	0.00713554	0.000290408	0.00402492	0.0108705	1.59837e-05	0.000494997	0.0203003	0.0211394	0.00181995	0.00822005	0.00127041	7.82413e-06	
0.000515303	1.04016e-05	4.3748e-05	0.000696022	1.23955e-09	0.00305347	0.00408185	0.000774463	0.010656	0.00632836	0.00153481	1.59254e-05	4.59234e-11	0.00781631	0.957603	0.00487631	0.000983212	9.99586e-06	3.60471e-06	0.000997055	
0.00964088	0.00060727	0.0062138	0.000423493	0.0437904	0.00447008	0.000415932	0.389809	0.000750252	0.205645	0.0128073	0.000223038	1.18633e-07	0.00360416	0.00277992	0.0010488	0.0168559	0.300592	9.13563e-23	0.000322985	
0.0406156	0.00214273	1.03743e-06	1.77079e-06	0.0207383	0.0112858	5.23551e-05	0.00448709	0.00324704	0.039098	0.000140042	0.0081107	0.25341	0.0232737	2.63869e-10	0.50145	0.0795758	0.00980785	3.18419e-13	0.00256194	
0.000380751	0.00243669	0.000154854	0.0012132	0.0783122	0.00366505	0.000360941	0.0807818	0.00601526	0.760754	8.80344e-09	0.00193665	5.64308e-05	0.00314067	0.00413019	0.010506	0.000899767	0.0446401	3.11513e-05	0.00058416	
0.0976458	0.0293727	0.00963085	0.0230043	0.0372395	0.00884488	0.0129165	0.00924005	0.0314397	0.0917888	0.00831328	0.0129739	0.0245247	0.00227953	0.00548449	0.475396	0.062704	0.0302276	0.0165734	0.0104001	
3.65367e-05	0.000935367	0.000363875	4.65438e-09	7.62841e-06	0.000441443	6.09855e-05	0.0261734	0.000523164	0.940368	0.0157037	5.61596e-06	0.00014451	4.74353e-10	0.00161248	0.00194413	0.000618892	0.0106453	1.29561e-15	0.000415225	
8.93392e-06	0.000431389	2.51857e-10	8.59689e-05	1.60646e-05	0.00013765	0.934114	0.000623247	4.06151e-05	0.00120793	1.3986e-07	0.0272615	5.21157e-06	0.017108	0.00541197	0.000966921	0.00354866	0.000542331	8.25522e-12	0.00848936	
0.00508421	0.0013378	7.13716e-08	0.135217	0.00196589	0.00665814	0.0235482	0.000294337	0.105897	0.0200697	0.00521229	0.00288059	0.0107148	0.627293	0.0479559	0.00249173	0.000290657	0.00308843	6.23071e-22	6.71732e-08	
0.000551897	1.11764e-05	1.05148e-07	0.00290853	0.000265433	0.000536301	0.000164603	0.00143967	0.902757	0.00133467	4.75184e-05	1.84984e-05	0.000649053	0.00523448	0.0781419	0.00128494	0.0046345	1.58665e-05	4.28519e-06	5.18928e-13	
0.0011294	0.01223	0.00389494	0.00161293	2.51083e-06	0.0601014	2.61841e-10	1.66313e-05	0.00450908	0.000101152	5.03877e-08	0.178761	0.00294929	0.000687466	0.0146474	0.679713	0.0371957	0.000410926	2.21755e-07	0.00203676	
0.923087	3.18996e-09	1.4657e-08	0.000269505	0.00077185	0.00147654	2.37874e-06	0.00144368	0.000798378	1.22027e-06	2.1671e-05	0.00141346	1.04242e-14	0.000935993	0.000143663	0.0658415	0.00118294	0.0026091	1.0234e-06	5.38636e-09	
0.373139	0.0117159	0.0971402	0.115839	0.0022822	0.0779448	0.000106413	0.00276265	2.73128e-05	0.0356489	4.76432e-06	0.00226256	1.70298e-06	0.00393504	0.00183439	0.130462	0.09312	0.0517731	3.10671e-07	5.03506e-09	
0.131738	0.0534451	0.00334938	1.94912e-10	1.31122e-10	0.000997831	3.51395e-11	0.0253529	0.312764	0.00242705	2.25385e-09	0.0593098	9.9928e-05	0.129098	0.0992761	0.042454	0.110572	0.0291022	2.89563e-27	1.31791e-05	
0.00825377	0.00293548	8.9048e-09	1.00927e-06	0.0455887	0.000538582	0.000449738	0.635691	0.010322	0.0649198	0.0510483	0.00289467	0.00281776	0.000235675	0.00020983	8.91287e-05	0.027032	0.138615	9.38393e-10	0.00835799	
1.15902e-06	0.00191354	3.19532e-13	0.00112633	0.940143	2.16717e-08	0.00186879	0.00551561	0.00179428	0.0146291	3.37946e-07	0.00087439	4.5133e-05	0.000342164	0.000266271	0.000242206	0.000509417	0.00235582	1.14802e-06	0.0283711	
0.292378	0.00115837	4.46244e-09	0.240118	0.0163187	0.00137977	0.00113977	0.00569654	0.000538195	0.00178497	0.000222581	0.000221487	5.66645e-07	0.342199	0.000536874	0.00541355	0.0414035	0.0453985	0.00400924	8.29258e-05	
0.0561112	0.000516755	0.00611765	0.015272	0.0230261	0.0207268	0.0194075	0.0344426	0.0380136	0.139514	0.00594019	0.0141934	0.178886	0.0594911	0.0507272	0.218667	0.093924	0.0220419	0.00153016	0.00145005	
0.00664972	0.00016083	6.43865e-07	6.42556e-05	0.0495143	1.55078e-08	0.00518511	0.168141	0.000527248	0.578501	0.0388142	2.11226e-05	0.017016	0.000455893	0.0105635	0.00246765	0.00998013	0.0951978	0.00435748	0.0123823	
0.00701417	4.96715e-06	0.000681928	0.000126136	0.004239	1.14707e-11	0.0319026	0.0174834	0.0254683	0.00714133	0.00196408	0.704982	0.000664319	0.00714977	0.00330187	0.130669	0.0485569	0.00859705	1.7043e-08	5.24054e-05	
0.0057116	0.000462609	0.0008756	0.00177388	0.00136013	5.20006e-08	0.00420142	0.234225	1.01857e-05	0.1715	0.498069	0.000259892	0.000763716	8.06718e-06	9.28125e-05	0.000947415	0.00024603	0.07862	5.97457e-10	0.000871847	
0.0235925	0.00421625	0.304001	0.181102	0.000580983	0.0659955	0.00769134	0.0118641	0.0589762	0.00226458	0.000879913	0.205898	0.00505099	0.0203439	0.00624878	0.0526351	0.0284958	0.0188106	1.2906e-05	0.0013397	
0.0589978	0.0158068	0.00302951	0.00425134	0.124449	0.0174569	0.0111789	0.167027	0.0112267	0.147849	0.0224854	0.0267119	0.000479257	0.00434291	0.00996551	0.0755107	0.0550873	0.200609	0.0143063	0.0292292	
0.0762266	3.33638e-07	5.86615e-06	0.00257238	5.154e-13	0.000873203	9.47147e-10	0.111391	0.0361149	0.0155313	0.028045	1.83247e-05	0.00892874	0.00923784	0.0091389	0.0665862	0.607096	0.0280528	2.36888e-19	0.000180548	
0.00123402	0.956447	2.23373e-05	1.22499e-06	0.00791511	0.000622303	0.000153062	0.00368217	0.000295502	0.00232733	8.62413e-18	0.000479144	6.42139e-05	4.37377e-08	3.63018e-05	0.0195095	5.64966e-06	0.00205379	0.000161254	0.0049901	
0.0309765	0.00164151	6.16464e-05	0.0248727	0.0220968	0.0177536	0.00731696	0.166756	0.129101	0.11062	0.123151	0.0169784	0.0174191	0.0192426	0.0464019	0.0291739	0.105691	0.100674	0.0135438	0.016527	
0.00426769	5.89145e-05	0.00342932	0.0188939	3.39889e-10	0.00083155	0.0515472	0.00173808	0.00985319	0.0186862	2.26896e-06	3.11097e-05	0.0148525	0.8511	0.0130795	0.00530692	0.00426157	0.000737898	2.23854e-07	0.00132158	
0.0270525	7.33931e-11	0.00147867	0.048287	3.81783e-08	0.0290253	0.00237216	0.0156274	0.374352	0.00344889	0.0316822	0.000306309	0.00077713	0.0351249	0.151734	0.0230881	0.244609	0.0107058	1.33398e-21	0.000328887	
0.00236625	0.0264214	0.000113334	6.87566e-05	0.604883	0.00362664	0.00109185	0.00377809	0.000582528	0.0867853	0.000189277	0.00116422	0.00059515	5.00665e-05	1.10667e-07	0.0569568	0.00929721	0.00481864	0.00119915	0.196012	
0.0244578	0.000156494	0.241799	0.513082	0.00106308	0.023249	0.00952002	0.000273025	0.0473033	0.0139014	0.00119868	0.0362177	0.00273417	0.0400252	0.00841176	0.0139116	0.00327755	0.012504	0.00146413	0.00545	
0.00664457	0.000936747	0.0148153	5.83057e-08	4.19917e-05	7.09479e-07	1.25216e-11	0.0323576	0.0272493	0.0247853	6.18124e-11	0.172803	0.0129619	9.99601e-05	0.0020206	0.388017	0.302666	0.0014253	0.0013027	0.0118718	
1.08493e-06	7.82864e-05	0.00132007	0.0710055	0.0111279	0.0333924	0.102215	0.0989415	0.000207814	0.00383115	0.00343009	0.000104929	0.143683	0.167892	0.00437122	0.0489307	0.00274079	0.290042	2.22948e-07	0.0166843	
0.0028905	0.00134943	4.20236e-07	1.13092e-05	0.000782476	0.000344738	6.76059e-05	0.260462	3.7975e-05	0.015745	0.0027817	6.99458e-05	0.000330387	0.000894681	3.13073e-06	0.00081956	0.00124349	0.71105	1.53691e-19	0.00111607	
0.16823	1.81229e-07	0.0284094	0.00527709	0.00903609	0.00059122	0.017583	0.0831016	8.72861e-05	0.00456193	2.76449e-09	0.168139	0.00911462	6.48621e-09	0.000747032	0.194055	0.246757	0.0553744	0.00312713	0.00580831	
0.0130349	0.00508159	0.0444916	0.0140321	0.000736119	0.0453173	0.0108679	0.0173039	0.0684316	1.98322e-08	1.06715e-06	0.406276	0.0034453	0.0162535	0.0279791	0.243671	0.0787368	0.00152406	2.42102e-05	0.00279215	
0.062548	0.00743605	0.14589	0.155935	0.0429306	0.0459979	0.00649759	0.0851647	0.0374891	0.0437529	0.0105862	0.0553065	0.0094712	0.0277346	0.0132056	0.0542791	0.0699487	0.099662	2.99955e-06	0.026161	
0.122315	7.27832e-07	0.0121481	0.0116688	0.00939736	0.0302831	0.0034922	0.15332	0.00735361	0.0778953	0.0832894	0.00545532	0.00666248	0.00307349	0.00246478	0.039533	0.0839581	0.347399	3.00789e-18	0.000290642	
0.000344503	0.000205077	0.000941187	0.00188522	0.000519058	0.000278825	0.00788867	0.001134	0.00354796	3.92334e-08	0.000286726	0.956053	0.00037502	0.000263419	3.31089e-06	0.0242596	0.000958181	0.000656185	4.08408e-05	0.000358871	
0.00106156	0.00584427	8.65471e-15	1.08566e-06	0.0432463	0.000289756	0.0123892	0.00133041	0.00189132	7.13751e-06	5.41476e-06	1.94184e-07	0.000338845	1.61901e-05	0.000142252	5.72379e-05	0.000530416	0.00319196	0.000859825	0.928797	
0.0134364	0.00306475	0.0147633	0.085237	0.0133015	0.00871422	0.077523	0.0153086	0.10321	0.0584392	0.0058374	0.0294228	0.0234537	0.373766	0.0853018	0.0332814	0.0392718	0.00396916	0.00450589	0.0081925	
0.0173975	0.0418819	0.0705157	0.0353269	0.0143299	0.431067	0.0178938	0.00299433	0.0211678	0.00378376	0.00024994	0.121839	0.00654808	0.000611796	0.0531777	0.132337	0.00883765	0.0117572	4.71111e-15	0.00828298	
5.11392e-05	0.0466507	0.0202855	2.28462e-07	0.139884	0.00197316	0.135216	0.00574128	0.00775183	0.0441932	0.00540603	0.0362439	4.40092e-07	0.0258488	0.0208291	0.0328016	0.00481103	0.00172419	0.000719486	0.469869	
0.00282532	0.0161659	5.90617e-07	0.0014171	0.00189818	0.0156714	3.18453e-06	0.00318528	0.218741	0.0020445	7.68439e-06	0.0183078	0.00190636	0.0148159	0.604898	0.0791448	0.0141161	0.000307801	0.00454234	7.98054e-07	
0.17343	6.6855e-07	0.161926	0.204233	0.000474083	0.0207504	0.00458506	0.062559	0.00231624	0.0029203	0.0102802	0.0431473	0.0347004	0.0284854	0.000263625	0.0533347	0.100115	0.0964743	1.12411e-09	3.20383e-06	
0.309023	1.01223e-09	0.000192081	6.9479e-05	5.20561e-05	0.00872039	3.40694e-10	0.00114233	0.00581883	0.023101	0.0097803	0.00633067	0.000172759	0.000892894	9.70901e-07	0.633462	0.000100047	0.0010476	2.56935e-05	6.76279e-05	
0.000860279	0.00121841	0.118836	0.0111907	1.25906e-06	0.00474611	0.0154892	0.00986558	0.0464274	0.000290584	8.27789e-05	0.670655	2.91877e-05	0.00263736	0.000988794	0.0866593	0.0191354	9.95664e-05	7.13519e-05	0.0107157	
0.0699277	0.000506778	0.0150091	0.000183722	0.000257618	0.378721	1.60571e-05	0.028375	0.0143274	0.0367665	0.000155161	0.112279	0.00990092	0.0068684	2.65282e-05	0.244552	0.00201975	0.0801067	6.87845e-07	2.86998e-07	
0.0562189	0.0435719	0.00270202	0.00310904	0.0395606	0.00523908	0.00617803	0.000585166	0.00173945	0.00901186	0.00115116	0.00116092	0.0011826	0.00029788	5.61914e-07	0.75469	0.0577755	0.000839999	3.75976e-15	0.0149849	
0.0158507	0.0110788	0.0814294	0.0210401	0.0214289	0.0191857	0.076623	0.0319531	0.0966961	0.0304591	0.00995161	0.31956	0.003116	0.0343992	0.0266142	0.115112	0.0358624	0.0218169	1.73931e-14	0.0278223	
0.00234705	0.0417504	5.97597e-07	0.00315764	0.0759181	0.0228777	3.09399e-05	0.00675047	0.0134852	0.0717493	0.025623	0.00552037	0.00237722	0.000130399	0.00521917	0.0638203	0.000637886	0.00631631	0.570624	0.081664	
0.0364022	0.00153863	0.0294742	0.000433793	4.68419e-06	4.66602e-07	6.80543e-07	1.00035e-05	0.00314505	0.0119973	7.03607e-07	0.0180799	6.70926e-06	0.0228104	0.00629371	0.294334	0.553461	0.000327209	4.31007e-14	0.0216793	
0.000504704	0.00404363	3.21846e-05	0.00386848	0.00426957	0.000853274	0.00019532	0.00204374	0.00229191	0.00552857	4.6494e-05	0.000607887	0.000370202	0.00285383	0.00106737	1.68551e-05	0.0012627	0.000169134	0.964494	0.00548005	
0.02063	1.85799e-06	0.00649909	0.00426623	0.00804975	0.000878834	0.00680345	0.505213	0.0136705	0.0588626	0.0551268	0.0431482	0.00689925	0.0003937	0.0039101	0.0223358	0.0913435	0.151911	1.21052e-27	5.71668e-05	
0.049338	1.79983e-07	4.19928e-09	1.68394e-06	1.57166e-07	0.00765086	0.0015102	0.00152419	4.38864e-06	0.000158235	1.17421e-06	4.09241e-07	0.0296926	0.000622163	0.00090034	0.736699	0.171793	9.9799e-05	8.19354e-11	3.61517e-06	
0.00904192	0.524581	4.62329e-12	0.000170903	0.0305768	0.036708	0.0112664	0.0137793	0.00593094	0.0183432	1.29502e-05	0.0209215	0.00454277	0.000371211	0.0283976	0.123577	0.00989038	0.0160548	0.0133132	0.132521	
0.803893	0.00429369	0.000169525	1.33431e-06	0.000394092	0.00165285	1.37603e-09	0.000578986	0.000181158	0.00355354	0.00300803	0.00557461	0.00764649	7.69179e-05	2.99413e-08	0.00935294	0.0359086	0.123714	3.10111e-11	6.23659e-07	
0.0270948	0.00376291	3.4659e-11	0.00112894	0.00378433	2.9805e-06	0.00022017	0.00484927	0.000854199	0.0615678	0.00713474	0.0147607	0.00858152	6.31625e-08	0.000229974	0.763852	0.101644	2.45125e-09	0.000509081	2.264e-05	
0.26904	4.26796e-15	3.2008e-05	3.19311e-07	3.63471e-10	1.20558e-08	1.98099e-05	0.114553	1.48401e-06	0.00328698	0.00102897	0.0201125	0.0339718	2.07443e-05	0.00164243	0.0409657	0.369801	0.145502	9.12044e-07	2.05088e-05	
0.00105988	4.40287e-05	0.000464216	0.00361813	0.00951573	5.11599e-05	2.31806e-05	0.296713	0.0117469	0.335133	0.261342	0.0108093	0.000389004	0.00388668	1.2687e-06	0.0183061	0.0242331	0.0226248	7.46625e-17	3.92649e-05	
0.0268227	1.20046e-06	5.19535e-05	0.00599205	0.0521791	0.0472464	0.049255	0.0484072	0.123679	0.148165	0.0136279	0.0316184	0.0140759	0.168968	0.169185	0.000678631	0.00121542	0.0821527	9.74583e-29	0.0166782	
0.0596181	0.0060416	0.0970906	1.24041e-05	0.0341302	0.0197507	0.000321172	5.89618e-05	0.000375737	0.0829705	0.00803972	7.83501e-07	0.0249893	0.0603526	0.0675329	0.221947	0.273713	0.0423522	9.64376e-11	0.000702923	
0.00859193	0.0228061	4.51217e-07	6.67265e-05	0.503744	0.00206591	0.00198584	0.0681611	1.27479e-05	0.292001	0.00332845	4.50398e-06	0.00764819	0.000649177	8.57088e-08	0.0331178	0.00318867	0.0380226	0.00770964	0.00689544	
0.007163	2.9463e-05	7.49353e-13	0.040744	0.000832376	0.116168	0.00159318	0.0463878	0.184927	0.0188225	0.00805931	1.20169e-06	0.00451393	0.0382156	0.471983	0.0331912	0.00628249	0.02108	3.47588e-09	5.63798e-06	
0.00938107	0.0496889	1.39227e-09	0.00476365	0.000364342	0.0153609	0.134233	0.000195163	0.016941	0.0120797	0.00173091	0.015287	0.00928368	0.0633796	0.647707	0.00838667	0.00464086	0.00221912	1.20767e-05	0.00434559	
0.415339	3.14693e-06	0.002881	0.0401806	0.00334943	0.0518908	4.10194e-06	0.0185136	0.0441196	0.0237367	0.000606531	0.000227473	0.00531967	0.00194488	0.0140179	0.0736962	0.183321	0.116634	1.07605e-12	0.00421444	
0.000113372	0.0667081	0.0878458	3.48469e-09	4.12537e-09	0.00053837	0.0218623	0.000433502	0.00446668	0.0638812	0.000307855	0.503049	1.38531e-05	1.20489e-05	0.000850952	0.157769	0.0674807	0.00333487	7.65556e-12	0.0213327	
0.0809301	3.0551e-05	0.000356373	0.0343627	0.00163152	4.82455e-07	0.00867905	0.0891512	0.151952	0.0227767	0.0292149	0.0733079	0.0234902	4.88061e-05	0.0657504	0.0690598	0.305341	0.0412434	1.98836e-07	0.00267339	
0.445819	0.00334931	2.25678e-08	0.00144584	2.13857e-05	0.00108348	5.49085e-05	0.00908002	0.000236347	0.0089014	0.0109395	3.27576e-07	0.00119585	0.000143608	1.71559e-05	0.117943	0.341054	0.0576056	0.00110696	3.24394e-06	
0.093107	0.0330757	0.0424481	0.0104456	0.386269	7.63044e-06	6.20438e-09	1.44857e-05	1.36627e-05	0.0203645	1.31524e-06	0.0500606	0.00644394	3.33443e-07	0.000645049	0.198026	0.011113	0.00648324	2.20727e-23	0.141481	
0.374647	2.83676e-05	0.0118581	0.0167733	0.00692072	0.0239795	2.13112e-07	0.0628366	0.00272258	0.0253001	0.0028928	0.00459008	0.00976745	2.4457e-05	2.22396e-10	0.0335219	0.0498783	0.374082	1.08189e-12	0.000177078	
0.00116533	0.00486949	0.0130711	0.0183602	0.000333715	0.0035787	0.0398035	0.00552467	0.178981	0.00544301	0.00993774	0.00288975	0.000199313	0.200163	0.486728	0.0125014	0.00742521	0.00540764	0.000556008	0.00306082	
0.0100676	1.59842e-08	0.0027544	0.00102663	0.0114981	2.10808e-07	0.571632	0.00222158	0.0127556	0.0549807	0.00241468	0.0757719	0.0306713	0.138622	0.0214295	0.0182604	0.00393393	8.0524e-07	1.06614e-12	0.0419584	
0.175278	5.00018e-09	0.00198879	0.0206778	0.0772849	0.000328036	2.26813e-11	0.164079	0.00421658	0.0650026	9.44573e-05	0.0303144	0.0530898	0.00205903	6.92911e-05	0.135923	0.17578	0.0824283	3.30591e-28	0.0113854	
0.00100078	0.00491421	0.024254	0.0071747	0.000402372	1.1847e-07	0.251897	0.0101406	0.0361553	0.00249074	1.4155e-05	0.355321	0.0175893	0.0603588	0.0365404	0.0748069	0.00318775	0.00280916	9.31881e-05	0.110849	
0.00423902	0.00470996	0.00889644	0.00198482	0.000294366	0.000835337	0.689251	0.00047124	1.10633e-10	8.03599e-06	4.0567e-08	0.0246175	0.00356002	0.033262	0.00122702	0.00683145	0.00427258	0.000345285	6.69915e-09	0.215194	
0.0492587	0.0293217	0.018962	0.00131489	0.0505451	0.00308118	7.58974e-05	0.00360827	0.000225653	0.169464	0.000988107	0.000378524	0.178952	0.000937739	0.00557129	0.387845	0.0751238	0.0210521	0.0021804	0.00111456	
0.000491141	0.00222824	3.36738e-08	0.00481207	0.400024	0.00414998	0.0494023	0.0249504	1.23719e-05	0.0565782	0.00586525	0.00933364	0.00568872	1.09415e-10	0.000123605	0.0239573	0.0029418	0.0283135	0.0026455	0.378482	
0.0204153	0.0848427	0.00398101	0.0406243	0.0439094	0.562956	8.26139e-06	0.0790621	0.0139629	0.031675	5.13034e-12	1.30755e-06	0.0226425	0.0183549	3.8064e-05	0.041427	8.77852e-05	0.02178	1.09259e-12	0.0142316	
0.0323362	0.0315755	0.00015225	0.647919	1.32029e-11	0.000383701	0.00521943	0.00427512	3.99697e-05	0.00464126	0.01465	0.00264053	5.57652e-07	0.0632406	7.57568e-05	0.00024568	0.159855	0.00866898	0.0019439	0.0221365	
3.18719e-09	0.0244184	0.0555258	0.0312305	1.99778e-05	0.0072915	0.00263778	0.0263976	0.383783	0.00654626	0.00929012	0.180636	0.00317726	0.0373101	0.121516	0.0826599	0.0270882	3.61286e-06	3.09737e-28	0.000467632	
9.3911e-06	0.0274683	0.112738	0.0631747	2.04047e-12	0.00048891	0.166115	0.0334506	0.0493366	0.0676553	1.39167e-07	0.0830745	0.000543544	0.206461	0.0511144	0.0377085	0.00123996	0.0608173	1.03473e-09	0.0386032	
0.349198	0.000133095	0.000796572	0.0011409	5.81661e-09	0.0118865	0.0130403	1.9137e-05	0.0146817	0.0465961	0.00505481	7.34656e-06	0.247755	0.0646358	0.00838849	0.0481334	0.150522	0.038006	1.11143e-21	5.49419e-06	
3.95636e-07	0.0834703	0.00312758	3.97828e-06	0.0723106	5.71708e-08	3.85273e-08	0.0998267	3.53207e-05	0.0101165	1.15999e-06	0.0233459	0.0628685	1.48313e-08	0.056102	0.00548531	0.00387967	0.578201	1.02243e-24	0.00122486	
0.170438	0.00362198	0.00932465	0.00804561	0.000212997	0.0192554	0.0018807	0.0488259	0.01762	0.0844408	0.0911764	0.0397162	0.00735581	0.00973113	0.00513713	0.137336	0.303707	0.0421592	5.82055e-21	1.49498e-05	
0.0166495	0.00222417	0.000638934	0.00605314	5.60477e-06	0.00595578	0.00164948	0.414391	0.00784804	0.00290547	7.25331e-10	3.88509e-05	1.05522e-05	9.95208e-07	0.000869577	0.0121525	0.23642	0.277874	3.5633e-48	0.014313	
0.029312	4.96003e-05	0.0135571	0.00090451	0.00940909	0.0221342	0.178474	0.00625942	0.150772	1.36278e-06	7.41698e-10	0.0856641	9.71413e-07	0.466889	0.0176921	0.00728093	0.00102413	0.0105725	6.99622e-08	2.50124e-06	
0.000991333	0.0196846	1.53621e-07	0.000887773	0.00407825	0.00257024	0.000475406	0.0147993	0.0212745	0.0224688	0.00804368	0.00386883	4.12568e-09	6.2288e-06	0.0504335	0.633233	0.217164	7.01015e-07	1.21366e-13	1.96066e-05	
0.427899	1.72088e-07	0.0382807	1.12438e-05	0.000258684	0.0527089	0.0233549	6.85294e-05	0.00773429	0.0392487	1.18596e-06	0.0207679	6.70557e-08	3.3846e-07	0.000588872	0.188597	0.130444	0.065962	5.32472e-10	0.00407386	
0.648039	1.71261e-05	0.0016222	7.95467e-05	2.71509e-09	0.0729469	0.000629458	0.00370508	5.95472e-05	8.19125e-09	7.34651e-06	1.96331e-05	5.0481e-05	9.24242e-07	2.47157e-05	0.22079	0.0360398	0.0159661	1.03623e-60	2.20623e-06	
0.000600295	0.0367838	0.014164	0.0203958	0.00298425	0.000793085	0.498476	0.00569321	0.0284053	0.00437834	0.00171171	4.18196e-05	0.0102494	0.0119911	0.045634	0.0325361	0.0166853	0.000414319	0.0116823	0.25638	
0.0031906	0.11976	0.002994	1.14647e-07	0.227473	1.84606e-05	0.00966207	0.0212485	6.5944e-05	0.128425	0.0406291	0.0210514	0.0862133	0.00091861	0.000170352	0.0835126	0.0639658	2.04109e-05	7.86429e-10	0.190681	
9.94848e-08	0.153592	7.88346e-14	0.0148683	0.00149568	0.000461073	0.190607	0.00337385	0.00502101	0.00467821	0.0411519	0.148919	3.50752e-05	0.15288	0.0501486	0.114414	0.0110892	0.0347952	9.26633e-10	0.07247	
0.108534	6.88602e-07	0.0496205	0.0536652	0.00314458	1.24076e-05	0.000429143	0.0603156	0.105702	0.170859	0.0569488	0.0704794	0.00432915	0.0726308	8.2602e-08	0.0423104	0.0438778	0.153799	5.39326e-05	0.00328809	
0.0200775	0.00664355	0.135883	0.000111961	4.31529e-06	8.32648e-07	0.30744	0.000512832	0.0928683	0.0542044	1.29141e-08	0.178907	3.74021e-05	0.0317056	0.144849	0.00150843	0.0018317	0.0162427	1.56385e-09	0.00717207	
3.18457e-05	0.00112774	0.000277277	0.0235884	0.147823	5.94759e-05	0.0552546	0.141909	0.0439243	0.384409	9.67059e-06	0.0708337	1.04909e-06	0.00202441	0.00203192	0.0210691	0.000159596	0.0490845	1.80918e-08	0.0563814	
0.122689	0.330115	0.0349228	0.00406118	5.36525e-06	4.79555e-11	0.0310175	0.0280484	0.0089363	2.90563e-05	0.0317809	0.218699	0.00117729	0.0418349	0.00155675	0.0166057	0.0652823	0.0632031	5.68345e-09	3.59151e-05	
0.183133	0.22648	2.03421e-11	1.26698e-06	1.56677e-14	0.000731175	6.60842e-08	0.0204482	0.00263055	0.00126258	0.000982858	0.020211	0.0170036	0.0339318	0.0089169	0.320184	0.104192	0.0524527	7.52395e-36	0.00743833	
0.00378519	0.0677453	0.00669718	0.0165698	0.0537853	0.000126173	0.0985674	0.0102363	0.0351079	0.076857	1.40755e-11	0.0663978	0.0314983	0.0309651	0.350237	0.081317	0.00284782	0.00589381	0.0142642	0.0471017	
0.000703903	0.00377643	1.39064e-10	0.0102382	0.000228555	0.00547933	5.30932e-05	0.287128	0.00282369	0.0803337	0.363536	0.00289388	0.00453497	0.0218744	1.47695e-11	0.0353016	0.126869	0.0524553	8.65109e-06	0.00176151	
0.0965033	8.38434e-06	0.0608395	0.177959	0.000233385	0.328321	1.13358e-05	0.000378639	0.0478018	0.0165876	0.00266284	0.0117311	1.44312e-10	0.0280899	0.108849	0.0501354	0.0242479	0.040169	0.00341752	0.00205399	
0.237865	8.47266e-08	7.92345e-10	1.82827e-05	0.00388876	0.282555	0.0248217	0.0588929	5.99178e-08	5.26278e-07	5.98999e-11	0.021897	0.0413063	0.0069697	0.00928949	0.0225016	0.0915852	0.198398	3.17822e-17	1.01389e-05	
0.0654536	0.290604	8.63746e-07	0.0671342	0.0421842	0.000890696	0.000706026	0.0655768	0.0794929	0.14506	0.000132052	1.79148e-09	6.32681e-06	0.00556782	0.000133646	0.230045	0.00193364	0.00485281	4.65485e-07	0.000224796	
0.128649	3.7305e-05	0.0474764	0.186761	4.17145e-07	0.0226126	3.07967e-05	0.00446607	0.0966039	0.0195708	3.12342e-06	0.0171543	0.174737	0.0750694	0.00736001	0.145611	0.0734279	4.67189e-05	2.1982e-35	0.000383048	
1.97021e-06	0.000710271	0.0709705	0.00724687	1.20284e-08	0.000361941	5.71585e-05	0.000447136	9.26944e-06	0.72952	0.000331966	0.0324779	0.103587	2.6473e-06	0.00261515	0.0323884	0.0139703	0.00511501	1.6815e-19	0.000186307	
0.00144253	0.0121902	4.13978e-09	0.0178046	0.0116692	0.0597646	0.0346781	0.0516728	0.0140205	0.00123205	0.00723128	0.0331076	0.003982	0.129367	0.441918	0.0185394	0.101217	0.00255644	2.17776e-18	0.057606	
0.0325102	0.0144129	0.0229137	0.00112309	0.189471	0.0469006	0.231161	0.0301993	0.00986104	0.00418162	0.000350294	0.0807628	0.00653206	0.0514265	0.00228626	0.0878455	0.00664127	0.00818356	2.78212e-11	0.173237	
1.26351e-05	0.0118615	0.00224385	0.00828272	0.0103287	0.000201675	0.0251516	0.0116298	0.227809	0.0371521	0.0423456	0.000574452	0.0618609	0.198407	0.189314	0.0710349	0.0677258	0.0339919	1.4595e-10	7.26847e-05	
0.000871889	0.199008	0.000268022	0.0170071	1.04547e-09	0.00279216	0.000937196	0.290178	0.0330433	0.00805656	0.000309136	0.118608	0.285814	0.000645911	5.66454e-10	0.0158639	0.0227686	0.000524351	5.05369e-15	0.00330405	
0.005183	0.000222415	1.60557e-05	0.00192319	0.00746476	0.000369165	0.000295309	0.188833	0.000211165	0.197553	0.021173	8.61039e-06	0.311043	0.0215581	0.000491686	0.0278534	0.160558	0.0549772	3.7824e-19	0.000265874	
0.00175592	1.23595e-05	8.84891e-09	0.000142635	4.69416e-06	0.000585539	9.63497e-05	0.0015728	4.6444e-06	0.0215287	2.30665e-06	1.68685e-05	0.00373679	0.000183389	0.000178883	0.887653	0.00874968	0.000227859	1.46433e-11	0.0735473	
0.0118989	0.00155394	0.000249923	0.020385	1.20716e-07	0.00067901	0.00340304	0.223324	0.160923	0.249913	0.0132509	0.0154251	0.0349643	0.0154868	0.114811	0.103865	0.0238728	0.00216794	1.07855e-07	0.00382656	
0.00564261	0.109752	1.12024e-15	0.100458	0.000110567	0.10284	2.25392e-08	0.0128742	0.00496767	0.251578	0.0281306	0.114544	0.000117753	0.0603139	9.98866e-10	0.0389394	0.00015133	0.0011536	1.25787e-13	0.168426	
0.107045	7.83072e-05	3.57825e-06	0.027611	0.0618772	0.154659	0.00155835	0.0119149	0.00505986	0.0756445	0.0057168	0.0183913	1.35132e-07	7.07046e-07	2.52045e-05	0.0345214	0.0954406	0.397648	4.94291e-29	0.00280392	
0.0116765	0.0677127	9.63267e-06	9.09953e-06	0.000161248	0.00861401	0.0176173	0.00384667	0.00794366	1.10718e-05	7.87203e-19	0.00716847	0.446195	0.0116443	0.071569	0.338743	0.000772556	0.00630565	2.25733e-10	2.1807e-08	
5.87675e-05	0.000753212	1.56763e-26	3.48511e-05	1.14033e-07	3.46879e-07	0.022165	0.00129807	3.30236e-08	0.0388001	0.028137	0.00392806	5.57868e-07	0.0004996	0.0200898	0.707345	0.176682	3.42591e-06	1.63547e-12	0.000203882	
0.00390144	0.0588973	0.0287329	0.0372213	0.217665	2.17696e-07	0.0266841	0.0681421	0.032278	0.130528	0.0748652	1.01801e-06	0.000250722	0.033483	0.00865805	0.122133	0.123963	0.00735642	2.10157e-06	0.0252378	
0.0658234	0.0971187	1.17255e-09	0.424851	6.07323e-05	5.28419e-05	0.107952	0.0370707	0.00937608	0.00143618	0.0152817	4.36752e-08	5.0782e-05	0.0338351	2.03693e-05	0.00600136	0.00933191	0.0283879	2.18018e-15	0.163349	
0.0367994	1.5671e-07	1.24394e-06	1.82783e-05	0.00122256	0.266492	0.0114064	0.0757999	0.000251656	0.000981076	0.000327704	0.00199487	0.00178538	0.00487369	0.00767675	0.538377	0.0204324	0.0315576	4.34836e-18	1.4477e-06	
0.000260504	0.025452	0.0797785	0.00355869	3.10412e-07	0.078554	0.0309305	0.0293574	0.186196	0.0596876	0.088494	0.00395447	5.33165e-06	0.191502	0.00261718	0.125402	0.040645	0.049605	1.81616e-13	0.00399835	
0.000283668	0.00349377	0.0110797	4.5803e-05	0.0131345	0.00324588	0.0250518	0.00429991	0.235703	0.182209	0.0034331	0.0250243	3.65338e-13	0.000345267	0.00240211	0.0145164	0.019486	0.015987	2.39517e-06	0.440256	
0.0241356	0.0504153	0.0142346	0.0267685	8.41439e-09	0.0010791	0.0709213	8.37217e-05	0.00112472	0.414557	0.0065821	0.0152617	0.0161514	0.0898959	0.000228353	0.188678	0.0510435	0.0288379	3.85244e-09	1.32615e-06	
0.00956645	0.00340868	0.000569158	1.52201e-05	0.0246603	0.000537354	9.39807e-06	0.161496	0.00458148	0.00233501	0.00255507	0.405196	0.00180936	0.0213355	7.20075e-10	0.00622635	0.0244849	0.0381214	1.08355e-22	0.293092	
0.000305104	0.00107595	0.01379	0.00990226	8.62584e-06	0.16633	9.33811e-08	0.20855	0.0474218	0.00876587	0.0745515	0.122587	0.0280548	0.0215934	0.00166001	0.0685218	0.024704	0.131238	5.60967e-15	0.0709394	
0.000662715	0.0171482	0.00206082	0.0187515	0.0545625	0.0655816	0.0111168	0.0484046	0.0829298	0.0641003	0.00152002	0.000132127	0.0149998	0.00949629	0.26111	0.101602	0.0348392	0.0273017	0.0927708	0.0909091	
0.036391	0.00182853	0.0157565	0.00448778	0.0391361	0.0490179	0.231533	0.0131822	0.017544	0.22963	2.09358e-06	0.0328565	0.00737057	0.147889	0.00143647	0.00370185	0.00866882	0.140375	3.10106e-19	0.0191933	
0.177041	0.00894699	0.202654	2.09486e-09	0.105629	0.0370274	0.0120373	0.000288711	0.000143079	0.198822	8.21143e-05	0.00552504	0.00584194	0.016482	0.000344803	0.101933	0.123944	0.0028446	0.000410342	2.9222e-06	
0.0251766	0.00411086	0.0628759	0.116522	0.00260808	0.0366305	0.164141	2.12342e-05	0.000401007	0.040065	0.00765998	0.0230316	5.50108e-05	0.219154	0.17315	0.066342	0.0579214	0.000130688	7.23759e-10	3.43098e-06	
0.0280953	0.00686788	0.475753	0.0314138	0.00746607	1.74099e-08	0.00605148	0.0122481	0.0749276	0.00391901	0.0404815	1.15902e-05	9.06456e-06	0.00327882	0.0117864	0.194576	0.000163603	0.0123419	7.49526e-09	0.0906083	
0.00593703	8.07079e-06	0.0221571	0.207649	2.68299e-08	1.02344e-05	0.00162468	0.000539096	0.0659471	0.000123283	0.0176574	0.000459509	0.0386701	0.148183	1.22522e-05	0.23663	4.39713e-05	0.124744	0.126965	0.00263852	
0.00155958	0.00461042	6.14048e-07	1.20162e-05	0.00023925	0.0057453	4.22119e-07	0.0889021	0.020253	0.12659	0.0212961	0.00719849	4.29714e-06	0.0512389	0.0427989	0.206066	0.314183	0.107589	0.00171233	7.11021e-11	
0.21836	0.00731925	0.000554421	0.000762936	0.00126771	1.50622e-06	2.59827e-05	0.174236	0.00418837	0.00162383	0.150212	0.000127957	0.404427	1.32839e-05	0.00178482	0.0338431	0.00120907	4.33586e-05	1.83772e-30	1.8861e-09	
0.0356333	4.21224e-05	2.59701e-08	0.00020314	0.000376494	0.417101	1.98224e-10	0.00895218	2.19824e-05	0.0821054	3.01957e-09	0.0244089	5.02332e-06	0.0649321	0.00725004	0.244579	0.00551921	0.0295622	9.77324e-06	0.0792983	
0.301885	0.00581724	8.30197e-06	0.000245802	0.0273832	1.16345e-06	0.0321432	0.0778917	0.0586742	0.0133091	0.0686468	0.0015404	5.35802e-11	0.00447168	0.112402	0.272683	0.0104191	0.0124094	5.76725e-21	6.83629e-05	
0.000196784	0.00145675	0.00653735	6.34969e-07	0.092803	8.10372e-05	0.000311336	0.0402655	0.0216508	0.256057	0.0132205	0.0580275	0.000845214	0.000781261	0.00362703	0.450106	0.0415916	3.74855e-07	7.33766e-12	0.0124403	
0.0171813	0.0190101	6.26485e-12	0.0202361	6.61418e-09	0.457968	0.174078	0.0937929	1.08411e-05	0.0421008	0.00937783	8.94782e-05	0.00536226	0.145943	0.000204376	0.0134533	0.000102738	0.000712657	1.24841e-14	0.000375567	
7.35047e-07	0.00724186	0.00630993	3.3981e-05	3.1007e-05	0.0576595	0.0238535	0.131315	0.648511	0.00838309	5.76785e-05	0.00139319	1.16171e-12	0.000929481	0.0585961	0.000196361	8.25141e-05	0.0551101	8.07127e-08	0.000294428	
0.282459	1.8154e-06	0.0189281	0.0868211	0.00412862	0.0159003	0.00135618	0.0343922	0.000795837	0.164609	0.0311052	0.0114708	0.000279987	0.0189676	6.93055e-06	0.00560373	0.0651306	0.108969	3.4031e-05	0.14904	
0.0152412	0.0223677	0.0522456	9.43274e-05	0.000987556	0.000498002	0.00685664	0.0417432	0.023629	0.0423644	0.0196478	0.170507	0.0594248	0.319973	0.0431504	0.0507162	0.12583	0.00243426	0.00228899	6.38675e-07	
0.0998905	0.000209041	1.47846e-09	0.000178121	0.0572147	0.000427423	0.092962	0.027625	0.205431	0.0272027	0.000352154	0.00306492	0.0958658	2.18152e-06	0.213303	0.000606357	0.100145	0.0528486	3.26972e-48	0.0226707	
0.000328522	0.00303262	5.83622e-05	0.0164754	0.0450305	0.00404989	1.40668e-11	0.152763	0.111161	0.00126907	0.00180756	0.138675	4.14528e-06	0.00134949	0.0118653	0.0271091	0.0560397	2.40957e-06	0.428976	2.45737e-06	
7.22088e-05	0.0151275	0.00121127	0.0019422	7.69954e-05	6.23397e-07	0.185952	0.0866951	0.340453	0.011285	0.117204	0.0199308	1.77769e-05	0.00015741	0.00708508	0.0180566	0.0340119	0.160719	8.6976e-20	2.20749e-06	
0.0615415	8.12097e-05	0.257675	5.57846e-05	2.7386e-08	0.000197113	0.00495355	0.1073	0.0402519	0.178767	1.80532e-06	0.0272937	0.0459973	0.000192286	0.0452842	0.0307713	0.0371152	0.162515	2.43942e-14	5.65807e-06	
0.140707	0.000775572	0.134965	1.97122e-06	0.0212464	0.107343	0.0813256	0.176116	0.0160109	0.00715085	8.32219e-05	0.00523223	0.015886	0.000275012	7.81012e-05	0.291551	7.82215e-06	0.00123167	2.25573e-29	1.24249e-05	
8.18237e-05	0.000524779	0.136515	0.153165	0.000165923	0.112493	3.02682e-16	0.00387362	0.0611824	1.42585e-05	1.49243e-06	0.0220796	0.0743608	0.165275	0.145467	0.0649031	0.00338032	0.0371889	1.03213e-06	0.0193265	
0.651231	1.44105e-06	0.00593828	0.015092	1.14402e-05	2.55493e-07	0.00313436	0.000651718	0.000813731	0.0160741	8.45722e-10	0.0100833	0.000137793	0.189755	0.000178185	0.0282288	0.0285559	0.0493249	6.29158e-29	0.000787252	
7.00755e-09	8.32454e-05	0.000433377	0.0270197	0.149345	0.0226184	0.38833	0.000904025	0.0213657	0.0862869	1.30363e-06	0.142562	0.00213851	0.0232065	0.0103766	0.00357991	0.0193504	0.000229576	0.101687	0.000482908	
