CATSBDP
1	-1	23791
1
1.8
0	0
0	0
../../data/clustal34_ag_lt0.26_no_outgr_escha.phy
4
0
Universal

0
0
0
0
10	0
0
(((Qwaq_sco:0.158181666807386,((Syne_gif:0.0338092132599103,(Syne_jap:0.0174492193370926,Syne_umb:0.0182970730172549):0.0334652321356134):0.00761512431884188,Syne_ito:0.0402007402194097):0.146279172772049):0.0041265619723664,((((((((Lepto_cl:0.0916532512507201,Lepto_he:0.12996826533794):0.0394924238490072,Lepto_bo:0.12003450550837):0.190426585833358,Gana_sp1:0.21822072578):0.235325235679707,Callas_no:0.201268133456448):0.0102378007042784,(Phaen_vi:0.130623450288777,Allox_ar:0.208846595645463):0.0484078792025024):0.0245034461758628,Parn_nig:0.132033798831381):0.0468754029632709,((Pedia_ac:0.192762542889692,Dipl_spi:0.243375195486096):0.0257413813071781,Cecin_ib:0.625214370549778):0.0321616112756041):0.104115027321812,((Aylax_hy:0.0535051114595535,(Hedic_le:0.0719178651382507,(Aula_tav:0.0426576059295915,Isoc_cen:0.0592025581662217):0.0150462454088218):0.00388350403714699):0.0763959170325063,Phana_JH:0.159846996349692):0.00956817938515824):0.00952823568981149):0.0167756677250245,((Cerop_ma:0.140857746948926,(Prot_spe:0.111039039475567,(Calli_sp:0.15720558016005,((Andr_gro:0.0959484748406874,(Andr_qrm:0.0333509086800181,Andr_cur:0.0418358364776095):0.0104984760665493):0.00533599396686428,(Bior_pal:0.0781449869825794,(Andr_qln:0.113619810080437,Beloc_tr:0.0406116807389514):0.00735012038959733):0.0185913064277083):0.0432417337042239):0.0257363580667117):0.0138313503316215):0.00237348838792706,Irae_his:0.106248219491431):0.00394912798038651,(Diast_ki:0.0619986991180622,Peric_JH:0.0785396829619152):0.0770156477152214);
(((Qwaq_sco:0.158181666807386,((Syne_gif:0.0338092132599103,(Syne_jap:0.0174492193370926,Syne_umb:0.0182970730172549):0.0334652321356134):0.00761512431884188,Syne_ito:0.0402007402194097):0.146279172772049):0.0041265619723664,((((((((Lepto_cl:0.0916532512507201,Lepto_he:0.12996826533794):0.0394924238490072,Lepto_bo:0.12003450550837):0.190426585833358,Gana_sp1:0.21822072578):0.235325235679707,Callas_no:0.201268133456448):0.0102378007042784,(Phaen_vi:0.130623450288777,Allox_ar:0.208846595645463):0.0484078792025024):0.0245034461758628,Parn_nig:0.132033798831381):0.0468754029632709,((Pedia_ac:0.192762542889692,Dipl_spi:0.243375195486096):0.0257413813071781,Cecin_ib:0.625214370549778):0.0321616112756041):0.104115027321812,((Aylax_hy:0.0535051114595535,(Hedic_le:0.0719178651382507,(Aula_tav:0.0426576059295915,Isoc_cen:0.0592025581662217):0.0150462454088218):0.00388350403714699):0.0763959170325063,Phana_JH:0.159846996349692):0.00956817938515824):0.00952823568981149):0.0167756677250245,((Cerop_ma:0.140857746948926,(Prot_spe:0.111039039475567,(Calli_sp:0.15720558016005,((Andr_gro:0.0959484748406874,(Andr_qrm:0.0333509086800181,Andr_cur:0.0418358364776095):0.0104984760665493):0.00533599396686428,(Bior_pal:0.0781449869825794,(Andr_qln:0.113619810080437,Beloc_tr:0.0406116807389514):0.00735012038959733):0.0185913064277083):0.0432417337042239):0.0257363580667117):0.0138313503316215):0.00237348838792706,Irae_his:0.106248219491431):0.00394912798038651,(Diast_ki:0.0619986991180622,Peric_JH:0.0785396829619152):0.0770156477152214);
1
10.9227
0.52909
5000
24.454
0.256634	0.155318	0.181979	0.178654	0.184471	0.22056	0.188791	0.314021	0.240199	0.26216	0.165139	0.234137	0.14761	0.211216	0.190735	0.386557	0.346797	0.279653	0.0719966	0.176447	

0.00284858	0.968656	6.89281e-05	0.00116519	0.00601424	0.00202911	1.41442e-06	0.00142226	4.76552e-07	0.00131918	0.000262675	2.66959e-08	6.46924e-05	7.52381e-11	0.00132645	0.0121521	0.000323804	9.83619e-05	1.18646e-19	0.00224662	
0.88111	0.00137963	0.000982485	0.00235525	0.00293361	0.01674	9.88896e-05	0.000491115	2.08066e-08	0.000359116	8.97672e-07	0.00106422	0.00220067	0.00208297	9.34536e-08	0.0644007	0.0174089	0.00638249	4.13425e-21	9.28074e-06	
0.00360999	1.05115e-08	0.000390943	0.0774484	0.000157962	0.0303883	0.0462554	0.0222096	0.149904	0.0657406	0.00603039	0.0106886	0.04437	0.274365	0.192894	0.0261446	0.022748	0.0123571	0.0036477	0.010649	
0.000427981	0.000117137	0.000419639	2.50712e-08	2.40326e-06	0.00236289	0.00574064	7.95703e-05	0.0131236	0.00482294	0.00147034	4.13979e-05	0.000763952	0.012013	0.947747	0.00606259	0.00111937	0.00086468	2.47667e-10	0.00282065	
0.0160397	0.0157593	0.00107197	0.00134887	0.0101015	0.0110815	0.000396644	0.00773069	0.00204467	0.0135363	0.000179567	0.018442	0.0151592	0.000748469	0.00887067	0.777501	0.0960194	1.76494e-08	0.00032312	0.00364575	
0.00540111	4.24712e-07	0.0187739	0.0063909	0.0201051	1.10765e-08	0.495989	0.0159776	0.0152194	0.044511	9.03219e-06	0.0743902	0.0391054	0.164347	0.0156904	0.0359915	0.00929412	0.00194309	2.06866e-16	0.0368613	
0.000588129	1.68276e-17	1.12325e-13	0.00143282	0.000454481	0.000184813	7.68052e-07	0.00126555	0.915856	0.0013721	0.000854733	0.00299778	4.53998e-16	0.00398405	0.0658753	0.000784511	0.00237269	0.000819614	0.00113851	1.80144e-05	
0.00776438	2.32939e-11	0.00226737	0.00076657	0.000859371	0.969455	1.8626e-05	5.27788e-05	0.0015067	1.59988e-10	0.00092461	0.000767113	4.31291e-08	2.57084e-07	5.73821e-08	0.0123206	0.0024706	2.02589e-05	9.97445e-07	0.000804662	
0.0231793	0.0440716	0.000909544	0.0194129	0.0136352	5.90992e-06	3.57894e-08	0.0445472	0.0136396	7.93192e-10	1.81128e-13	0.145163	0.0113093	0.00918932	0.0680006	0.390454	0.177276	0.0228602	3.45804e-05	0.0163118	
0.0310928	0.000933691	0.0673175	0.588611	0.00117912	0.038391	0.00397886	0.00470914	0.100121	0.00573806	0.0031094	0.0184934	0.00369105	0.0837258	0.00905461	0.00899535	0.00701696	0.0238296	6.54515e-33	1.11703e-05	
0.0768112	0.00304398	0.0102583	0.0157243	0.029298	0.0157454	0.0212263	0.0294595	0.0291971	0.139593	0.00443987	0.0114467	0.181408	0.0478678	0.0298165	0.212743	0.101603	0.0267574	0.00378947	0.00977076	
0.00395226	0.0008337	0.154613	0.0197331	0.000192974	0.0153257	0.0114213	0.00947272	0.0359719	0.00251744	0.000391494	0.570687	2.20686e-05	0.00776734	0.0158008	0.116646	0.0306878	0.00298967	0.000944331	3.00998e-05	
0.0024928	3.53357e-05	0.00246599	0.0298149	0.0022998	0.00245526	0.00204849	0.00771113	0.718711	0.00638574	0.00712606	0.0538127	0.00212473	0.041251	0.0882023	0.00656113	0.023134	0.00212469	5.8698e-14	0.00124319	
0.0358358	0.00228773	0.00367631	0.00893886	5.75126e-05	0.00649182	0.0121064	0.00325816	0.00398523	0.0299901	0.00163043	0.00591816	0.724952	0.0241614	0.0114837	0.0916096	0.0259884	0.00600102	3.31402e-23	0.00162737	
0.00552043	0.000228788	0.108165	0.851398	0.0002367	0.00913053	1.46078e-09	0.00126006	0.00433815	0.00116468	0.000690082	2.29421e-05	2.29408e-05	0.0118787	0.00144296	0.000186511	0.000353611	0.00344636	3.95929e-19	0.000513262	
0.0505522	0.00243968	0.00481724	0.010998	0.0149036	0.00936582	0.000626408	0.169258	0.00356423	0.0341105	0.0252328	0.00533789	0.00186739	2.68112e-10	4.13195e-06	3.69895e-05	0.0082882	0.658594	4.80812e-07	2.33772e-06	
0.000165969	6.20782e-13	1.64818e-06	8.51216e-08	3.7151e-06	0.00015705	0.000114802	0.0329392	0.000312397	0.938137	0.013175	0.000155201	6.89846e-08	0.00132264	0.00157028	0.000780094	3.4191e-05	0.0102738	0.000347019	0.000510335	
0.00221531	1.5975e-12	5.02041e-06	0.00413927	1.91455e-09	0.00883361	1.07905e-11	0.00579318	0.334522	0.00472245	0.000364169	0.000185125	0.00326814	7.681e-05	0.630609	0.00254849	0.000164985	7.00752e-08	0.000588276	0.00196342	
0.147846	0.00411323	0.0937341	0.154501	0.0189512	0.0416522	0.00283451	0.0890495	0.0273337	0.0386393	0.0094969	0.0239883	0.0336229	0.0272126	0.00869924	0.0484726	0.0911746	0.134859	6.82428e-11	0.00381925	
0.102624	0.140268	0.0154407	0.0051514	0.000388075	0.00311375	0.001112	0.0147771	5.1391e-05	0.00041767	0.000711024	0.0517238	0.0179077	0.00112571	9.33523e-08	0.560272	0.0497793	0.0350597	7.60419e-05	1.36358e-10	
1.01583e-06	0.00372892	0.000260594	0.000132295	0.0535024	0.000500446	0.0102147	0.00193652	0.00121644	0.00104274	1.17526e-08	3.06029e-07	4.83415e-10	0.000176409	4.89717e-05	9.70837e-06	0.000251841	0.00333578	0.00060875	0.923032	
0.0261613	0.004361	0.0081739	0.0415746	3.13596e-07	0.843538	0.00248589	0.00118062	0.00490447	0.00352193	0.000259043	0.00897479	0.000405647	0.000828863	0.0230539	0.0213378	0.00300879	0.00487235	0.000851315	0.000505811	
0.346515	0.0014768	0.0818577	0.13264	1.92572e-05	0.0226314	0.00387681	0.00775404	0.000719002	0.012384	4.07921e-11	0.0115971	2.12247e-06	0.0279349	0.00105792	0.240009	0.0795236	0.029991	3.82758e-15	1.07175e-05	
0.0196054	0.0017134	0.00325941	2.85938e-05	0.0437043	0.000762595	0.00208381	0.3536	0.00116695	0.19637	0.0266016	0.000217483	2.90364e-05	1.80553e-05	0.00360538	9.92553e-05	0.0205145	0.319511	0.000189229	0.00691984	
0.0265084	2.83902e-06	0.00174283	0.00251248	1.82021e-07	2.02025e-06	5.43524e-11	0.0496327	0.0105076	5.36577e-06	0.0192544	0.0170353	0.000408082	0.000263673	0.00614861	0.0451718	0.820633	9.23611e-05	1.12955e-19	7.81779e-05	
0.135364	6.52519e-07	0.00262136	0.0138066	1.35981e-06	0.00126179	0.00204045	0.0748406	0.0304297	0.0676157	0.0494904	0.0344437	5.01863e-05	0.0180314	0.00749434	0.14162	0.399288	0.0207696	1.26816e-13	0.000829474	
0.0204079	0.0597696	0.00103964	4.06848e-08	0.0533921	0.017763	0.000382595	0.00479208	0.0194863	0.0632428	0.0287569	1.39867e-09	0.0210316	6.88414e-12	0.00791985	0.0111755	0.0132243	0.0132613	0.635677	0.0286772	
0.000870857	0.00215064	4.02853e-05	8.91528e-05	0.950787	2.37253e-06	0.000257084	0.00320581	0.00109851	0.0102381	0.000167435	0.0014896	2.14759e-05	0.00160306	4.64796e-05	5.25532e-05	2.02001e-06	0.00146046	0.000552894	0.0258646	
0.107862	0.0170407	0.0213542	0.0657556	0.0390971	0.0408313	0.0249526	0.0114063	0.00212509	0.000223755	0.227492	0.0746324	0.00897373	0.102053	0.0207152	0.0523406	0.0737471	0.100375	4.37634e-07	0.00902162	
0.0676232	0.0577738	5.36874e-07	6.37681e-06	0.0838662	3.11762e-06	0.00864615	0.00220774	0.0013191	0.00818214	9.24854e-05	0.00535123	0.00548867	0.00319544	1.65064e-05	0.648458	0.0633305	0.000272026	0.000780208	0.0433861	
0.000487691	0.0100058	0.0437583	0.00737779	0.00058128	0.0209606	0.0436209	0.0285368	0.15233	0.019463	0.0223227	0.289755	0.00131358	0.0303286	0.0933588	0.151584	0.0622036	0.0109422	9.95359e-06	0.011059	
0.0204405	0.000735678	0.239145	0.532415	0.00363768	0.00242529	0.0120272	0.00136907	0.0592977	0.0102881	0.000506876	0.0339104	0.00297348	0.0349966	0.00746644	0.0122861	0.0117098	0.00895547	0.000508361	0.00490578	
0.0064067	7.67247e-05	0.64158	0.11778	0.00494399	0.0204151	0.0145645	0.00466583	0.00572772	0.00334933	6.57686e-05	0.131048	0.000260407	0.00426183	0.00385004	0.0120913	0.00571858	0.0102702	1.49852e-08	0.0129245	
1.05489e-05	0.000376888	0.00565176	0.00680061	0.00163189	0.0150862	0.0124133	0.0282935	0.0293728	0.001102	6.27825e-05	0.551068	3.84055e-08	0.00936347	0.00616389	0.273201	0.0580395	0.000338253	3.31746e-06	0.00102061	
5.38395e-08	0.00248845	0.00129585	0.000653214	0.00506137	0.00131623	0.000143622	0.0214159	0.00538501	0.0221466	0.926862	0.000254653	9.66131e-08	0.00014006	0.00448597	0.00493841	0.00153763	0.00184846	6.5553e-06	1.96513e-05	
0.0157153	0.0045324	0.0283718	0.104266	0.00408748	0.0105999	0.0183599	0.00844221	0.395346	0.0102545	0.00297114	0.145007	0.00711348	0.0639754	0.0750859	0.0611306	0.0373122	0.00641671	5.30451e-06	0.0010071	
0.0224997	0.00270179	3.22198e-06	0.00645405	0.000158621	0.00355185	0.000109734	0.150328	0.0142718	0.101164	0.440223	0.000233677	1.49949e-06	0.00273892	0.000395401	0.0211569	0.119193	0.109096	0.00571721	8.96251e-07	
0.00193411	9.56351e-05	0.000191805	3.0959e-05	9.9846e-06	0.00141242	4.79083e-07	0.000131755	0.0027663	0.00791953	6.62638e-07	7.65946e-05	0.953768	0.00097035	0.000930506	0.0295077	0.000153137	8.65428e-05	1.68054e-09	1.36577e-05	
0.331009	1.67507e-05	0.00309283	0.0141708	0.00128135	0.00827911	0.00414718	0.0427249	4.28439e-05	0.113654	0.05729	0.000542087	0.0284425	0.014751	2.83631e-06	0.161715	0.168104	0.0449445	2.81942e-12	0.00578992	
0.0022591	0.0410321	0.00692371	1.96556e-05	0.142189	0.00308179	0.116651	0.00869287	0.00456158	0.0274511	0.00234591	0.0282016	0.00332123	0.0286066	0.0128724	0.0394885	0.00161404	0.00422129	1.7939e-09	0.526466	
1.98015e-05	0.0681662	3.21045e-05	0.000681619	0.00421658	0.0128886	0.00520416	0.0467044	0.0294288	0.010929	0.00884364	0.379482	3.18855e-05	1.13739e-06	0.0341207	0.316856	0.0372639	0.0260539	2.16142e-06	0.0190727	
0.325209	0.00126865	0.00613551	0.008134	0.0148133	0.0112352	0.00156484	0.0825331	0.000903596	0.026168	0.00563332	2.35451e-06	0.00580161	5.2487e-05	1.00458e-05	0.0274198	0.052204	0.430276	0.00057952	5.57539e-05	
1.16908e-05	3.37148e-07	1.42407e-09	0.00499937	0.483185	0.000254426	0.0183976	0.0114797	1.33662e-05	0.0584452	0.000222279	0.0010224	0.0119227	5.28551e-06	0.00277153	0.0150915	0.00556085	0.0102607	0.00113738	0.375219	
0.00209803	0.000523425	0.00182909	0.0174192	2.4117e-07	0.0025576	0.0444183	0.00211135	0.0136516	0.0180207	0.000194727	0.00291942	0.00860519	0.868108	0.0110194	0.000998977	0.00383264	0.000261708	1.51348e-10	0.00143065	
0.000928192	0.000664931	4.86611e-05	8.64339e-06	0.000748521	6.84305e-05	0.000283434	0.27076	0.000371376	0.00916323	4.67546e-07	2.85938e-11	0.000517091	0.0003538	8.71129e-06	0.000748593	0.000294618	0.715012	1.3558e-13	1.98196e-05	
0.107168	0.00186383	0.00828581	0.0178335	0.00372783	0.0571766	0.000231978	0.140562	0.0128078	0.0832486	0.0964336	0.00779974	0.0103244	4.06848e-08	0.00370574	0.0578899	0.0981163	0.290798	4.77654e-19	0.00202637	
0.0103971	0.0212591	0.00725262	5.13186e-07	1.75706e-06	0.06901	0.00027169	0.00301094	0.00600617	1.4772e-05	0.00112634	0.188668	1.34979e-09	0.000246379	0.0228733	0.617614	0.0485129	0.0018081	5.85482e-10	0.00192644	
0.000353616	0.0118972	0.00340738	0.0164193	0.0155322	0.00367375	0.0287433	2.63633e-06	0.000476947	0.000751123	3.64334e-06	2.72846e-06	0.466138	0.0444596	0.0203073	0.365836	0.0214364	1.09875e-06	4.15336e-08	0.000557781	
7.09213e-09	7.6477e-07	0.00386109	0.000909781	0.0825024	0.00460746	3.03792e-05	0.017167	0.00209087	0.845517	0.0251729	0.000177551	0.000680419	0.000595058	4.64121e-05	0.00788452	0.000130233	1.60075e-05	0.00172151	0.00688848	
0.0690201	0.0217474	0.020663	0.00492812	9.89646e-10	0.715101	1.41266e-08	0.00391835	0.000277077	0.00279807	2.58475e-10	0.00567032	0.00198167	0.00117606	0.00934605	0.11035	0.0121888	0.020834	1.75116e-07	7.59465e-09	
0.0142841	0.00119267	0.00132478	6.56219e-05	0.0883934	1.57142e-05	3.46777e-08	0.0502126	2.37646e-05	0.610126	0.148184	0.000228406	1.47864e-08	0.00400892	0.00756628	0.000534425	0.000229313	0.0666169	0.00699052	2.35833e-06	
4.70862e-07	0.0025642	0.000337551	0.00410367	0.00638765	0.000959147	0.00180381	0.00388984	0.0026592	0.00576849	2.20421e-07	6.95226e-05	1.2022e-11	0.00160942	0.00837761	0.000591572	0.00150496	0.000255602	0.952948	0.00616877	
0.139256	0.00124146	0.00825084	0.264561	0.0523612	0.00692143	0.0135809	0.00940141	0.141931	0.0941028	0.00280853	0.0278197	0.000240033	0.0895971	0.000202099	0.143807	0.0030533	8.87243e-05	0.000771279	4.481e-06	
0.74828	0.00142989	0.000338934	0.00329899	0.000664116	5.94992e-06	8.80827e-05	0.00168153	0.00161373	0.00247272	0.00080599	0.0012336	0.00934225	0.000205799	7.78624e-07	0.0321603	0.0678378	0.128319	2.99976e-05	0.000189789	
0.00110117	0.0193585	0.0204717	0.00680964	0.00722603	0.000350309	0.593149	0.000241741	0.00564209	3.25461e-06	9.96301e-05	0.0125604	0.0046279	0.0310512	0.0222433	0.00703616	0.00682346	0.000231539	0.00241321	0.25856	
0.475281	0.0216551	0.000316558	0.00229864	0.00138548	3.05847e-09	3.41936e-05	0.000535286	0.00119158	0.00240654	0.0152444	0.000561862	1.402e-06	0.000290818	0.000869254	0.125885	0.295596	0.0550126	0.00143064	4.13121e-06	
0.284637	0.00194752	6.63251e-05	0.00549992	1.16033e-05	0.00748917	0.00709277	0.00838371	0.00280801	0.00130323	0.0142465	0.0177351	0.165881	0.0316864	2.72603e-05	0.185553	0.246678	0.0180696	3.37558e-10	0.000884556	
0.00641195	0.0142065	9.45775e-05	6.65005e-05	0.475382	0.000423297	1.0813e-07	0.0772425	0.000714292	0.310173	0.00614707	0.00532176	0.00194296	3.06288e-05	0.00040592	0.0370081	0.00380918	0.0340466	0.0105833	0.0159893	
0.0784145	0.000754332	8.61238e-05	1.11721e-05	0.00711805	0.00964191	0.000100782	0.0700785	0.0478002	2.75704e-05	0.0417	0.0359475	0.0644948	0.00059433	0.0219632	0.195259	0.394989	0.0310093	9.69745e-06	1.37436e-07	
0.00776557	0.0056274	0.0118552	0.09542	0.0113997	0.00749605	0.0928745	0.0240596	0.0429387	0.0362842	1.09618e-05	0.0104079	0.00078579	0.5259	0.0408694	0.0313725	0.029627	0.0123075	5.3259e-07	0.0129979	
0.0544444	0.00209997	0.0157932	0.0084186	0.00206966	0.0228733	0.00530687	0.0351316	0.0268976	0.0178269	0.00334165	0.214274	0.0117476	0.00284527	3.43702e-06	0.357399	0.214541	0.00376758	1.1022e-11	0.00121835	
0.0457828	0.0116806	0.0861767	0.0253352	0.0175562	0.0424442	0.0324354	0.050731	0.0426573	0.0160597	0.00885217	0.27942	0.0241441	0.0260106	0.0177279	0.169556	0.0625825	0.0173528	9.73376e-05	0.0233974	
0.00135298	0.000175665	0.00318656	0.0031784	0.00672251	1.30057e-05	0.0159917	0.00135952	0.2599	0.0123318	0.0103817	0.00332732	0.0014716	0.091183	0.575452	0.00178556	0.000396584	0.00224718	6.33841e-15	0.00954274	
0.00768456	0.00770169	2.73382e-05	0.000867135	4.27863e-06	0.0238575	2.75676e-06	0.194712	1.69359e-05	0.000122247	0.107745	0.00663318	0.000142932	2.37949e-06	0.0382923	0.0965571	0.395628	0.0109902	0.109013	5.18224e-12	
0.00226762	6.56952e-07	0.000215735	6.1855e-08	0.0682777	0.000321669	0.00645764	0.123228	0.000495329	0.675475	0.011202	0.000149978	0.0135948	0.00114799	0.0124681	0.000841081	0.00384268	0.0730905	5.06445e-10	0.00692349	
0.00989994	0.00570773	9.8199e-05	0.0102523	0.0642933	7.08322e-05	0.00897259	0.0399162	0.00809693	0.667315	0.0299572	0.00112222	0.0044758	0.0206368	0.00729232	0.0472867	0.00576791	0.0581588	0.00640629	0.00427286	
0.049654	0.0267781	0.0147731	0.0122232	0.04422	0.00741266	1.71411e-05	0.00870129	0.0126421	0.127312	0.0120074	0.0175752	0.0569495	0.000746794	0.0042921	0.48534	0.0918506	0.0274544	3.1077e-13	5.10575e-05	
0.0311129	0.00667082	0.31674	0.181983	0.00114915	0.101349	0.0191742	0.00762134	0.0600127	0.00209506	2.84035e-11	0.164961	0.00663464	0.00580126	0.00481841	0.0396318	0.02856	0.0123747	1.63825e-15	0.00930996	
0.0450838	0.00422031	0.000923927	0.000455479	1.49533e-07	0.00250352	0.00227351	0.0183216	0.00272292	1.75015e-07	2.42961e-07	0.0274066	1.38412e-05	0.00412106	0.000384232	0.16925	0.717439	0.00360819	0.000426752	0.000844449	
0.00164748	0.0605888	0.127377	0.0227742	3.45663e-05	0.00579326	0.181081	0.0432313	0.0382935	0.0469227	0.00386383	0.158368	1.86873e-08	0.10225	0.0642254	0.0635148	3.31637e-06	0.0384886	1.44064e-07	0.0415419	
0.0011924	0.00172274	1.14295e-05	0.00022644	0.00881589	0.00146849	8.73101e-05	0.772961	0.00429976	0.0405814	0.0298436	0.00181096	1.42036e-05	0.00133327	5.55908e-13	0.000541764	0.01047	0.124619	5.58931e-08	1.70853e-09	
0.409118	0.000946769	0.00676785	0.0123983	0.00931312	0.050323	0.00293722	0.0112866	0.00164844	0.00789123	0.00084265	0.0247411	0.0332925	0.0056811	0.00660477	0.145908	0.177889	0.0867456	0.000234981	0.00543029	
5.20691e-05	2.87401e-08	2.58232e-08	4.61531e-05	0.00112906	5.13418e-05	0.933244	0.000479406	3.95011e-05	0.00520066	0.000324891	0.0197895	6.84448e-06	0.0264854	1.01631e-05	1.01897e-10	0.00320548	0.00111875	1.03996e-18	0.00881669	
0.00355524	3.37709e-07	0.938911	0.026124	0.000287067	0.00155945	0.00102822	0.000367536	6.92506e-05	3.78576e-06	0.000753805	0.0262218	1.77574e-06	2.75868e-05	8.58735e-07	0.0010769	3.80818e-06	3.32605e-06	1.57653e-10	3.80129e-06	
0.00903662	2.4464e-10	0.0061021	0.00493692	0.0373742	0.00431495	0.00220782	0.450918	0.0189581	0.0795894	0.0551702	0.0453023	0.0114302	0.00270542	0.00658962	0.0271802	0.0807073	0.147507	5.56741e-12	0.00996938	
0.0444631	3.44531e-07	0.00358301	8.19192e-07	0.00113371	1.7211e-05	0.065978	0.00262059	0.00951428	0.00825024	0.0127234	4.12811e-07	0.24767	0.459822	1.02714e-08	0.0227042	0.0255148	0.0675205	2.81114e-12	0.0284839	
6.38641e-05	0.0025029	0.566586	0.389977	0.00309127	0.00726819	9.08492e-09	0.00152736	0.000853188	2.52566e-05	1.37658e-18	0.0173081	6.23545e-06	2.80591e-06	0.0036153	0.00647943	0.000692656	7.72131e-09	1.52842e-34	3.72166e-11	
0.113232	0.000216741	0.00311411	0.00461843	0.00176668	0.00222334	4.71712e-05	0.0021884	0.001544	0.0218744	0.00802539	0.00012424	0.0028419	1.22812e-05	5.20224e-07	0.603586	0.228925	0.000384662	2.84677e-07	0.00527451	
0.0736876	4.18447e-06	0.0350049	0.180886	0.000711838	0.308882	0.00300672	0.00146527	0.0810794	0.0084546	0.00464172	0.0219957	0.00107434	0.0173056	0.131501	0.0595466	0.0154621	0.0523587	1.38709e-14	0.00293076	
0.00327735	0.000345446	0.0467255	0.00518302	0.00545405	1.4292e-05	0.0365692	6.93916e-05	0.0691906	0.000288087	0.00239535	0.713317	0.00339201	4.2348e-06	0.00390045	0.0649897	0.0300886	0.00104095	7.35529e-13	0.013755	
0.0316442	1.91018e-14	0.0101122	0.0216465	0.0104525	0.0237529	0.00630877	0.0419105	0.371864	0.00647345	0.0259009	0.0533762	3.69656e-05	0.0506422	0.133007	0.0419526	0.150435	0.0192643	0.000264523	0.000954932	
0.00335504	3.8301e-07	0.00591271	0.170711	0.00567455	0.00662327	0.033072	0.000573504	0.121997	0.0173282	0.00599576	0.0105548	0.0170436	0.561619	0.0294122	0.00328985	0.00231934	0.00412608	0.000376261	1.58819e-05	
0.0347672	0.00399786	9.13432e-05	0.0440802	0.0383023	0.0125981	0.00983847	0.159322	0.101169	0.132863	0.11618	0.0250688	0.00835155	0.0233923	0.0473175	0.0101616	0.0675328	0.150808	0.00306638	0.0110909	
0.197558	3.10283e-05	0.0269497	1.06239e-05	0.0017702	0.00200309	0.0153593	0.116019	0.00537558	0.000278844	0.000304313	0.0932245	0.00708456	0.000423864	1.00244e-07	0.111789	0.340648	0.0811034	3.23748e-13	6.62054e-05	
0.000403841	0.608837	0.00755146	2.40269e-05	0.0274805	0.0134723	0.00708686	9.72698e-08	0.0135256	0.0112361	0.000786584	0.00557168	0.00324999	0.000399309	0.0127916	0.132237	0.00577346	0.00050109	0.00488372	0.144188	
0.159465	0.0149991	5.75416e-09	0.0125893	0.0102373	0.0190301	0.0038959	2.64101e-05	0.0698884	0.060969	0.00150596	0.000179422	0.0111918	0.0333397	0.00074834	0.36642	0.159191	0.052288	5.89734e-10	0.0240349	
0.0661782	0.0402584	0.017267	0.000116393	0.00611459	0.322665	0.00190351	0.0290205	0.0168561	0.0293922	1.53999e-07	0.116498	0.00666802	0.00400644	4.72109e-05	0.267787	0.0283931	0.0419392	3.78773e-09	0.0048894	
0.0465537	0.00197544	8.88442e-05	0.00132858	0.000454279	0.00446078	0.00797576	0.33597	9.42131e-05	0.141719	8.6179e-09	0.00538479	0.00093719	0.00693761	0.00143334	0.00568155	0.0360078	0.3966	0.00629056	0.000106699	
0.00270104	1.8333e-06	5.26746e-08	2.99518e-06	0.0264642	3.23298e-08	0.000348419	0.323698	0.00239909	0.339042	0.22053	0.00197327	3.59249e-07	5.98562e-07	8.43258e-08	0.000148525	0.0194331	0.0571676	1.71256e-18	0.00608911	
0.00617958	7.76429e-05	0.00577146	0.0505346	1.39033e-10	0.30101	0.00379646	0.0231332	0.269617	6.29732e-06	0.00569292	1.90636e-05	4.2119e-06	0.0515504	0.237206	0.00640872	0.00247474	0.0364054	0.000101657	1.02862e-05	
2.71083e-05	4.2953e-07	0.00195013	0.000171007	5.25841e-07	0.000324443	0.00648161	0.172783	0.000812232	0.132866	0.616464	2.07992e-08	0.000410055	8.35338e-06	7.05523e-10	0.00568256	0.000434028	0.0614769	9.56496e-05	1.11209e-05	
0.0285125	0.0180909	0.156601	0.0314864	0.000494519	0.311628	0.00718855	0.0243935	0.00379694	0.000425614	2.74755e-08	0.116736	0.000175983	0.00024415	0.0466175	0.223325	0.0138188	0.0164497	5.13179e-07	1.48205e-05	
0.00299088	0.0190686	5.3449e-05	0.00119804	0.00172369	0.0441335	5.88038e-06	0.0138193	0.208689	0.00363971	0.00298643	0.0160963	3.30671e-05	0.024549	0.592587	0.0484394	0.0170558	0.00039726	0.00253373	1.18338e-08	
0.0656752	0.000301037	6.97474e-05	5.56915e-05	0.00185567	0.0126813	0.0023976	0.00398551	0.000568733	0.0279737	0.00351591	2.35332e-05	0.242915	0.0331837	2.01273e-05	0.501047	0.100955	0.00148587	0.000524497	0.000764991	
0.010037	0.0115504	7.48561e-05	1.06381e-05	0.376386	0.0015408	0.0518717	6.81093e-06	3.04981e-05	0.00458646	8.12933e-10	0.0889994	0.00147698	0.00237099	0.000140001	0.00870832	0.0183274	0.00226489	0.252078	0.169539	
0.0328244	0.0178844	4.11718e-05	1.00895e-11	0.0245226	0.00749925	0.00232075	0.0493964	0.000309072	1.33248e-06	3.2029e-13	3.76632e-05	1.9011e-06	0.146522	0.590612	0.00305503	0.022855	0.10189	5.3435e-18	0.00022752	
0.014338	0.105753	0.00784588	0.0261779	0.0785047	0.0396754	0.0725145	0.00903682	0.0599203	0.0641286	0.00012651	0.0423057	0.0100694	0.0341446	0.15502	0.131094	0.00146618	0.0157649	0.0294838	0.10263	
0.0102758	0.102683	0.00787911	0.00377589	0.224053	0.00337034	0.011242	0.0461686	0.000454158	0.125902	0.0209666	0.0255804	0.0246728	2.40214e-05	0.0234562	0.177286	0.0198746	0.046612	3.80723e-05	0.125686	
0.224197	0.0316423	0.0144179	1.33608e-05	0.00264721	0.0112948	3.23152e-07	0.118797	0.0177731	0.0371053	2.40202e-05	0.0177775	0.121988	0.00960815	3.37599e-05	0.0327626	0.0834739	0.267758	4.73238e-14	0.00868546	
0.000258084	0.00922797	1.32992e-09	7.13275e-12	2.84326e-07	0.000739413	0.00017755	0.117985	0.0250695	0.15778	0.50963	0.0335086	5.68363e-05	0.028979	2.4256e-06	0.0175035	0.0469969	0.041414	7.89199e-05	0.0105917	
0.404225	7.97805e-09	0.11872	1.20149e-07	0.00112923	0.000559146	0.104412	0.0142308	2.84284e-05	0.00112448	0.124337	4.03001e-05	0.000209138	0.0060226	0.0189741	0.00407978	0.0210033	0.0851255	0.000826076	0.0949535	
0.237665	0.00463307	0.0157122	0.00233986	0.0169519	0.0785623	0.000788446	0.000115966	0.00412167	0.00370512	7.32616e-06	0.00175154	0.00843453	6.53272e-05	0.00025402	0.515894	0.108771	0.000169141	4.55298e-07	5.64389e-05	
0.0189551	0.00496712	0.00509659	0.00446001	0.173509	0.0132234	0.0578098	0.128962	0.0277568	0.362917	0.00110991	0.0416955	0.000406691	0.00379837	0.000374755	0.0126086	0.00030971	0.110813	0.00260692	0.0286198	
0.000192465	0.00700234	7.74663e-05	0.00438555	0.00174268	0.00294308	0.000465606	0.142715	0.000503756	0.146767	0.063803	0.00756659	0.469827	0.0451498	0.000497135	0.0104699	0.0553906	0.031166	0.00896382	0.000371094	
0.12481	1.91346e-06	0.0008374	0.00647189	6.28581e-05	0.000526746	2.49355e-09	0.180382	0.0207327	0.0106158	0.0093737	0.0100507	0.0171467	0.0016269	0.0109464	0.0591615	0.456519	0.0907155	1.77103e-09	1.78481e-05	
1.83216e-05	0.000390373	0.00471218	0.000990023	2.61716e-10	0.00146593	0.0140148	0.00228951	0.00043788	0.000761239	0.000128631	0.942551	7.27586e-06	0.000104925	0.000426372	0.024521	0.00174684	0.00269995	5.26475e-07	0.00273304	
0.00353386	0.685023	0.00030375	3.57852e-07	0.0377663	0.0265646	8.38127e-09	0.0127591	0.000431583	0.00971917	3.02821e-05	0.00147519	0.00462037	0.00225068	2.50364e-05	0.155641	0.0121267	0.00839401	0.00154759	0.0377868	
0.000143712	0.00384139	0.0249618	4.52333e-06	3.4586e-06	0.00631878	0.335929	3.16862e-07	0.0418488	0.00787531	0.000911898	0.343489	0.000124486	0.0632281	0.0589306	0.052685	0.00267854	1.67637e-05	1.49688e-14	0.0570082	
0.605986	0.000210243	0.000205567	1.55819e-07	0.0020865	0.11471	0.00531623	0.0228036	0.0037754	0.0168174	0.000241477	0.0027182	0.0332883	0.00691694	1.07748e-06	0.00341322	0.081221	0.10009	1.64599e-10	0.000198327	
0.00511991	0.0163875	9.6951e-05	8.48221e-09	0.050545	0.0754371	9.13709e-05	0.034681	0.00205356	0.00186757	0.171008	0.00525109	4.03775e-11	0.0340573	0.142956	0.0990529	0.166295	0.040034	5.15388e-10	0.155066	
0.0332184	0.000279024	2.21704e-09	3.87286e-06	8.19174e-06	9.52177e-11	9.03316e-06	0.338118	4.51856e-05	0.00378438	0.000318059	4.14721e-08	2.10191e-06	6.27711e-05	6.79293e-05	0.00368994	0.1332	0.468051	0.000220215	0.0189219	
0.0844814	0.0178579	8.06417e-05	0.00262811	0.111977	0.00794198	0.000221634	0.165028	0.0176874	0.106559	0.00494296	0.0193826	0.00878583	0.00732553	0.0130569	0.124569	0.0984111	0.176298	0.0139406	0.0188249	
0.200756	0.0297486	4.79099e-13	2.19375e-06	0.00895958	1.69942e-09	0.00675485	0.000673856	0.00461015	0.0223547	0.00704689	0.00168875	0.000695057	3.14677e-08	2.15515e-09	0.702841	0.00358434	0.00096022	0.00833858	0.000985842	
0.00815285	0.0373182	7.53632e-05	0.00174603	8.53056e-06	0.01768	0.116044	6.22355e-06	0.0143845	0.0141144	0.00133805	0.0189585	0.00696534	0.0440428	0.699925	0.0061003	0.000415579	0.00226131	0.00600691	0.00445635	
0.0497198	0.000597932	0.014902	0.0227784	0.0534455	6.08052e-06	0.0320279	0.0134394	0.0977042	0.300679	0.0199418	0.0168205	0.0183575	0.107575	0.0949063	0.0129994	0.0395898	0.0953529	0.00915663	1.74541e-08	
0.0751998	0.000152205	0.000120879	0.339882	0.00107285	0.000770094	0.000114426	0.00782579	0.00336269	2.41341e-08	0.0031582	4.25845e-06	0.00860854	0.411388	8.33387e-05	0.00509241	0.0657772	0.0759538	9.68647e-26	0.00143294	
0.000101281	0.0297795	0.049441	0.00104678	2.06544e-07	0.721298	0.0209733	0.000425333	4.06718e-08	2.92439e-06	0.00110271	0.0230846	0.0260388	3.40328e-05	0.0107716	0.109877	0.000851682	0.00517108	3.44997e-15	1.05479e-09	
0.00564406	0.00801658	2.02562e-10	0.00313697	0.0356675	0.00328397	0.1443	0.000466918	0.0471005	0.394933	0.0534558	0.00404451	0.011703	0.106756	0.0801263	0.0329431	0.000288205	0.031276	0.00204829	0.0348084	
0.0024556	1.14279e-08	0.000290416	0.00124024	2.11446e-05	0.000684042	0.00131817	0.0241754	9.97398e-06	0.296145	9.24004e-12	1.00777e-06	2.7348e-14	6.53888e-05	2.4378e-05	0.539715	0.110431	0.000686364	0.0227367	9.3088e-10	
0.0167754	0.000758436	0.00242953	0.0224935	0.0107729	0.00308447	0.173098	0.0067714	0.207726	0.022848	0.00364772	0.099877	0.00536947	0.375512	0.0178593	0.000423002	0.00189216	0.0037242	0.000191236	0.0247462	
0.360724	0.000393357	1.74472e-05	0.0866429	1.26364e-05	0.032575	7.08212e-05	0.0323178	0.049192	0.01747	3.2403e-08	0.00920864	7.57433e-11	0.00306622	0.0255825	0.0943134	0.174978	0.112047	1.78098e-08	0.00138825	
6.97654e-06	2.5852e-05	1.46957e-05	5.58354e-08	0.205302	0.000165517	0.00358507	0.0953445	0.0161131	0.194532	0.00348055	0.0031813	0.0532735	0.0022748	0.00252604	0.289635	0.104785	0.00569271	8.89107e-05	0.0199726	
0.117515	0.000286748	0.0167592	5.73567e-05	0.0320013	0.000511573	0.000675267	0.104535	0.0197191	0.360606	0.00298062	0.0259912	4.38095e-05	0.00486985	0.0559911	0.00622024	0.189507	0.00628204	5.63106e-08	0.0554478	
0.324337	0.00856689	0.157614	0.122404	0.00483125	0.109383	4.77193e-05	5.60948e-06	0.00263462	0.0202388	8.01328e-05	3.14202e-06	0.000128141	0.0126879	0.00033914	0.116616	0.054301	0.0652794	0.000501659	4.82125e-07	
0.0929725	1.17637e-05	0.0682348	0.2904	0.00012724	0.0128299	9.95499e-13	0.0174219	0.109175	0.0155083	3.99718e-06	0.00572736	0.128911	0.103908	0.0098626	0.0854452	0.0220891	0.023387	0.000130075	0.0138553	
0.00242293	0.0247039	0.00739443	4.16224e-06	1.92949e-08	0.0442405	4.69577e-05	0.0189363	0.271506	0.000100858	7.79457e-07	0.265258	0.00287036	0.000118073	0.0482817	0.198169	0.115333	7.32681e-06	5.29275e-12	0.000605244	
0.00465801	1.7154e-09	0.000111056	0.0124145	4.47144e-07	0.00617426	0.664727	2.35822e-05	0.00694459	0.0235418	3.29728e-09	0.143456	0.00191192	0.0228158	0.0101803	0.0142676	0.000924596	3.08691e-05	2.02532e-23	0.0878179	
0.0581324	3.72667e-06	0.0566923	0.0980821	0.00381449	2.32263e-08	0.0598856	0.0955232	0.207686	0.00771415	7.93958e-05	0.128777	5.61328e-07	0.116947	1.92974e-11	0.0174226	0.0663921	0.0431819	5.14351e-07	0.0396649	
0.0056205	0.000185456	0.00283884	0.0184013	0.0611671	0.00812169	5.82852e-09	0.0609488	0.00113494	0.000398252	0.0465941	0.0819915	0.000834632	0.00242925	9.6311e-05	0.0544556	0.0184128	0.0644355	0.00232394	0.56961	
0.0762318	0.0055038	0.0297428	0.0961138	0.013528	0.0195004	0.00870174	0.110301	0.0657448	0.0265467	3.15313e-09	0.0514048	4.42736e-05	0.0037017	0.140863	0.033714	0.0588787	0.0440956	0.189335	0.0260476	
0.0655321	3.05057e-07	0.0211324	0.0104586	0.0102499	0.0688594	0.0425008	0.313279	8.19384e-05	9.46639e-06	0.00204556	0.14171	0.0217497	0.0035046	0.00216322	0.0582334	0.0998418	0.132161	3.69657e-15	0.00648751	
0.0347196	3.44426e-06	0.0240986	8.98633e-05	0.00339073	0.0672613	0.0654864	7.2559e-05	0.116003	0.0548872	0.0256144	0.0250241	0.485312	0.00334377	1.7015e-09	0.0284942	8.21798e-06	0.0641441	1.14336e-10	0.00204671	
0.00871213	0.00392779	0.00944262	0.00231126	0.0140058	0.00693645	0.0479726	0.424422	0.00561465	0.0252577	0.00543566	0.171567	0.0400722	0.00258277	0.0108501	0.0202519	0.023572	0.0515281	0.125499	3.72936e-05	
0.0102218	1.19242e-11	0.000202162	4.04323e-08	0.000419595	0.248731	0.250475	0.0233284	0.0529364	0.0524749	0.000585044	0.124737	2.62434e-05	0.0720008	0.000249961	0.0188906	0.029284	0.0096481	1.11131e-10	0.105788	
0.414523	0.00129828	0.00348079	0.0378357	3.6681e-07	9.96811e-09	0.0167493	0.0135506	2.20707e-08	0.00283489	1.15401e-05	0.00103841	0.0237284	1.30551e-05	0.185811	0.0334799	0.0792841	0.0199493	0.166366	4.59396e-05	
0.142448	0.000385807	2.31502e-21	7.3568e-09	0.000191536	0.160325	0.0228344	0.137679	0.0538641	0.313001	6.17431e-06	0.0118089	0.000442159	0.0501454	0.0141954	0.0618868	0.00536813	0.00550583	0.0199109	1.79522e-06	
0.0325708	0.0347891	0.0104276	0.00219092	0.0112955	0.0061094	0.0963246	0.019232	1.73164e-07	0.0193099	0.0275996	0.0032233	0.018049	0.043145	0.609674	0.0298349	0.00771977	0.000679747	0.00107778	0.0267466	
0.0186889	0.109739	0.0208868	0.150102	0.00114454	6.23419e-05	0.0223395	0.0479632	5.14337e-05	0.0114674	0.0386571	0.0364293	0.00574907	0.235141	0.0222594	0.030093	0.00181913	0.240644	6.02981e-06	0.00675802	
0.000604849	0.000203262	0.00227374	0.121161	4.4844e-07	0.0118036	1.48333e-06	0.000305476	0.106041	0.0164244	0.00608683	5.05748e-09	0.0363119	0.00669515	0.165712	0.0101927	0.00158668	0.492601	9.72966e-11	0.021995	
0.35183	0.000874295	0.186154	0.0543998	8.52804e-08	0.0907733	2.51771e-07	0.00681825	0.00047413	0.0111356	0.0128635	0.0797999	0.0403066	2.95888e-06	0.00832453	0.116504	0.00298033	0.00127353	4.0617e-15	0.0354846	
0.00812102	3.57417e-06	0.0585225	0.0405176	7.9247e-07	0.299708	5.60031e-08	0.00372816	0.0367643	0.000325586	0.264847	0.0565933	9.27818e-09	0.00538994	1.57501e-07	0.0613597	0.00600128	0.0507317	7.58026e-25	0.107385	
6.37143e-09	0.108002	0.000194084	0.348183	1.2321e-05	0.0196455	0.0216517	0.0080281	0.188964	0.00261577	2.92552e-05	0.0246101	0.00520251	0.000752733	0.00175403	0.134071	0.0922617	0.0435174	0.000363623	0.000141747	
0.00909288	0.0458009	6.12913e-05	8.33647e-14	0.000852662	0.0146027	0.150351	0.00170533	0.00314708	0.0669421	0.00396912	0.0107496	2.70923e-07	0.134099	0.150547	1.99042e-05	0.265743	8.93989e-05	2.90946e-11	0.142226	
0.0282191	0.165451	0.00106961	0.000444232	0.142581	0.0987027	4.45621e-06	0.0655221	0.0226627	0.0361608	3.17473e-05	0.0254819	0.000129498	0.0290364	1.09817e-06	0.375645	0.00838263	1.99631e-07	1.0147e-26	0.000474457	
0.0910591	2.367e-05	0.0606705	0.00594033	0.403292	0.18034	0.0835968	0.00032788	0.00014711	0.0425477	9.77637e-13	9.56268e-08	9.92068e-07	0.0143064	0.000364913	0.0570634	0.00930934	0.0491171	7.9715e-15	0.00189266	
0.0270212	0.00471176	1.1714e-05	0.0173247	0.161544	0.0368028	0.0425469	0.00115206	1.05752e-06	0.00303107	2.13539e-08	4.25718e-05	0.312082	4.17373e-05	6.5566e-05	0.304719	0.000105854	0.00273784	4.07542e-12	0.0860582	
7.55902e-10	0.000273724	0.0826262	0.000111527	2.96725e-05	0.00149522	3.73493e-06	0.00497305	0.00422418	0.112866	0.0171933	0.017192	6.82462e-08	1.47725e-10	0.0078416	0.0443903	0.333735	0.319665	0.00161408	0.0517652	
0.0439708	0.0127004	0.00561618	0.00476311	0.000585712	0.0625834	0.00434859	0.00245949	0.00227195	0.00707884	0.204867	0.00269486	3.05237e-07	4.81709e-09	0.000120381	0.32675	0.122549	0.0287808	0.167773	8.67861e-05	
0.117472	0.00281685	8.2265e-05	0.150404	0.0393113	0.0298509	0.00483815	5.23545e-06	3.74047e-05	4.49254e-05	4.47939e-14	0.000581395	0.00269298	0.300366	5.13579e-05	0.00110444	0.27592	0.023638	0.0505448	0.000238321	
0.00108387	5.40264e-12	0.00144162	8.5377e-08	0.0301456	4.39911e-05	0.00125268	0.103224	0.0168552	0.380958	0.194438	0.0537945	0.00678063	0.000355686	0.0226263	0.0855418	0.0417251	0.0597337	3.45453e-16	1.54973e-08	
0.0404415	0.000103618	0.000390513	0.0854351	0.0293087	0.00999772	0.0628702	0.14246	7.2002e-07	0.00106942	0.18267	4.35745e-05	4.64417e-10	0.0102892	0.0173677	0.219823	0.0845809	0.0794628	0.00167847	0.032006	
0.000129303	0.000738493	0.0070405	0.00530767	0.00350787	2.88677e-05	5.3995e-06	0.00148909	0.165161	0.00208793	0.00237778	0.0442574	0.161511	0.0240114	2.35619e-05	0.34682	0.0521305	0.0781961	4.73885e-08	0.105176	
0.103092	0.000125164	2.03689e-05	1.10628e-07	0.00178454	6.58361e-06	0.0878207	0.0017053	0.199662	0.00589363	0.00863849	0.000803308	0.182134	0.00148451	0.126773	0.0214165	0.150327	7.98857e-07	0.000111989	0.1082	
0.126761	0.0466325	0.000819857	0.000520565	0.0141586	0.00110142	6.90967e-06	0.00353321	0.061461	0.131433	0.000100611	0.00517186	0.00406137	5.79696e-05	0.000430428	0.00568227	0.151156	0.221084	0.225822	4.94499e-06	
0.055064	0.0196006	7.3035e-08	0.00386949	0.122602	0.0449723	0.0184989	0.033991	0.000211279	0.0866556	0.0187162	0.143327	0.0117584	0.000434622	0.0886533	0.0062708	0.0374496	0.0797909	0.228129	5.73033e-06	
1.21355e-06	0.310518	0.0566436	0.314838	0.000502126	0.00586773	0.000375949	0.0682367	0.0114205	0.0124873	0.0350674	0.000298481	6.92439e-05	1.4551e-05	1.03153e-07	0.000274504	0.0230525	0.000588909	0.000141445	0.159601	
0.000194169	0.00182894	0.002325	1.30819e-06	0.158047	3.6248e-07	0.00345657	0.402635	0.00103428	0.0904984	0.001648	0.000755244	0.0884885	0.00273298	0.150587	0.00516164	0.0105289	0.0698859	3.99202e-13	0.0101904	
0.00699294	8.22877e-09	0.000431281	5.24695e-11	0.00018172	0.00326395	8.85294e-05	0.0783659	6.33074e-05	0.000431745	5.62201e-08	0.278629	0.0264004	0.0234997	0.169782	0.331148	0.0451534	0.0316801	0.00222486	0.0016628	
0.159748	1.19195e-05	0.0269419	1.1011e-05	0.136463	0.000376149	0.0178605	0.058535	0.0390085	0.00265444	0.074682	1.50521e-07	0.00314877	0.242882	0.000623645	0.182224	0.0245998	0.00333684	0.0268922	3.77831e-08	
0.0039805	0.346904	0.00503924	0.017258	0.0392162	0.0741185	0.0182173	0.149382	2.7878e-06	6.82989e-05	0.000240864	4.18965e-06	0.0311318	1.52021e-07	0.00103777	0.253873	0.0190932	0.000400439	0.00011215	0.0399194	
0.000442433	0.00195226	0.221341	0.352355	0.0456797	0.000116267	0.00130843	0.020944	1.29357e-07	0.00722855	1.10471e-05	0.00121885	0.00173362	0.0405419	0.262609	0.000804129	0.0355465	0.00610529	6.17332e-05	6.92829e-08	
0.32662	0.30244	0.014756	0.00313899	0.0115389	6.14793e-07	0.000716379	0.0162034	0.023536	0.00585093	0.157588	0.00190832	6.96521e-08	0.000675102	0.00170138	0.112634	0.000502963	0.0185841	7.33614e-09	0.00160442	
0.500452	0.0238661	0.00946021	0.0266945	0.00558816	0.0436935	0.000173913	0.0322764	0.284897	0.0054847	0.00317804	0.000119469	0.00352433	0.00389082	0.00536933	0.0429727	6.11986e-05	0.00829495	7.20253e-15	1.92132e-06	
0.0759314	0.0243158	0.0877238	0.132267	1.88788e-06	3.01569e-09	3.00729e-05	0.31622	0.00448792	0.0294257	2.26953e-05	0.000968491	4.37554e-06	0.0540368	0.003924	0.022992	0.0222626	0.0129862	2.08688e-14	0.212399	
0.0361725	0.0410833	3.08039e-06	0.048316	0.0915604	2.65617e-05	0.132753	0.0035895	0.003572	0.0363147	0.302451	0.00126362	0.0806119	0.00373965	0.00137297	0.0483961	0.158548	0.00979631	3.88896e-07	0.000428507	
3.32802e-06	4.00939e-13	0.0534944	0.00565767	1.48424e-05	0.00108215	0.000184585	0.0070528	0.120127	0.0496285	2.20602e-11	2.70381e-05	0.00697892	0.525254	0.00225655	0.0361277	0.000964567	0.169453	0.0216883	4.32205e-06	
0.0113299	0.00989793	0.0393035	6.29714e-07	0.00435569	0.183225	0.106658	0.000510463	4.23697e-07	0.00658222	0.00157391	8.28352e-05	0.00822865	0.182254	0.221611	0.126832	0.096896	9.80987e-05	0.000156196	0.000403633	
0.000428643	0.00224041	0.0206157	0.00152617	0.00156748	0.0118131	0.077762	0.280926	0.00671839	0.0629602	0.00132514	0.0302879	0.100305	3.20663e-06	0.171816	0.000934363	0.142098	0.00510057	6.12981e-10	0.081572	
0.0933584	0.172922	5.6562e-07	0.0509228	0.0334935	0.00949351	0.0128792	0.208488	0.0330896	0.0577273	0.022471	0.0277407	0.112682	0.000874188	0.00305089	0.107669	0.00940086	0.0273377	7.78649e-05	0.0163217	
0.00370082	2.4764e-09	6.22754e-06	0.0282327	1.65908e-05	0.000118334	0.0624215	0.0528868	0.00331415	0.00770913	0.201291	6.2961e-07	1.8297e-05	0.0664763	0.00681	0.444487	0.0411146	0.0153998	3.52407e-25	0.0659961	
7.89411e-05	0.241651	0.0292307	0.0698224	0.0012577	1.7364e-07	0.0486709	0.000478739	0.018843	3.80181e-05	0.0533668	0.151875	7.07841e-09	0.0456169	0.0140277	0.084523	0.0465422	0.0432394	1.83871e-34	0.150738	
