37
Allox_ar   0.0000000 0.2251412 0.2095251 0.2492816 0.2545492 0.2113505 0.2224373 0.2166379 0.2132703 0.1819766 0.2506424 0.3500379 0.2425711 0.2306132 0.2272037 0.4098652 0.2793888 0.2186620 0.2137509 0.2202366 0.2990654 0.3075777 0.2939359 0.1976064 0.2346824 0.2243141 0.1582645 0.2356693 0.2468331 0.2282551 0.2353083 0.2334547 0.2434284 0.2450403 0.6208279 0.5625403 0.6676372 
Andr_cur   0.2251412 0.0000000 0.0539712 0.0803658 0.0593312 0.1414365 0.1385803 0.0594903 0.1233918 0.2117383 0.1122467 0.3277175 0.1310040 0.1274692 0.2144373 0.3864705 0.2836810 0.1413307 0.1358461 0.1508647 0.3048190 0.3209980 0.3022636 0.1975380 0.2177290 0.1328188 0.2150409 0.1487624 0.1096648 0.1571579 0.1554150 0.1525052 0.1665924 0.1647362 0.6086378 0.5511243 0.6547233 
Andr_gro   0.2095251 0.0539712 0.0000000 0.0847956 0.0789845 0.1296706 0.1422030 0.0619284 0.0913485 0.2039001 0.1202905 0.3264449 0.1363029 0.1303143 0.2082392 0.3900745 0.2868732 0.1411651 0.1184564 0.1381904 0.3047188 0.3276965 0.3065385 0.1969566 0.2224749 0.1306127 0.1984191 0.1502018 0.1175589 0.1466635 0.1569510 0.1533224 0.1685822 0.1666217 0.6065392 0.5528904 0.6555555 
Andr_qln   0.2492816 0.0803658 0.0847956 0.0000000 0.0994874 0.1682018 0.1580550 0.0663229 0.1387908 0.2294253 0.1279545 0.3236479 0.1475221 0.1433560 0.2239002 0.4087139 0.3294565 0.1632326 0.1539421 0.1653746 0.3318138 0.3350572 0.3258429 0.2021460 0.2291244 0.1528457 0.2274857 0.1629777 0.1304423 0.1709281 0.1672067 0.1622510 0.1751110 0.1743470 0.6206109 0.5759407 0.6826922 
Andr_qrm   0.2545492 0.0593312 0.0789845 0.0994874 0.0000000 0.1676648 0.1591187 0.0809468 0.1247175 0.2429034 0.1335224 0.3266376 0.1503138 0.1535795 0.2427285 0.3903194 0.3066268 0.1625183 0.1381761 0.1793912 0.3284027 0.2971658 0.3213857 0.2202554 0.2114854 0.1594963 0.2500096 0.1471381 0.1264684 0.1860858 0.1765311 0.1736196 0.1801710 0.1842027 0.6320466 0.5840458 0.7002342 
Aula_tav   0.2113505 0.1414365 0.1296706 0.1682018 0.1676648 0.0000000 0.0666220 0.1374635 0.1381284 0.1989080 0.1654177 0.3156175 0.1480619 0.1408910 0.2000644 0.3893656 0.2837830 0.0718619 0.1286470 0.0556615 0.3048371 0.3191572 0.3044483 0.1942288 0.2131221 0.1327327 0.1966156 0.1435319 0.1477960 0.1422509 0.1484059 0.1462756 0.1536800 0.1582201 0.5988332 0.5434070 0.6463927 
Aylax_hy   0.2224373 0.1385803 0.1422030 0.1580550 0.1591187 0.0666220 0.0000000 0.1307716 0.1652155 0.2008367 0.1579338 0.3007243 0.1426483 0.1336276 0.2043688 0.3773168 0.2975111 0.0642949 0.1465613 0.0726546 0.2913938 0.3018143 0.2874182 0.1842077 0.2060342 0.1354129 0.2145452 0.1348148 0.1423085 0.1508727 0.1416792 0.1397111 0.1495693 0.1486690 0.5805935 0.5343400 0.6396171 
Beloc_tr   0.2166379 0.0594903 0.0619284 0.0663229 0.0809468 0.1374635 0.1307716 0.0000000 0.0936528 0.2043698 0.1146291 0.3102030 0.1294045 0.1224408 0.2027192 0.3662886 0.2843573 0.1318547 0.1332900 0.1464207 0.2879131 0.3040119 0.2880173 0.1851772 0.2047186 0.1287379 0.2067506 0.1380852 0.1115672 0.1541442 0.1452320 0.1435037 0.1565151 0.1551342 0.5665610 0.5232273 0.6227048 
Bior_pal   0.2132703 0.1233918 0.0913485 0.1387908 0.1247175 0.1381284 0.1652155 0.0936528 0.0000000 0.2380693 0.1986385 0.2616085 0.1775240 0.1718511 0.2284567 0.3750351 0.3490619 0.1641381 0.1035608 0.1607301 0.3232878 0.3230644 0.3274239 0.2335505 0.2206651 0.1745791 0.2030521 0.1543399 0.1646625 0.1809935 0.1926422 0.1858598 0.2022847 0.1982964 0.5625197 0.5083508 0.6228902 
Callas_no  0.1819766 0.2117383 0.2039001 0.2294253 0.2429034 0.1989080 0.2008367 0.2043698 0.2380693 0.0000000 0.2284657 0.3122936 0.2107101 0.2013910 0.2010840 0.4015325 0.2756802 0.2001850 0.2057759 0.2028457 0.2831701 0.2979355 0.2880859 0.1571010 0.2067250 0.2033871 0.1605352 0.2090708 0.2173556 0.2059637 0.2097521 0.2060138 0.2217428 0.2208916 0.6298916 0.5623937 0.6799161 
Calli_sp   0.2506424 0.1122467 0.1202905 0.1279545 0.1335224 0.1654177 0.1579338 0.1146291 0.1986385 0.2284657 0.0000000 0.3274076 0.1480338 0.1328640 0.2231258 0.4075991 0.3248597 0.1580764 0.1439964 0.1644101 0.3252585 0.3348029 0.3230001 0.2035384 0.2263077 0.1513550 0.2279006 0.1696516 0.1115620 0.1718539 0.1625316 0.1570460 0.1729888 0.1730820 0.6302112 0.5732667 0.6815228 
Cecin_ib   0.3500379 0.3277175 0.3264449 0.3236479 0.3266376 0.3156175 0.3007243 0.3102030 0.2616085 0.3122936 0.3274076 0.0000000 0.3091762 0.3003266 0.3088089 0.4593141 0.4254075 0.3097622 0.2842653 0.3115518 0.3974918 0.3820012 0.3981361 0.2988599 0.2592537 0.3194844 0.3198928 0.2990977 0.3126513 0.3263508 0.3021178 0.3019551 0.3148044 0.3073421 0.6017746 0.5220319 0.6760907 
Cerop_ma   0.2425711 0.1310040 0.1363029 0.1475221 0.1503138 0.1480619 0.1426483 0.1294045 0.1775240 0.2107101 0.1480338 0.3091762 0.0000000 0.1216565 0.2034298 0.4000873 0.3025842 0.1433125 0.1370501 0.1476749 0.3098998 0.3200273 0.3115727 0.1909822 0.2081454 0.1306365 0.2145196 0.1496672 0.1211694 0.1531647 0.1381033 0.1361465 0.1503750 0.1484228 0.6065834 0.5495069 0.6706380 
Diast_ki   0.2306132 0.1274692 0.1303143 0.1433560 0.1535795 0.1408910 0.1336276 0.1224408 0.1718511 0.2013910 0.1328640 0.3003266 0.1216565 0.0000000 0.1995729 0.3778010 0.2998733 0.1355640 0.1322831 0.1376866 0.2933221 0.3069651 0.3008132 0.1790956 0.2000056 0.0778647 0.2036573 0.1386171 0.1151744 0.1445258 0.1360547 0.1345635 0.1481058 0.1448596 0.5913191 0.5247502 0.6372011 
Dipl_spi   0.2272037 0.2144373 0.2082392 0.2239002 0.2427285 0.2000644 0.2043688 0.2027192 0.2284567 0.2010840 0.2231258 0.3088089 0.2034298 0.1995729 0.0000000 0.3902801 0.2847584 0.2036283 0.2070187 0.1962399 0.3037703 0.3141593 0.3045416 0.1800339 0.1661682 0.2052718 0.1989481 0.2140948 0.2084299 0.2019757 0.2038779 0.2040944 0.2166029 0.2150556 0.5974959 0.5434013 0.6413322 
Escha_ac   0.4098652 0.3864705 0.3900745 0.4087139 0.3903194 0.3893656 0.3773168 0.3662886 0.3750351 0.4015325 0.4075991 0.4593141 0.4000873 0.3778010 0.3902801 0.0000000 0.4538806 0.3713202 0.3802200 0.4005941 0.4367724 0.4366557 0.4379067 0.3789603 0.3674668 0.3969884 0.4007725 0.3392399 0.3826937 0.4145492 0.3875072 0.3855602 0.3972308 0.3978983 0.7100196 0.6636880 0.7526069 
Gana_sp1   0.2793888 0.2836810 0.2868732 0.3294565 0.3066268 0.2837830 0.2975111 0.2843573 0.3490619 0.2756802 0.3248597 0.4254075 0.3025842 0.2998733 0.2847584 0.4538806 0.0000000 0.2925963 0.2942180 0.3038715 0.2480318 0.2621591 0.2586301 0.2766183 0.3182548 0.2918651 0.2803744 0.3033293 0.3261083 0.3063083 0.3053872 0.3041063 0.3181490 0.3173196 0.6315153 0.5806896 0.7095758 
Hedic_le   0.2186620 0.1413307 0.1411651 0.1632326 0.1625183 0.0718619 0.0642949 0.1318547 0.1641381 0.2001850 0.1580764 0.3097622 0.1433125 0.1355640 0.2036283 0.3713202 0.2925963 0.0000000 0.1479257 0.0764666 0.2913974 0.3085947 0.2936468 0.1843709 0.2061609 0.1335282 0.2108690 0.1340002 0.1424028 0.1526088 0.1429351 0.1401257 0.1530507 0.1504599 0.5782564 0.5252991 0.6328558 
Irae_his   0.2137509 0.1358461 0.1184564 0.1539421 0.1381761 0.1286470 0.1465613 0.1332900 0.1035608 0.2057759 0.1439964 0.2842653 0.1370501 0.1322831 0.2070187 0.3802200 0.2942180 0.1479257 0.0000000 0.1334536 0.3224765 0.3165441 0.3337251 0.2011917 0.1920934 0.1266027 0.1916988 0.1278324 0.1129101 0.1444407 0.1557824 0.1522507 0.1658808 0.1646073 0.6208607 0.5789249 0.6994500 
Isoc_cen   0.2202366 0.1508647 0.1381904 0.1653746 0.1793912 0.0556615 0.0726546 0.1464207 0.1607301 0.2028457 0.1644101 0.3115518 0.1476749 0.1376866 0.1962399 0.4005941 0.3038715 0.0764666 0.1334536 0.0000000 0.3149967 0.3216748 0.3144227 0.1915736 0.2099055 0.1396202 0.1945046 0.1503542 0.1485196 0.1404475 0.1443631 0.1420683 0.1543705 0.1538097 0.6145942 0.5566365 0.6642573 
Lepto_bo   0.2990654 0.3048190 0.3047188 0.3318138 0.3284027 0.3048371 0.2913938 0.2879131 0.3232878 0.2831701 0.3252585 0.3974918 0.3098998 0.2933221 0.3037703 0.4367724 0.2480318 0.2913974 0.3224765 0.3149967 0.0000000 0.1518441 0.1449924 0.2744049 0.3147103 0.3048794 0.2958127 0.3001819 0.3215301 0.3252340 0.3049867 0.3024036 0.3160429 0.3164483 0.6288355 0.5754627 0.6642248 
Lepto_cl   0.3075777 0.3209980 0.3276965 0.3350572 0.2971658 0.3191572 0.3018143 0.3040119 0.3230644 0.2979355 0.3348029 0.3820012 0.3200273 0.3069651 0.3141593 0.4366557 0.2621591 0.3085947 0.3165441 0.3216748 0.1518441 0.0000000 0.1213261 0.2793642 0.2947360 0.3183336 0.3035995 0.2931083 0.3250640 0.3261702 0.3129846 0.3104033 0.3156364 0.3171555 0.6754621 0.6104034 0.7188030 
Lepto_he   0.2939359 0.3022636 0.3065385 0.3258429 0.3213857 0.3044483 0.2874182 0.2880173 0.3274239 0.2880859 0.3230001 0.3981361 0.3115727 0.3008132 0.3045416 0.4379067 0.2586301 0.2936468 0.3337251 0.3144227 0.1449924 0.1213261 0.0000000 0.2728020 0.3095596 0.3080907 0.2951867 0.2974742 0.3228775 0.3206809 0.3063904 0.3044794 0.3119020 0.3118354 0.6378825 0.5892768 0.6834714 
Parn_nig   0.1976064 0.1975380 0.1969566 0.2021460 0.2202554 0.1942288 0.1842077 0.1851772 0.2335505 0.1571010 0.2035384 0.2988599 0.1909822 0.1790956 0.1800339 0.3789603 0.2766183 0.1843709 0.2011917 0.1915736 0.2744049 0.2793642 0.2728020 0.0000000 0.1834203 0.1949211 0.1631526 0.1944728 0.1934084 0.1955374 0.1853375 0.1888217 0.1990311 0.1983515 0.5985724 0.5422180 0.6473237 
Pedia_ac   0.2346824 0.2177290 0.2224749 0.2291244 0.2114854 0.2131221 0.2060342 0.2047186 0.2206651 0.2067250 0.2263077 0.2592537 0.2081454 0.2000056 0.1661682 0.3674668 0.3182548 0.2061609 0.1920934 0.2099055 0.3147103 0.2947360 0.3095596 0.1834203 0.0000000 0.2146444 0.2045258 0.1839903 0.1994790 0.2197224 0.2070424 0.2060694 0.2098465 0.2125782 0.6102848 0.5615524 0.6745258 
Peric_JH   0.2243141 0.1328188 0.1306127 0.1528457 0.1594963 0.1327327 0.1354129 0.1287379 0.1745791 0.2033871 0.1513550 0.3194844 0.1306365 0.0778647 0.2052718 0.3969884 0.2918651 0.1335282 0.1266027 0.1396202 0.3048794 0.3183336 0.3080907 0.1949211 0.2146444 0.0000000 0.2132256 0.1471266 0.1313878 0.1509332 0.1413294 0.1404957 0.1532177 0.1510759 0.6065983 0.5413663 0.6561527 
Phaen_vi   0.1582645 0.2150409 0.1984191 0.2274857 0.2500096 0.1966156 0.2145452 0.2067506 0.2030521 0.1605352 0.2279006 0.3198928 0.2145196 0.2036573 0.1989481 0.4007725 0.2803744 0.2108690 0.1916988 0.1945046 0.2958127 0.3035995 0.2951867 0.1631526 0.2045258 0.2132256 0.0000000 0.2271941 0.2174984 0.2083130 0.2114120 0.2092951 0.2196962 0.2204053 0.6224429 0.5578240 0.6580711 
Phana_JH   0.2356693 0.1487624 0.1502018 0.1629777 0.1471381 0.1435319 0.1348148 0.1380852 0.1543399 0.2090708 0.1696516 0.2990977 0.1496672 0.1386171 0.2140948 0.3392399 0.3033293 0.1340002 0.1278324 0.1503542 0.3001819 0.2931083 0.2974742 0.1944728 0.1839903 0.1471266 0.2271941 0.0000000 0.1322855 0.1579560 0.1565506 0.1534398 0.1681945 0.1658619 0.5845876 0.5374487 0.6333006 
Prot_spe   0.2468331 0.1096648 0.1175589 0.1304423 0.1264684 0.1477960 0.1423085 0.1115672 0.1646625 0.2173556 0.1115620 0.3126513 0.1211694 0.1151744 0.2084299 0.3826937 0.3261083 0.1424028 0.1129101 0.1485196 0.3215301 0.3250640 0.3228775 0.1934084 0.1994790 0.1313878 0.2174984 0.1322855 0.0000000 0.1516943 0.1469945 0.1434783 0.1571592 0.1523604 0.6403895 0.5857740 0.6754180 
Qwaq_sco   0.2282551 0.1571579 0.1466635 0.1709281 0.1860858 0.1422509 0.1508727 0.1541442 0.1809935 0.2059637 0.1718539 0.3263508 0.1531647 0.1445258 0.2019757 0.4145492 0.3063083 0.1526088 0.1444407 0.1404475 0.3252340 0.3261702 0.3206809 0.1955374 0.2197224 0.1509332 0.2083130 0.1579560 0.1516943 0.0000000 0.1538299 0.1520195 0.1621388 0.1623376 0.6299201 0.5774121 0.6963823 
Syne_gif   0.2353083 0.1554150 0.1569510 0.1672067 0.1765311 0.1484059 0.1416792 0.1452320 0.1926422 0.2097521 0.1625316 0.3021178 0.1381033 0.1360547 0.2038779 0.3875072 0.3053872 0.1429351 0.1557824 0.1443631 0.3049867 0.3129846 0.3063904 0.1853375 0.2070424 0.1413294 0.2114120 0.1565506 0.1469945 0.1538299 0.0000000 0.0339200 0.0409400 0.0384259 0.5972692 0.5397735 0.6564843 
Syne_ito   0.2334547 0.1525052 0.1533224 0.1622510 0.1736196 0.1462756 0.1397111 0.1435037 0.1858598 0.2060138 0.1570460 0.3019551 0.1361465 0.1345635 0.2040944 0.3855602 0.3041063 0.1401257 0.1522507 0.1420683 0.3024036 0.3104033 0.3044794 0.1888217 0.2060694 0.1404957 0.2092951 0.1534398 0.1434783 0.1520195 0.0339200 0.0000000 0.0460920 0.0437300 0.5956838 0.5403478 0.6580127 
Syne_jap   0.2434284 0.1665924 0.1685822 0.1751110 0.1801710 0.1536800 0.1495693 0.1565151 0.2022847 0.2217428 0.1729888 0.3148044 0.1503750 0.1481058 0.2166029 0.3972308 0.3181490 0.1530507 0.1658808 0.1543705 0.3160429 0.3156364 0.3119020 0.1990311 0.2098465 0.1532177 0.2196962 0.1681945 0.1571592 0.1621388 0.0409400 0.0460920 0.0000000 0.0191161 0.6109649 0.5555596 0.6730287 
Syne_umb   0.2450403 0.1647362 0.1666217 0.1743470 0.1842027 0.1582201 0.1486690 0.1551342 0.1982964 0.2208916 0.1730820 0.3073421 0.1484228 0.1448596 0.2150556 0.3978983 0.3173196 0.1504599 0.1646073 0.1538097 0.3164483 0.3171555 0.3118354 0.1983515 0.2125782 0.1510759 0.2204053 0.1658619 0.1523604 0.1623376 0.0384259 0.0437300 0.0191161 0.0000000 0.6128376 0.5607273 0.6796423 
Nasoniav   0.6208279 0.6086378 0.6065392 0.6206109 0.6320466 0.5988332 0.5805935 0.5665610 0.5625197 0.6298916 0.6302112 0.6017746 0.6065834 0.5913191 0.5974959 0.7100196 0.6315153 0.5782564 0.6208607 0.6145942 0.6288355 0.6754621 0.6378825 0.5985724 0.6102848 0.6065983 0.6224429 0.5845876 0.6403895 0.6299201 0.5972692 0.5956838 0.6109649 0.6128376 0.0000000 0.6232808 0.7063925 
Orussusa   0.5625403 0.5511243 0.5528904 0.5759407 0.5840458 0.5434070 0.5343400 0.5232273 0.5083508 0.5623937 0.5732667 0.5220319 0.5495069 0.5247502 0.5434013 0.6636880 0.5806896 0.5252991 0.5789249 0.5566365 0.5754627 0.6104034 0.5892768 0.5422180 0.5615524 0.5413663 0.5578240 0.5374487 0.5857740 0.5774121 0.5397735 0.5403478 0.5555596 0.5607273 0.6232808 0.0000000 0.6332428 
Micropld   0.6676372 0.6547233 0.6555555 0.6826922 0.7002342 0.6463927 0.6396171 0.6227048 0.6228902 0.6799161 0.6815228 0.6760907 0.6706380 0.6372011 0.6413322 0.7526069 0.7095758 0.6328558 0.6994500 0.6642573 0.6642248 0.7188030 0.6834714 0.6473237 0.6745258 0.6561527 0.6580711 0.6333006 0.6754180 0.6963823 0.6564843 0.6580127 0.6730287 0.6796423 0.7063925 0.6332428 0.0000000 
