
maxdiff     : 0.0363999
meandiff    : 0.000792137

