CATSBDP
1	-1	23262
1
1.8
0	0
0	0
../../data/clustal34_ag_lt0.26_no_outgr.phy
4
0
Universal

0
0
0
0
10	0
0
((Parn_nig:0.130741446305888,((((Dipl_spi:0.231308199446666,Pedia_ac:0.185996965776007):0.0276099532173134,Cecin_ib:0.622817945618936):0.0352441842374895,((((Peric_JH:0.0788627799910615,Diast_ki:0.0609257917011813):0.0714829940399076,((Irae_his:0.112792849461908,Cerop_ma:0.134447494103848):0.00348205030644806,(Prot_spe:0.106952260493682,(((Bior_pal:0.076422297464209,(Andr_qln:0.108961997628668,Beloc_tr:0.0402604532562):0.00505316729866426):0.0202826959915283,((Andr_qrm:0.0337076233136103,Andr_cur:0.0408873960019122):0.00951707270771167,Andr_gro:0.0890361616434254):0.00452022094224287):0.040282185173952,Calli_sp:0.146608123652311):0.0263493627452685):0.0147321842420424):0.00639516177934104):0.0160366080477962,(Qwaq_sco:0.151931589334499,(((Syne_umb:0.0172138066884923,Syne_jap:0.0165377796647999):0.0336093778705553,Syne_gif:0.0319392537408513):0.00854039590001061,Syne_ito:0.0387196142112855):0.141424541885944):0.00415222962030456):0.0096951623949216,(Phana_JH:0.150024456482112,(Aylax_hy:0.0524137881335611,(Hedic_le:0.0716683284931555,(Isoc_cen:0.0584284748570998,Aula_tav:0.0429338116757796):0.0152443089609254):0.00308909924492204):0.0750290512113921):0.0129323355932306):0.10339420755618):0.0123403806891609,Escha_ac:0.936681812451427):0.0340006644389915):0.0251223359687627,(Callas_no:0.187102958232324,(((Lepto_cl:0.0882104977052438,Lepto_he:0.12305144544668):0.0477854432946275,Lepto_bo:0.116783750479089):0.188227845755736,Gana_sp1:0.218321750661831):0.230685192378592):0.0146215468181704,(Phaen_vi:0.125900366006788,Allox_ar:0.203445029771977):0.0456592132430217);
((Parn_nig:0.130741446305888,((((Dipl_spi:0.231308199446666,Pedia_ac:0.185996965776007):0.0276099532173134,Cecin_ib:0.622817945618936):0.0352441842374895,((((Peric_JH:0.0788627799910615,Diast_ki:0.0609257917011813):0.0714829940399076,((Irae_his:0.112792849461908,Cerop_ma:0.134447494103848):0.00348205030644806,(Prot_spe:0.106952260493682,(((Bior_pal:0.076422297464209,(Andr_qln:0.108961997628668,Beloc_tr:0.0402604532562):0.00505316729866426):0.0202826959915283,((Andr_qrm:0.0337076233136103,Andr_cur:0.0408873960019122):0.00951707270771167,Andr_gro:0.0890361616434254):0.00452022094224287):0.040282185173952,Calli_sp:0.146608123652311):0.0263493627452685):0.0147321842420424):0.00639516177934104):0.0160366080477962,(Qwaq_sco:0.151931589334499,(((Syne_umb:0.0172138066884923,Syne_jap:0.0165377796647999):0.0336093778705553,Syne_gif:0.0319392537408513):0.00854039590001061,Syne_ito:0.0387196142112855):0.141424541885944):0.00415222962030456):0.0096951623949216,(Phana_JH:0.150024456482112,(Aylax_hy:0.0524137881335611,(Hedic_le:0.0716683284931555,(Isoc_cen:0.0584284748570998,Aula_tav:0.0429338116757796):0.0152443089609254):0.00308909924492204):0.0750290512113921):0.0129323355932306):0.10339420755618):0.0123403806891609,Escha_ac:0.936681812451427):0.0340006644389915):0.0251223359687627,(Callas_no:0.187102958232324,(((Lepto_cl:0.0882104977052438,Lepto_he:0.12305144544668):0.0477854432946275,Lepto_bo:0.116783750479089):0.188227845755736,Gana_sp1:0.218321750661831):0.230685192378592):0.0146215468181704,(Phaen_vi:0.125900366006788,Allox_ar:0.203445029771977):0.0456592132430217);
1
9.05512
0.516314
5000
24.9784
0.314968	0.186191	0.167397	0.203531	0.185939	0.200166	0.176941	0.309382	0.306037	0.283275	0.19133	0.288981	0.170538	0.170818	0.254784	0.488112	0.34972	0.308898	0.0565203	0.192483	

0.0588803	0.00344049	0.0045472	0.0110172	0.0131327	0.006503	0.00073242	0.175551	0.00310227	0.0231225	0.0157597	0.00712101	0.00182317	7.12867e-10	0.00160725	0.00174716	0.00688738	0.663923	2.29341e-16	0.00110259	
0.000122504	0.000182363	0.000671428	0.000737476	0.000300605	0.000775603	0.942751	0.000136438	4.44749e-05	0.00302159	9.88071e-05	0.0108139	5.37049e-07	0.0139871	0.00528461	0.00181968	1.67092e-05	0.00184516	0.000707099	0.0166825	
0.0036625	1.14605e-05	0.00322144	1.1474e-08	3.27027e-06	0.000514744	4.54608e-05	0.270845	0.000530354	0.0869083	0.550754	3.87219e-05	0.000130723	0.00972091	0.00527353	0.00472292	0.00250669	0.0603038	0.000774136	3.27922e-05	
0.0241892	2.12681e-08	3.51613e-07	0.00429985	0.000643989	0.00488322	0.00608074	0.00106331	0.00211198	0.019656	3.40967e-12	0.00145139	0.795432	0.0171595	0.00842065	0.0875696	0.0191596	0.00614786	6.92221e-05	0.00166154	
0.140935	0.00322025	0.0898668	0.1244	0.0281401	0.0437296	1.82169e-06	0.104999	0.0289828	0.0539789	0.0202337	0.0296785	0.0300604	0.0308194	0.010355	0.0496772	0.0626432	0.145411	1.53023e-07	0.00286761	
0.00913076	0.0126489	0.00731676	0.00400748	1.50884e-06	0.0792068	0.00759084	0.0010971	0.00130545	2.71607e-06	6.6187e-06	0.208303	0.000133422	0.000650234	0.0159946	0.604351	0.042682	0.0036789	0.000140554	0.00175147	
2.36417e-07	0.000203507	0.000139957	0.000322889	0.0204556	5.83942e-08	0.00802834	0.00131089	0.00178954	0.000134312	1.89636e-06	1.838e-05	6.31509e-06	4.35935e-05	4.66051e-06	1.81167e-06	0.000125781	0.00146728	7.4505e-06	0.965938	
0.00319652	8.10036e-05	0.00173295	0.0148678	2.5667e-05	1.57685e-07	0.0470128	0.00355548	0.014162	0.020563	2.12338e-13	0.00493685	0.0127992	0.844687	0.0179906	0.00555558	0.00566798	0.000575635	2.82475e-19	0.00258946	
0.175552	0.000205801	2.04189e-06	0.000124826	0.00170531	0.128042	6.16033e-06	0.0205365	0.00537535	0.000624245	2.96682e-06	0.038742	2.5892e-05	0.000129078	4.64418e-09	0.47535	0.127308	0.0260424	0.000224411	5.31281e-07	
0.000311254	8.66371e-11	2.37695e-08	5.9418e-06	0.00266075	0.011953	0.0219781	0.016344	0.0237387	9.87763e-05	1.62893e-05	0.666903	5.38445e-08	0.00727525	0.00701159	0.194755	0.0421025	0.004771	1.55737e-25	7.47414e-05	
0.0145066	0.00154757	0.0706119	0.773643	0.00195395	0.0299857	1.05697e-05	0.00292284	0.0431872	0.00430008	0.00552632	0.00034154	0.000774169	0.0290151	0.000673219	0.000921194	0.00263316	0.0166386	1.00254e-08	0.000806982	
2.81533e-05	7.56018e-05	0.000285857	7.23877e-09	0.955202	4.25105e-06	9.1882e-08	0.00158655	0.00113864	0.0127589	0.00108029	0.00060744	2.27153e-07	0.000850569	0.000203155	0.00178364	0.000199634	4.8253e-06	0.000292069	0.0238976	
0.112286	0.00525247	0.00566681	0.00544975	0.00272416	0.00595097	0.00163194	0.02872	0.0196134	0.000294487	0.0037192	0.0481601	0.022495	0.0121793	0.00224549	0.199968	0.497932	0.0235013	1.59626e-05	0.00219382	
0.000953257	0.0450242	0.00628978	0.00260428	0.138933	0.00174541	0.131906	0.0206063	0.0172665	0.0645817	0.00131784	0.0206194	0.00032563	0.0302971	0.0166909	0.0414961	0.00496701	0.0107356	0.00620955	0.43743	
0.0370094	0.0028788	3.19463e-08	2.43387e-06	0.00289103	1.95374e-06	0.00219919	1.89539e-05	0.000458022	0.0260397	1.8762e-12	0.0109446	0.00540929	5.36096e-06	0.00654272	0.736983	0.168297	8.50103e-06	0.000203791	0.000106235	
0.00119351	4.3494e-08	0.962234	2.15855e-05	0.000556205	0.000570023	0.00232441	0.00327565	0.000125036	0.000705855	0.00103669	0.0260096	1.92798e-06	9.65949e-07	0.000614162	0.00105261	8.83281e-06	5.45621e-06	3.84719e-05	0.000224736	
0.063539	0.012223	0.0116556	0.0158904	0.0482977	0.0138689	2.04796e-07	0.0167928	0.0186607	0.127519	0.00963978	0.0162717	0.0517546	0.00704677	0.00763501	0.472255	0.0847909	0.0135881	0.0071204	0.00145022	
0.0111765	0.00264721	0.00437407	0.0050793	0.000402637	0.946934	3.32581e-07	0.00193406	0.000594431	0.00154513	0.000336446	0.00414109	0.000237333	0.000828629	0.00417566	0.013736	0.000175006	0.00110672	4.38287e-09	0.000575116	
0.00411729	0.00185848	1.97571e-07	0.00415099	0.0343155	0.000216825	0.0119126	0.0554712	0.00825178	0.674567	0.0374254	0.00366575	0.00649313	0.0261199	0.00972766	0.0504816	0.00496261	0.0562813	0.00787312	0.00210795	
0.0366721	0.00621716	7.75193e-11	0.0234483	0.0445828	0.0114756	0.00508241	0.240782	0.0462008	0.11268	0.0538339	0.038283	0.00684102	0.010248	0.0149802	0.0473968	0.0915263	0.181194	0.00399254	0.0245633	
0.00179727	7.18886e-05	0.00136618	3.39152e-12	0.0559397	5.128e-05	0.0046905	0.140008	0.0013585	0.664167	0.0208552	0.000787253	0.00630002	0.000890402	0.0119703	0.000646949	0.00337635	0.0770365	0.000101084	0.00858558	
0.786583	0.000108019	0.000567004	0.00270095	1.36064e-06	0.0232832	0.000607967	0.000748259	0.000771192	0.00125197	0.0013562	5.06012e-05	6.03205e-06	0.00365768	4.30846e-08	0.146631	0.0291443	0.00243187	8.36408e-13	9.92588e-05	
6.21851e-05	0.00107182	0.000111615	0.000127601	0.0105129	0.00116535	5.19453e-08	0.0312051	1.26717e-08	0.919804	0.0167174	3.21519e-05	1.18132e-09	0.000490008	0.00120851	0.00316395	0.00110413	0.0122015	6.10967e-05	0.000960889	
0.0631109	0.00527806	0.0272941	0.0341147	0.00487859	0.0258893	0.0224888	0.0153636	0.0322165	0.0644635	0.00131491	0.0224075	0.335503	0.0633816	0.0291283	0.179111	0.0610846	0.00969546	4.36883e-12	0.00327525	
0.00241438	0.95523	5.35688e-05	3.66042e-06	0.00673297	1.41641e-05	8.39414e-05	0.00266814	0.000431458	0.000491504	4.63128e-05	6.48877e-05	0.000224769	4.27652e-05	0.00156719	0.0213746	0.00263244	0.000838558	1.71221e-09	0.00508478	
0.01698	0.00119699	5.12791e-05	1.37992e-06	0.0117651	0.000727937	4.95808e-08	0.372256	0.000144013	0.188795	0.00838272	0.00176381	0.00102856	0.00646017	0.000163769	0.00364354	0.0304487	0.355303	0.000696784	0.00019066	
2.37607e-06	0.00151887	0.000389902	0.000989671	1.30643e-05	0.00417283	0.00569559	0.000248314	0.0167102	0.00575319	0.00161421	1.61952e-05	1.17204e-14	0.016203	0.936212	0.0077035	0.000716153	0.000384268	2.23327e-06	0.00165451	
0.000515416	0.000317286	0.00187089	2.37031e-05	7.31977e-06	0.00145512	5.56688e-08	0.000124723	0.00302491	0.00271145	2.48961e-05	2.22564e-10	0.982631	4.48974e-06	0.000104755	0.00626718	0.000134562	0.000454967	1.65968e-27	0.000327301	
0.000591218	0.0015792	2.54655e-06	0.000190867	0.00355399	0.0016635	1.4217e-08	0.0395671	0.00693946	0.0325172	0.894666	5.34679e-06	0.000403002	1.06521e-11	0.0032638	0.000346282	0.00669203	0.00776757	2.93998e-10	0.000251321	
0.00481413	0.00259945	3.60086e-09	0.000317819	2.05645e-06	9.57581e-09	0.00409987	0.111218	0.00524179	0.0948318	0.46442	0.000369939	3.77992e-12	2.5408e-06	0.000212988	0.0528185	0.170386	0.0837843	0.00488107	4.33617e-09	
9.40472e-05	0.0011034	0.0404412	0.00681842	0.00017273	0.00173269	0.0864723	0.000208054	0.156676	0.0122467	0.0187228	0.475821	0.0114039	0.00641744	0.0492679	0.0850755	0.0400903	4.05792e-06	6.49382e-08	0.00723143	
0.0389833	0.00198696	0.0693355	0.470471	0.00200979	0.0382951	0.00529991	0.0058766	0.141945	0.0134914	0.000330317	0.0248124	0.00500132	0.103281	0.0282924	0.0140975	0.0113066	0.0243336	1.27674e-05	0.000837021	
1.18115e-09	0.000284218	2.26755e-06	1.27769e-07	2.07597e-05	0.000933719	2.89514e-07	0.232586	1.07288e-05	0.0224078	8.56911e-05	0.000311554	4.26461e-05	0.00148317	0.000330001	0.00130287	9.70456e-06	0.739526	5.27535e-10	0.000663065	
0.00595752	0.000314426	0.142466	0.816893	0.000400951	0.00405025	0.000651795	0.00137545	0.00495885	0.00182296	5.08371e-08	0.000909385	0.000282556	0.0140278	0.00129481	0.00214972	0.000155926	0.000390914	2.95307e-06	0.00189423	
0.569605	0.00886044	2.73798e-05	8.27838e-06	5.39012e-06	0.00582034	5.10043e-11	0.0142492	0.00261486	0.000822109	0.000520754	0.00692089	1.91863e-09	0.00351852	0.000474095	0.0716897	0.222458	0.0918469	0.000556309	1.86882e-06	
0.852304	0.0053452	5.30677e-05	0.00398128	0.00426001	0.0265952	5.37383e-08	0.00493071	0.00406279	0.0124204	0.000952614	0.000420242	0.00650094	0.0022128	0.000179963	0.020584	0.0170217	0.0376698	1.84659e-14	0.000505392	
2.83879e-08	0.000121763	0.764213	0.186208	0.00014241	0.00460529	8.92613e-05	0.00142122	0.0011338	6.62496e-07	0.000639924	0.0327132	0.000560529	1.79474e-10	0.00197037	0.00303171	0.00138978	8.74871e-05	8.34477e-07	0.00167028	
0.0331468	0.000201377	0.0220931	0.00782025	5.7906e-05	0.0208538	0.00509814	0.0326605	0.029334	0.00618148	0.00382764	0.231666	0.0157426	0.00250597	0.00678966	0.397113	0.181189	0.00329702	0.000420928	1.63801e-11	
0.00309887	3.47953e-05	0.00264261	0.0245339	0.00212026	0.00368221	0.00287337	0.0103055	0.713338	0.00762297	0.00927164	0.0539073	0.00250057	0.0363368	0.0945873	0.00582863	0.0227388	0.00336633	4.85366e-25	0.00121057	
0.000437833	0.00118502	0.0105573	0.000639725	0.00643942	0.00648487	2.29983e-08	0.00369243	0.135162	0.0501332	0.00494427	1.16129e-06	0.0200654	0.000220214	0.159281	0.30035	0.279327	0.00312259	0.000152762	0.0178046	
0.0185082	0.00961769	0.0887321	0.0261431	0.0103548	0.0182045	0.013012	0.0327149	0.0500832	0.00549541	0.000522986	0.430486	0.00255619	0.0212972	0.00514057	0.180404	0.0626862	0.00965283	4.03387e-08	0.0143877	
0.152436	0.0417906	0.00594667	3.68525e-06	0.0360044	0.000308721	0.00386907	0.00369297	1.68553e-05	0.0230994	0.000519029	3.34823e-05	0.00214683	9.10813e-06	0.0013348	0.691882	0.0258964	0.00341513	3.50518e-14	0.00759508	
5.41305e-05	0.0804554	0.0157254	0.000231851	0.0750368	0.0132934	0.236928	0.0142448	0.00532917	0.0142893	0.0145078	0.153769	0.0114276	0.0154835	0.0110146	0.0849923	0.00452306	1.44163e-06	1.04326e-09	0.248693	
0.00135941	0.000151842	2.90418e-08	0.00298399	0.00183967	0.000305597	4.45373e-09	0.003607	0.858786	0.00419589	0.000825362	0.000157243	0.00027349	0.00640991	0.115775	0.00165023	4.49867e-05	0.00145397	0.000179735	4.06746e-07	
0.214738	0.00225591	0.000669926	0.0091714	0.00281156	0.0245952	7.89638e-12	0.129123	0.00223554	0.0932069	0.00442509	0.000606201	0.000147402	0.000856366	0.00330314	0.0103059	0.0419901	0.457746	2.27239e-11	0.00181293	
0.0413444	0.0359242	0.00797472	0.00648171	0.0384306	0.00955882	0.00449239	0.0257352	0.0131482	0.0200565	0.00577083	0.0382294	0.0343372	0.00516489	0.014957	0.502382	0.16066	0.0106968	1.18605e-11	0.0246549	
0.000267754	0.00301639	3.91115e-13	0.00241659	0.00460915	0.000817536	0.00120384	0.00244639	0.00262941	0.00713592	1.73153e-09	1.20895e-06	0.000538875	0.000897981	0.00436389	0.000759364	2.54312e-05	0.00023075	0.960493	0.00814677	
0.0664668	3.20812e-07	0.00138608	0.00857028	0.00556894	0.0120095	1.46186e-06	0.00909339	0.00206424	0.00165058	0.00145644	0.00113505	0.223149	0.0209304	0.000477666	0.538678	0.0955004	0.00885131	0.00142896	0.00158125	
0.0106526	0.0023881	0.590129	0.146717	0.00358839	0.0205393	0.0203894	0.00448767	0.00932696	0.00677257	9.55545e-08	0.122783	0.00375854	0.005042	0.00523297	0.015408	0.00536215	0.0123622	3.0641e-08	0.01506	
0.0224489	0.00723853	0.00699836	0.103765	6.82313e-05	0.00635995	0.01016	0.027371	0.391926	0.00292943	0.0229365	0.0792989	0.0122834	0.075678	0.0575273	0.0420417	0.108339	0.0157539	1.27236e-09	0.00687554	
3.32792e-07	1.37923e-05	2.99773e-08	0.00111634	0.000289239	8.87214e-08	4.27832e-05	0.000170072	7.90067e-05	0.000122247	1.94938e-06	0.990754	0.000141504	6.69486e-05	0.000380608	0.00100894	0.00192505	0.00157551	2.27976e-07	0.00231171	
0.120415	0.00183151	0.0430535	0.123041	5.94237e-09	0.535474	3.55606e-07	0.00027322	0.0133514	0.00199835	1.52904e-08	0.0367216	1.57903e-08	0.00191242	0.0519102	0.0504145	0.0194968	5.62071e-05	4.9611e-05	3.39529e-09	
0.00034817	0.00351047	9.47271e-11	0.100728	0.00282743	0.775692	0.00553309	0.00626749	0.0199669	0.00666369	5.89581e-10	0.00295438	5.97649e-06	0.000247182	0.0343646	0.00183513	0.00447292	0.0332723	0.00108543	0.000224945	
0.00223058	0.0207476	0.00424509	0.00276844	0.160961	0.000986957	0.0202124	0.00111094	1.01171e-05	0.00789211	0.00185364	0.000460517	0.00317532	8.98302e-05	0.0014338	0.00704278	5.59433e-05	0.000925342	0.0060538	0.757743	
0.0379753	6.39987e-05	4.17975e-07	2.93903e-05	0.000147026	1.64677e-05	7.7739e-13	0.064806	0.376646	0.0212875	0.00384153	0.134201	0.000174845	2.86145e-07	0.142374	0.00407469	0.101912	0.101339	7.88609e-10	0.011111	
0.400157	0.000581363	0.0102958	0.0019132	0.0194445	0.0333654	0.00301072	0.0609445	0.00128937	0.00196189	0.0105975	1.9515e-06	0.0224045	2.6698e-05	0.000293471	0.0591481	0.0806954	0.293841	1.0929e-10	2.74837e-05	
0.00159268	0.0048704	0.0686926	0.029163	1.26698e-06	0.05066	1.07542e-05	9.868e-08	0.188997	0.00359092	5.26792e-05	0.323273	0.00467703	0.0163007	0.0591392	0.160776	0.0873833	7.59985e-06	0.00078509	2.63931e-05	
0.258122	0.000480934	0.000661893	0.00520787	8.20059e-05	0.00252505	0.000320995	0.00131334	0.00515293	0.00351085	0.0142062	0.0178459	0.359598	0.0783868	0.000125573	0.0878121	0.144735	0.019913	7.77559e-17	2.31882e-09	
0.00676656	0.0264609	0.016958	0.0076279	8.57671e-06	0.00228314	0.00724843	0.169445	0.00742938	6.06859e-06	0.00592822	0.120906	6.80143e-05	2.22665e-06	6.81676e-05	0.0672577	0.552871	0.00636104	1.56688e-15	0.00230364	
0.0707745	0.0149665	0.0045219	0.0069741	1.3515e-07	0.69729	0.00215811	4.85362e-05	1.47095e-06	1.0858e-05	0.00234216	0.0185556	0.0021369	0.000333806	0.00470138	0.144192	0.0145906	0.0150592	4.55545e-24	0.00134269	
0.110889	5.46572e-08	0.00415313	0.00636297	0.00889517	0.040418	0.0022029	0.168834	0.00417121	0.102518	0.126913	0.00980033	0.0121919	0.00218733	0.00128283	0.032676	0.0607002	0.305803	5.33956e-08	4.17622e-07	
0.00143148	0.000637276	0.0128261	0.00868712	0.00350071	9.58377e-06	0.523246	0.00217881	0.00681312	0.0154952	1.33669e-08	0.157687	0.014603	0.136587	0.0251758	0.0196655	0.0172105	1.26287e-05	8.79183e-17	0.0542326	
0.0209636	0.00125253	0.0278632	0.0141558	0.000314021	0.00990047	0.0834863	0.311659	0.0347924	0.0655278	0.022732	0.146881	0.00900461	0.00485457	0.00181218	0.0393199	0.074023	0.121181	7.23314e-13	0.0102767	
0.000499909	0.00236762	5.52534e-05	0.00104625	0.0211798	0.00149935	0.00098012	0.708971	0.0054664	0.0781777	0.0436156	0.000475737	0.00166288	4.57554e-07	0.000999482	0.00122762	0.00331669	0.126474	8.45873e-05	0.00189962	
0.00740528	0.00567738	0.000335281	0.000104402	0.695373	0.000325514	0.00178642	0.0308766	0.00543288	0.0491554	0.00183016	0.00135268	1.46278e-05	5.30748e-06	4.95652e-05	0.0200392	0.00212577	0.0217274	4.39524e-07	0.156382	
0.0219894	0.0950884	0.0214203	0.00215891	0.17175	1.92244e-05	0.204192	0.000550493	0.00836749	0.0630389	2.85853e-09	0.107938	1.89512e-05	5.43782e-05	0.0121582	0.00248059	0.00088237	0.0113706	9.27198e-15	0.276522	
0.0242597	0.0225205	0.142731	0.0158675	1.20426e-06	0.371937	0.00242986	0.013316	0.0212772	0.000142609	0.00015474	0.0918125	0.00331919	0.000492698	0.0285421	0.228718	0.000401323	0.0261699	3.42194e-05	0.00587249	
0.0380062	0.0150036	1.04942e-12	0.000206855	0.0241424	0.000636069	0.0292112	0.00904304	0.000490136	0.074285	0.00558854	0.00640549	0.344034	0.00700384	0.0172194	0.351579	0.0627837	0.0109221	4.0194e-13	0.00343982	
0.443521	0.000572659	0.0143774	0.0201559	0.00596525	0.0456677	0.00220552	4.66578e-05	0.00176317	0.0100089	0.00521354	0.00917824	0.0439344	0.00728546	0.00979953	0.13725	0.16238	0.0758122	1.84703e-08	0.00486224	
0.15116	0.000459118	0.000329289	0.00170439	0.0390063	0.012399	0.0136588	0.0656601	0.0485411	0.102033	0.00303663	0.0153868	0.0414414	0.0257243	0.000534066	0.190959	0.145583	0.123653	1.25971e-15	0.0187313	
0.021628	8.26198e-06	0.000218888	1.76386e-05	1.65682e-05	4.57926e-05	0.000100802	0.03445	0.00337372	0.00194137	0.014341	0.016237	0.00112429	0.00145715	0.00273499	0.0773107	0.823982	0.000337836	0.000487996	0.000186459	
0.0121508	0.00350037	0.0102138	0.0939372	0.013778	0.0171689	0.0651138	0.0189963	0.116017	0.0555565	0.00848393	0.0334564	0.0333649	0.299886	0.116494	0.0474501	0.0291378	0.0175403	0.00332419	0.00442929	
0.094567	0.000146131	4.41591e-07	0.00497103	0.00335228	0.00912872	0.00143103	0.131789	0.0253368	0.0198668	0.0330453	0.0182613	0.0269086	5.55188e-05	0.016653	0.0826375	0.476729	0.0544661	1.38974e-07	0.000653795	
4.48954e-05	1.94255e-05	8.07343e-05	0.000604931	2.55932e-05	0.00431062	1.37907e-07	0.00706546	0.239085	0.00634082	0.00540359	0.000676316	0.00150498	3.75169e-05	0.726859	0.0069292	0.000876995	1.08237e-06	6.18698e-10	0.000133458	
0.290977	0.000616857	0.000362888	2.12177e-06	1.31268e-09	0.323883	0.0185761	0.0258666	0.00422027	9.75458e-06	0.000176175	0.0326505	0.0384188	0.00458236	5.91717e-05	0.0748574	0.0946265	0.0901137	9.2355e-07	2.67144e-15	
0.0198047	0.000618062	0.270407	0.470364	1.96973e-05	0.0291527	0.0095099	0.00294486	0.0436476	0.00324733	0.00177447	0.0602352	0.00206979	0.0342412	0.00339927	0.0186288	0.0171379	0.0121124	0.000684229	4.91933e-09	
0.0031337	0.0634697	0.00137545	0.00250955	0.00138114	0.00367972	1.67438e-06	8.57983e-07	0.000237899	0.00498477	0.000368753	0.0115968	2.06615e-05	2.52435e-07	0.00152813	0.836674	0.0582445	0.00789161	1.20138e-15	0.00290075	
0.146003	0.000410199	0.00926278	0.0427717	8.87967e-06	0.0095239	2.89514e-08	0.0412277	0.0716191	0.0661751	0.0702749	0.0457	3.44997e-06	0.0149002	0.0213843	0.160948	0.237808	0.0593491	3.57878e-11	0.00262977	
0.00214619	6.26684e-12	0.0013826	0.000269528	0.17339	0.0019499	0.00025525	0.0104056	0.0036237	0.751849	0.0242952	0.00413062	0.00125377	0.00590996	0.00325106	0.00595077	4.92048e-05	3.56338e-05	0.00372533	0.00612643	
0.0802805	0.000101355	2.0739e-08	0.0292566	7.21408e-14	2.2619e-09	0.032468	0.00151743	0.050081	0.0705713	0.0685386	0.054635	1.01623e-07	0.00112341	0.0154416	0.453834	0.0418331	0.0139853	0.0741628	0.0121698	
0.00648486	0.000131997	5.82673e-08	0.00252027	0.0227123	1.61891e-06	0.00356151	0.215664	0.00504364	0.318764	0.301746	0.00618286	3.55178e-05	1.51672e-07	0.00612679	0.0127482	0.0200797	0.0730774	2.72961e-09	0.00511943	
1.93251e-07	0.00128106	6.38452e-05	0.297405	0.00176904	0.000767777	0.000878175	0.294348	0.0168709	0.0798539	0.0736167	0.161187	1.35078e-08	7.55425e-07	0.0136282	0.0178619	0.0381725	0.00163012	0.000665361	8.26037e-13	
2.1595e-05	0.00269036	0.00486511	0.00935411	0.000317146	0.000345328	0.0136406	2.64975e-05	0.260465	0.000401173	5.51338e-05	0.00691955	0.000361296	0.0950712	0.566617	0.0106676	0.0131834	0.000123677	2.43239e-05	0.0148496	
0.00534547	0.00874513	8.78681e-06	0.0265319	3.51338e-05	0.0811183	2.48867e-06	0.0129425	0.286352	0.0111686	0.00161778	0.0280747	0.00300068	0.0481041	0.418678	0.0462331	0.0166247	0.000184096	0.0048704	0.000362713	
0.00666352	1.32837e-12	4.31208e-07	0.120693	0.00158554	0.00954883	0.0313756	0.00181562	0.0971588	0.0136874	0.000888871	0.00149289	0.00226281	0.667044	0.0434279	0.00216152	7.14153e-05	0.000121433	3.30289e-16	5.47363e-09	
0.0968524	0.340138	1.92626e-06	0.0150917	0.02478	0.0356883	0.00125476	0.0443893	8.46438e-05	1.04742e-06	9.29221e-06	0.0234705	0.0202154	0.00719711	0.000461826	0.281143	0.0226222	0.047519	1.69683e-06	0.0390779	
0.141043	0.00190993	0.0468458	0.017287	0.0989142	1.35019e-07	1.97173e-16	0.183085	0.000224976	0.000702705	0.0302262	0.000177678	0.034151	1.80111e-06	0.000338224	0.0631916	0.109483	0.0933687	0.000113034	0.178936	
0.0417781	0.0742644	0.00496521	0.00633534	0.0141303	0.0208097	0.00844994	0.0610559	0.0331621	0.0150976	0.00851383	0.159601	0.00158102	0.00262307	0.065851	0.386332	0.054015	0.0182695	0.000649228	0.0225158	
0.00345665	8.53249e-10	0.0360947	0.167729	0.000762197	0.0123805	0.0142988	0.000760674	0.401804	4.43575e-06	4.07246e-05	0.151201	6.47542e-06	0.0865622	0.066648	0.026319	0.0246518	0.00727833	1.33166e-14	1.17142e-06	
0.0101607	0.00434741	3.26279e-06	0.000489116	5.87942e-05	0.000472752	0.0105805	0.0202607	0.00540662	0.138976	0.0170579	0.00276247	0.697388	8.75699e-07	0.0171187	0.0365412	0.017028	0.0191824	1.2671e-08	0.00216487	
1.11501e-08	1.6996e-05	0.000787545	0.0336112	0.0125646	0.00436305	3.6142e-05	0.199669	0.104904	0.108607	0.235226	5.83772e-07	0.0117244	0.0190971	0.0597668	0.0105659	0.0832063	0.113478	4.05522e-05	0.00233541	
6.79027e-06	6.90509e-06	0.000596659	0.00988437	0.295252	0.0185605	0.0193409	0.149517	0.0022796	0.308886	0.0016373	0.00348144	0.0111239	0.00146712	0.000207147	0.0245595	0.00271226	0.102841	1.06974e-05	0.0476289	
0.0212202	0.00379791	0.0165931	0.00753766	0.105519	0.00402487	0.00195795	0.341104	6.56699e-07	0.116675	0.0286611	0.00317476	5.16883e-05	0.00114073	0.00392579	1.84945e-05	0.0372393	0.290546	1.07021e-17	0.0168109	
0.272462	8.23466e-08	0.151649	0.161691	2.11387e-05	0.0551987	7.0261e-06	0.00011234	0.041528	0.016485	1.68208e-06	0.036107	0.000796817	5.4606e-07	2.76278e-07	0.119226	0.0996283	0.030193	2.81729e-08	0.0148922	
0.3825	0.00295856	3.0287e-07	0.0180295	3.32556e-07	0.000125139	9.5784e-05	0.0220017	0.00354996	0.0283801	0.0324349	0.00394217	0.00802252	0.00628098	0.00324045	0.204986	0.250172	0.0330953	1.39619e-05	0.000169991	
0.00677768	0.00251945	0.000861265	2.01947e-05	1.39404e-05	3.20093e-12	1.83566e-05	0.687551	0.000890886	0.0057043	0.0138955	0.000682104	7.81341e-05	1.06863e-11	0.000667663	0.000833983	0.0162906	0.263158	1.52427e-19	3.67294e-05	
0.00506194	0.00192341	0.0536745	0.18449	0.000111451	0.00688631	0.0987813	0.00427341	0.0370806	0.0293309	0.0182041	0.0283051	0.000306522	0.503511	0.00738175	0.00456644	3.51675e-05	3.71005e-05	4.97022e-14	0.0160391	
0.000256167	0.0119674	0.0748295	0.0137772	0.0194778	0.00953152	0.0853365	0.0238041	0.181085	0.00798337	3.22525e-06	0.295281	8.6449e-07	0.0284852	0.116881	0.0659376	0.0277771	0.0035857	0.000740626	0.0332595	
0.000177636	0.000223531	0.50112	0.0318183	2.88147e-10	0.0385608	0.00075523	0.000304152	0.00848022	0.000719096	3.41942e-05	0.361797	0.000328952	0.00847997	8.26339e-05	0.0419427	6.2216e-05	0.00296889	0.0018257	0.000319281	
9.22284e-05	0.454016	0.000598529	1.22716e-06	0.0514491	0.038019	0.0178225	0.00677274	0.000734725	0.0327078	0.00226703	0.0229858	0.000844117	2.3434e-06	0.0257113	0.174343	0.00317532	0.00349706	1.9995e-10	0.16496	
0.0163655	0.00105131	1.10804e-08	1.11275e-05	0.00200922	0.00211459	2.84975e-05	0.422799	0.0228346	0.00205863	3.88077e-05	0.000137335	0.000105052	6.49566e-06	0.00149117	0.00768401	0.334486	0.186779	1.12326e-28	2.956e-07	
0.00243423	0.00286806	0.0660006	0.00602215	5.5024e-06	0.00220475	0.0348027	0.00658019	0.0341824	0.00402693	0.000115297	0.730753	0.00106473	0.000600034	0.00071809	0.0659719	0.0222208	0.000579886	4.55409e-07	0.018848	
0.0536868	5.09018e-07	0.00770571	0.0235036	9.28026e-08	0.0146861	0.000103661	0.0199104	0.308839	0.000282464	0.0376757	0.000437586	1.60911e-05	0.0156505	0.309935	0.0524375	0.132764	0.0223572	8.62482e-06	3.57043e-12	
0.0626589	0.0204168	3.4802e-05	3.5405e-05	0.26013	4.53856e-08	2.40816e-06	0.0933759	0.00503151	0.280859	0.0309522	0.0201064	0.0143332	0.00175411	0.000814299	0.0722394	0.0338717	0.0937601	0.00833789	0.00128571	
0.0272245	8.14952e-06	0.00843495	0.382183	1.23962e-07	1.44837e-11	0.0133991	2.24336e-07	0.0196451	0.0152481	0.00756112	0.00120641	0.0333565	0.414459	0.00052446	0.00918989	0.0302395	0.0373199	4.42707e-29	6.52144e-08	
0.232405	0.0312584	0.00138247	7.10077e-05	0.002857	8.2396e-06	0.0034569	0.282237	0.00690254	0.0174135	0.000231697	2.56145e-06	0.00706827	0.0010133	2.80433e-08	0.19725	0.00284606	0.20815	1.44938e-18	0.00544618	
0.0218295	0.000927899	0.00083099	0.013883	0.0867314	0.00928727	0.085169	0.0392787	0.0646668	0.277933	0.0351756	0.011631	0.0340184	0.0967274	0.0553196	0.0663554	0.0340917	0.0486917	2.1605e-15	0.017452	
0.0154485	0.0403334	0.00163347	0.00359334	0.00806388	0.0269798	0.0860915	0.00965123	0.0188817	0.0275132	9.66146e-08	0.0209961	0.0169117	0.0461508	0.62638	0.0311669	0.00178051	0.00425678	0.0080548	0.00611264	
0.0560774	1.95546e-06	0.0449681	0.0717617	0.0013166	0.248692	0.00369551	0.0342657	0.0612086	0.0468328	1.65021e-05	0.0162255	0.0108631	0.0174864	0.16726	0.0850581	0.0204389	0.111734	0.000607366	0.00148992	
0.000148432	0.0758182	0.0117873	0.00164804	0.352351	6.23468e-05	0.0133409	0.0312782	0.000134515	0.129108	0.014243	0.0172055	0.0401946	2.43043e-13	0.00412074	0.173936	0.0360126	0.0160734	3.95562e-12	0.0825373	
1.84335e-07	0.000341141	0.00076497	7.32959e-13	0.0308531	0.000877322	5.13528e-06	0.514551	0.00731339	0.0488846	0.0942463	0.02972	6.93919e-08	0.00341133	0.00551848	0.00744483	0.11807	0.136161	2.71579e-05	0.00180976	
0.143169	6.60802e-06	0.0538256	0.00706337	0.0711808	0.360192	0.229198	0.0291668	0.0027687	0.017863	0.000634097	0.00223366	6.09774e-06	0.000923642	0.00220532	0.0454085	0.0235698	0.00930501	6.94353e-20	0.00128	
0.0050882	0.052408	0.0645929	2.66055e-08	0.00936244	0.0123254	4.48748e-07	0.360289	0.000875168	0.0398211	0.0340698	0.0975916	0.00422746	3.74424e-05	0.0221357	0.0621388	0.111927	0.12309	1.77494e-05	1.75167e-06	
0.0180738	0.00738196	0.322124	0.1606	0.00831075	0.104901	0.00590193	0.00933358	0.0904245	0.000211975	0.00551287	0.166796	0.00400747	0.0137216	0.00702297	0.0536929	0.00994366	0.0103626	3.31401e-06	0.00167285	
0.228621	1.07492e-05	0.0189416	0.00473411	0.00547093	0.0016567	0.0170958	0.081165	0.0036221	0.0426493	0.00643407	0.118454	0.0354742	0.00144275	0.000219489	0.110565	0.238037	0.0842063	3.7399e-15	0.00120038	
0.582192	1.9569e-11	2.89948e-05	0.0169359	1.96898e-06	0.000748474	0.000979209	0.00701268	0.000141059	0.00453728	0.00336149	0.000284438	0.00289039	0.00920851	0.00672929	0.031787	0.0404367	0.292078	8.92464e-23	0.000646716	
0.445575	6.95776e-07	0.00295675	0.0971383	9.08267e-09	0.0130554	0.000482443	0.0132895	0.0585255	1.19735e-05	5.2728e-05	3.15399e-06	2.18247e-08	6.78592e-06	0.0275997	0.0949944	0.18667	0.0596367	9.03178e-07	1.88479e-07	
0.00422705	0.0122266	0.0149506	3.55288e-06	0.00979994	0.00179681	0.545931	0.00221596	0.00907567	0.0021584	1.59136e-06	0.0337772	0.00106168	0.0294479	0.0188776	0.00717252	0.00694172	0.000525996	9.49372e-21	0.299808	
0.00830482	0.0695818	0.00495299	0.00551051	0.0661728	0.0112284	0.00234	0.00355081	0.000909676	0.0667337	0.00902571	0.00530718	0.00455145	7.89074e-08	0.0094757	0.0490065	0.00792429	5.18738e-07	0.627342	0.0480807	
0.0169765	0.0155761	0.00011075	2.0375e-07	0.0155153	9.30401e-06	0.383501	0.00345635	0.0266941	0.0992101	0.00405956	0.0703374	0.0305929	0.17289	0.0484192	0.032131	0.00190733	0.0140137	8.42025e-07	0.0645985	
0.0173324	0.123308	4.03101e-06	5.12566e-10	0.0147583	0.01857	2.39454e-08	0.102246	0.0557969	0.00769401	0.00219847	0.09174	8.15799e-07	0.00146982	0.00045387	0.439762	0.0771133	0.000664831	2.61323e-06	0.0468843	
0.000186964	0.163399	7.31086e-08	2.29474e-06	0.0536392	0.000439617	0.0323866	0.198463	0.158364	0.00279794	0.000464961	0.0177853	5.49656e-06	0.0342643	1.25985e-08	0.00330523	0.308301	0.0237246	1.59903e-12	0.00246939	
0.00124231	0.0206361	0.000407155	0.00175249	0.387055	0.000513321	0.000285649	0.125484	7.83978e-06	0.369106	0.00492744	0.00380952	0.00229333	1.37813e-06	0.00306697	0.00826947	4.98135e-05	0.0592893	0.00867044	0.00313117	
0.218277	0.00062581	1.4823e-06	0.17853	0.00277907	5.6417e-05	0.0619898	0.250609	1.25798e-09	0.102506	0.00219992	0.00464176	0.00211242	5.50832e-07	0.0573964	0.048712	0.0264614	0.0163862	0.0263962	0.000317692	
0.00949405	0.000149436	5.72724e-06	0.00885338	0.589469	0.000221706	0.00588546	0.0226541	0.0039148	0.00200628	0.0580718	0.033609	0.0274004	3.9744e-12	0.159836	0.0249924	0.00221433	0.0356481	0.0155235	5.07617e-05	
0.00258814	0.0743468	0.000430555	0.0027097	0.0434461	0.0685048	0.00340688	0.034319	0.0723274	0.000360458	0.0161436	0.00225284	8.21436e-06	0.0235254	0.267891	0.0602358	0.00184731	0.028031	0.176266	0.121359	
0.033424	0.00637493	0.0153751	0.0159917	0.00948906	0.0185026	0.196554	0.0070777	0.166505	0.00400832	4.39755e-07	0.0566162	1.003e-07	0.434827	0.0145616	8.93494e-06	0.000208374	0.00056173	5.43113e-25	0.0199129	
3.88345e-05	0.207729	0.00614194	0.00637245	0.000357656	0.00224303	0.03016	0.0667689	0.000123933	0.00738614	0.0920925	0.219538	7.18512e-05	0.0631712	0.0277828	0.0783596	0.131166	0.0604566	1.53661e-38	3.93303e-05	
0.0213444	5.84268e-06	0.00601854	6.47242e-08	0.000125963	0.000337515	0.259214	0.00266504	0.0326193	0.0247496	0.0241052	0.0103612	0.0448103	0.287737	0.134489	0.142741	0.00656186	0.000732522	8.76619e-07	0.00138061	
0.00182258	1.50715e-06	0.0533687	0.318679	1.49123e-13	0.00366758	0.0146524	0.00715548	0.132606	0.0557402	5.46942e-08	0.00135309	0.201644	0.00761657	3.83151e-08	0.111109	0.000406952	0.0437958	6.98854e-11	0.0463803	
0.0979666	0.00793779	0.0584696	0.0150135	0.0977299	7.54534e-07	0.0553084	0.102357	0.000474889	0.00268807	0.000548699	0.193723	0.00319196	0.000128494	0.00615057	0.194308	0.0757584	0.0132019	4.21925e-07	0.0750418	
0.0506578	1.02091e-10	0.000152921	8.76672e-05	0.238758	0.000506572	0.0517061	1.07277e-05	0.16274	0.204284	1.78436e-06	0.00463589	0.00234459	0.111171	0.0875216	0.000167167	2.59733e-07	0.0456033	3.48968e-07	0.03965	
0.17914	0.0547002	0.0814209	0.191659	8.0169e-05	4.93255e-11	0.00840188	0.0940092	0.000901671	0.000796964	5.84765e-11	0.0387686	0.0237857	3.01791e-05	0.0399538	0.142405	0.118413	0.0196572	0.001537	0.00433934	
0.00449461	0.0147109	0.043223	0.11313	0.0257081	0.0257476	0.184991	0.368321	0.000819949	0.000375711	6.66463e-06	0.00120906	0.00303738	0.00274375	0.00394518	0.0245482	0.0643506	0.118293	9.18997e-05	0.000252302	
0.0400637	0.0100435	0.110712	0.0636882	0.000180194	0.00161439	0.122019	0.046807	0.0641204	0.103472	0.00661844	0.150414	6.51142e-13	0.0837298	0.046946	0.0445247	0.025947	0.0496641	7.41804e-13	0.0294353	
1.27794e-06	4.236e-07	1.80441e-05	9.73061e-08	0.00786329	0.121576	0.015578	2.4907e-05	0.000542648	0.212106	0.00848824	0.352419	0.00166699	0.00053626	2.99611e-05	0.000856275	0.0203701	0.25763	0.000177786	0.0001151	
0.00821851	5.85112e-06	0.13686	0.112274	2.64786e-07	0.532385	3.0437e-06	0.0164271	0.000946062	0.0214034	0.036138	0.00286175	9.23669e-06	0.0165897	5.08376e-05	0.0579937	0.00498306	0.0494754	0.00337471	5.35202e-07	
0.0767749	0.0105479	0.00041613	0.00064888	0.00186	0.449355	0.00602493	0.0363958	0.0212028	0.0135948	1.69152e-06	0.0786473	0.00369618	0.0349846	0.000138011	0.231831	0.0124055	0.0210593	0.000258111	0.000156998	
0.239912	0.00136933	0.000355488	0.00217525	0.0447936	0.280117	0.000244039	0.00216593	0.060782	0.0298085	0.0259807	0.0136601	7.88242e-05	0.0205855	5.36905e-05	0.0794358	0.152708	0.0366572	5.40911e-06	0.00911149	
0.00180881	2.4052e-15	2.39237e-07	0.0175015	2.39144e-05	0.0054172	0.0104185	5.63133e-06	0.168117	0.0551995	0.0359265	0.339605	0.00054374	1.6554e-05	1.01558e-08	0.033017	0.23867	0.0936589	6.67156e-05	3.45616e-06	
0.170087	0.0010584	6.8779e-06	0.00387734	0.00895858	0.0179176	0.00176813	0.0393372	0.112511	0.20982	8.95287e-13	0.00382615	0.00438776	0.000333486	0.15434	0.0413053	0.191392	0.0139019	3.46907e-05	0.0251355	
0.0489173	0.0241062	0.0497583	0.0292631	0.0295724	0.239358	0.0498489	0.0275052	0.0620463	0.0137655	0.0259115	0.130669	0.0399539	0.000819914	0.0695174	0.110398	0.00679262	9.47402e-06	0.00794169	0.0338448	
0.0308493	0.00239262	8.7315e-08	2.97791e-08	0.0290668	7.94555e-05	0.0138141	0.106479	0.0152596	0.177145	0.0299281	0.00367304	0.222327	0.0740463	0.0158375	0.112989	0.121716	0.035572	0.00766899	0.00115546	
0.123283	0.100286	0.134284	0.0378073	0.00629249	0.143223	0.00386922	0.0154774	0.00560902	0.00969508	0.00402706	0.0559471	0.000153577	0.00129331	0.0103826	0.259439	0.0816288	0.000426069	0.00687463	1.08576e-06	
3.17012e-05	1.43533e-06	0.108371	0.0172206	0.0257679	0.00135559	0.000674455	0.0783406	0.0421625	0.291014	0.00139338	0.0147557	0.140355	0.000497334	0.00177762	0.0139955	0.000486488	0.259222	2.64265e-13	0.00257715	
0.278467	0.000136741	0.0906407	0.0475067	0.0520654	0.000222909	0.203632	0.0274868	1.12469e-05	0.00675995	0.00138848	1.61681e-08	7.30619e-08	1.85515e-06	0.00459219	0.077718	0.204197	0.00326969	2.69695e-14	0.00190288	
0.0173752	0.00239858	0.00014019	0.00995647	0.0162775	4.05653e-12	0.00032669	0.0904862	6.80349e-06	0.334901	0.228738	0.0409773	0.00408202	1.59508e-13	3.94219e-05	0.014765	0.198245	0.0090013	9.2282e-06	0.0322742	
0.000573861	2.7908e-05	0.136187	0.15753	0.00143575	0.0751277	0.01291	0.101895	0.00146231	0.000197475	0.0417534	0.0027329	2.13555e-08	0.0377062	0.0522168	0.374825	7.86197e-05	4.65916e-07	0.00333974	9.0277e-09	
3.57457e-06	0.00166156	0.0228013	0.000814342	8.551e-07	0.0451359	0.0788084	5.92523e-05	6.48525e-05	0.000241142	0.175623	0.0452754	0.0894921	1.71669e-08	0.000336355	0.403051	0.000609805	0.134992	9.09549e-22	0.0010284	
0.0633251	6.0297e-05	3.49322e-06	0.0176422	0.26301	0.00528083	0.158702	0.00924022	0.00489081	0.00591572	0.000227183	0.099112	2.50198e-07	9.76393e-05	0.00124221	0.00596452	0.00030395	0.068568	0.296199	0.000214247	
0.034705	0.000114148	0.0103041	3.07257e-05	0.0110406	1.54962e-06	0.000126228	0.0420475	0.138795	0.165385	0.414219	0.0269292	6.22777e-06	0.00118743	0.0128349	0.0155844	0.0244415	0.0563753	0.0457747	9.67862e-05	
0.000599474	2.56074e-06	0.103422	0.0868373	0.154456	0.000131782	0.257357	0.0274424	0.0154512	0.0203408	1.3861e-07	0.0300156	0.000161575	0.000645699	2.88154e-06	0.0107715	0.00144528	0.000894435	4.51924e-10	0.290023	
0.0759136	8.66879e-07	0.022926	8.63016e-06	0.00122952	2.16814e-06	0.00767896	0.000165823	0.243345	0.0324058	7.46461e-05	2.29358e-08	0.000402517	4.20502e-08	0.0601273	0.390192	0.153885	0.00935347	0.00224004	4.75699e-05	
0.000565552	0.00130086	7.93342e-07	0.00205147	1.95821e-05	0.0490883	1.18522e-10	0.35064	0.239595	0.001022	0.000878269	0.082901	0.00609621	0.00205521	0.0725953	0.0400591	0.128648	0.0160906	1.58291e-10	0.00639193	
7.05168e-06	2.3434e-05	1.78285e-06	0.0187255	0.0147214	0.00695917	3.50873e-05	0.178643	7.74545e-05	0.185017	0.00990426	0.00184176	0.00298317	0.00140044	0.027968	3.31744e-05	0.0172921	0.487698	2.02902e-16	0.046669	
0.196621	0.007248	1.70569e-06	0.000348617	3.43375e-05	0.00316389	4.72023e-08	9.64407e-07	0.0371848	0.0101361	0.0399054	0.161437	0.0471247	0.0302733	0.0336297	0.18031	0.188433	0.000107214	6.84335e-05	0.0639731	
0.000461313	0.0809976	0.0253248	0.201348	0.0208654	0.000855463	0.000293853	3.48003e-05	0.00420232	0.0334178	0.000570668	0.00188128	0.0010616	4.52672e-12	1.23826e-06	0.0632839	0.0453422	0.000265466	1.27239e-13	0.519793	
0.000326062	0.679979	0.019077	0.00031221	0.0463855	0.00264329	0.000760452	0.00118661	0.000119696	1.12825e-06	0.000233541	0.00508043	0.00713058	0.000187182	0.000100805	0.0623215	8.23466e-05	0.000305873	0.0184533	0.155313	
0.134901	0.0344919	0.00142513	0.0291638	0.0627612	0.0285305	0.0646947	0.000296711	0.00393799	2.40489e-07	0.000106157	0.0485235	0.0211823	0.0305794	3.31225e-06	0.302155	0.026606	0.00621694	8.43542e-30	0.204424	
0.000868618	0.00153983	0.000351315	0.0171249	6.22375e-05	0.0890507	2.62294e-05	0.00746725	0.0197234	0.207678	0.188692	0.000515589	0.0532601	0.0489283	0.0116173	0.00807739	0.0564921	0.227306	0.0566435	0.00457521	
0.0113531	0.0028355	5.66609e-05	0.027453	0.00443042	0.272789	1.3542e-09	2.33334e-05	0.180962	0.0521236	0.0857312	0.00517375	0.000631598	0.0065334	0.00332203	0.0642065	0.196855	0.0855038	1.38349e-05	2.73013e-06	
0.148312	0.00253332	1.33632e-06	0.0426292	1.8061e-06	5.46824e-09	0.00311478	0.0034683	0.146735	0.000585315	0.00253581	0.00107666	0.000985238	0.0103814	0.253293	0.35988	0.00573364	0.0187336	1.97095e-21	1.399e-08	
0.0440596	0.0636633	0.000808459	9.07101e-07	0.0120518	7.44609e-09	0.145335	0.000134598	0.0113427	0.0782478	8.10528e-06	7.3252e-05	0.0169335	2.11388e-16	0.0811804	0.208296	0.0502346	0.163601	0.0703525	0.053676	
7.99124e-05	0.000145205	0.025639	4.9944e-05	0.00691914	0.00378978	0.00254066	0.117346	0.0040363	0.000804313	0.0490869	0.0270798	0.232161	0.00290293	0.00408383	0.0215835	0.501225	0.000362169	0.000135563	2.86635e-05	
0.0148233	0.0120216	6.55767e-11	0.00541332	0.00607052	8.73537e-05	0.0745438	0.115901	0.176797	0.147146	0.00867059	0.00204959	0.04496	0.000379289	0.386364	0.000477006	0.00265025	0.000580157	0.000506124	0.000558418	
0.0219751	0.0125534	1.37773e-05	0.0526147	4.43445e-06	0.0256256	0.0103902	0.0280217	0.0134354	0.319734	8.75585e-06	0.0178268	1.84793e-05	2.98393e-05	4.84157e-06	0.00245407	0.000183286	0.451585	0.0434893	3.18045e-05	
0.0531654	0.103039	0.00509525	0.165352	0.000886588	0.0753634	4.68245e-05	0.121888	0.00162941	0.001921	0.0161921	0.0092086	0.000485349	3.78077e-06	0.225038	0.0950473	0.00043943	0.0304138	3.36012e-15	0.0947843	
2.06664e-06	2.71187e-07	1.22994e-08	0.162604	0.0628578	0.0330646	2.68971e-05	0.00229793	0.00189743	0.260067	0.0550414	0.022765	1.10907e-09	0.32209	0.00101373	0.0159029	0.0236182	0.00474092	7.3578e-15	0.0320091	
8.65256e-08	0.00249727	5.0667e-05	0.240425	0.00172842	0.000194754	6.72615e-09	0.211467	0.00154457	0.0214566	0.00267187	0.446648	8.8298e-07	0.000133857	0.0123572	0.0256507	0.0327554	0.000405737	9.13816e-06	2.98898e-06	
0.00147808	0.0087211	4.69123e-05	4.86821e-06	3.09878e-06	0.00277631	0.095023	0.00366583	0.062734	0.360315	0.118441	2.52021e-05	0.00159545	1.17814e-06	0.127791	0.00324575	0.107989	0.00881901	5.82511e-09	0.0973242	
