CATSBDP
1	-1	21399
1
1.8
0	0
0	0
../../data/clustal34_ag_lt0.26_no_outgr.phy
4
0
Universal

0
0
0
0
10	0
0
(((((((((Cerop_ma:0.13321252491107,Irae_his:0.111019189103563):0.00246903621347269,(((((Beloc_tr:0.0416250864224711,Andr_qln:0.111183934805555):0.00763354434762316,Bior_pal:0.0764618220138645):0.0166103979477954,(Andr_gro:0.0932670858993843,(Andr_qrm:0.0336056494913599,Andr_cur:0.0406837227282198):0.00905995554137514):0.00398487214408916):0.0401930418547414,Calli_sp:0.156894977518388):0.028619938491876,Prot_spe:0.107463580386738):0.0152731843287107):0.00666812612138536,(Diast_ki:0.0596555771692152,Peric_JH:0.0794190333467544):0.0721678040641355):0.0169129651102703,((Syne_ito:0.0377104608826988,(Syne_gif:0.0338436721247416,(Syne_umb:0.0183662827137457,Syne_jap:0.0167873545605048):0.0308435760507537):0.00922463603261812):0.143794160120775,Qwaq_sco:0.147710779692084):0.00428727716181181):0.00895589209421401,((Escha_ac:0.946432105607817,((((Gana_sp1:0.213726579307386,((Lepto_he:0.121621664508368,Lepto_cl:0.085152174830345):0.0364905408042512,Lepto_bo:0.12249155188064):0.202409996773655):0.228003993188462,Callas_no:0.197620435850051):0.0134882181841153,(Allox_ar:0.205420048149746,Phaen_vi:0.130713543507513):0.0475349515904909):0.0226038952289106,Parn_nig:0.130246976645472):0.0336467435545418):0.0102563880375197,(Cecin_ib:0.613364187297049,(Dipl_spi:0.23194748385485,Pedia_ac:0.188522400144596):0.0325425994549315):0.0299033835060995):0.103452369516974):0.0140569013207669,Phana_JH:0.157218081316675):0.0725102951507525,Aylax_hy:0.052111821324645):0.00443035330109691,Hedic_le:0.071395824201038):0.0171726938973888,Aula_tav:0.0408792269944632,Isoc_cen:0.0599297221622222);
(((((((((Cerop_ma:0.13321252491107,Irae_his:0.111019189103563):0.00246903621347269,(((((Beloc_tr:0.0416250864224711,Andr_qln:0.111183934805555):0.00763354434762316,Bior_pal:0.0764618220138645):0.0166103979477954,(Andr_gro:0.0932670858993843,(Andr_qrm:0.0336056494913599,Andr_cur:0.0406837227282198):0.00905995554137514):0.00398487214408916):0.0401930418547414,Calli_sp:0.156894977518388):0.028619938491876,Prot_spe:0.107463580386738):0.0152731843287107):0.00666812612138536,(Diast_ki:0.0596555771692152,Peric_JH:0.0794190333467544):0.0721678040641355):0.0169129651102703,((Syne_ito:0.0377104608826988,(Syne_gif:0.0338436721247416,(Syne_umb:0.0183662827137457,Syne_jap:0.0167873545605048):0.0308435760507537):0.00922463603261812):0.143794160120775,Qwaq_sco:0.147710779692084):0.00428727716181181):0.00895589209421401,((Escha_ac:0.946432105607817,((((Gana_sp1:0.213726579307386,((Lepto_he:0.121621664508368,Lepto_cl:0.085152174830345):0.0364905408042512,Lepto_bo:0.12249155188064):0.202409996773655):0.228003993188462,Callas_no:0.197620435850051):0.0134882181841153,(Allox_ar:0.205420048149746,Phaen_vi:0.130713543507513):0.0475349515904909):0.0226038952289106,Parn_nig:0.130246976645472):0.0336467435545418):0.0102563880375197,(Cecin_ib:0.613364187297049,(Dipl_spi:0.23194748385485,Pedia_ac:0.188522400144596):0.0325425994549315):0.0299033835060995):0.103452369516974):0.0140569013207669,Phana_JH:0.157218081316675):0.0725102951507525,Aylax_hy:0.052111821324645):0.00443035330109691,Hedic_le:0.071395824201038):0.0171726938973888,Aula_tav:0.0408792269944632,Isoc_cen:0.0599297221622222);
1
10.9159
0.524897
5000
24.3217
0.278759	0.142919	0.213371	0.195034	0.211001	0.274007	0.153692	0.338035	0.269283	0.358741	0.14582	0.279981	0.163137	0.177617	0.248111	0.426997	0.340658	0.324733	0.0468055	0.163213	

4.18982e-05	6.95538e-12	0.000143552	6.96633e-13	0.00422336	4.97589e-05	2.501e-08	0.0333533	6.38208e-06	0.932477	0.0172182	0.000588319	0.000127231	2.72693e-05	0.000283146	0.000703766	0.00140624	0.00924791	1.10789e-06	0.00010154	
0.118017	0.000466974	0.00517805	0.0127044	0.0182946	0.0565764	6.82675e-06	0.136444	0.00490979	0.125224	0.0858784	0.0110006	0.00780241	0.00784954	0.00728916	0.0248503	0.0651513	0.310503	0.0018242	2.9095e-05	
0.0425631	0.00241835	2.49532e-06	0.00542397	0.00111515	0.00246911	0.00635633	0.00273675	0.00269473	0.0322938	0.000253157	0.0016375	0.751541	0.022143	0.0116568	0.0842746	0.0238599	0.00523332	7.30962e-20	0.00132683	
0.00639468	4.14087e-07	2.49302e-05	2.58337e-05	0.0133445	4.15318e-07	2.19381e-06	0.496609	0.00522174	0.0645907	0.0603749	0.00801266	0.00479249	0.00269802	0.00427287	0.0111905	0.0729338	0.248729	1.04551e-17	0.000781283	
0.000940166	0.00144205	2.75934e-08	1.19647e-05	0.02789	0.000548016	8.41098e-07	0.709348	0.00616952	0.0825309	0.0514508	0.000554855	0.00199119	1.4986e-06	0.000775277	2.94679e-05	0.00438564	0.108693	8.18409e-14	0.00323725	
0.140787	3.79683e-10	0.00259784	0.0113504	0.00673354	0.00305998	3.30583e-05	0.125154	0.032621	0.0372506	0.0373035	0.0147912	0.0277817	0.000269935	0.011286	0.0980376	0.391784	0.0567258	8.89746e-17	0.00243239	
0.0985655	0.00247435	0.0879989	0.0916804	0.0281575	0.0392478	0.0112255	0.108474	0.0268929	0.0617962	0.0248343	0.0334825	0.0383937	0.029393	0.0127697	0.0836718	0.0652725	0.144048	0.00244913	0.00917224	
0.00216178	4.33327e-07	0.00168295	0.0248497	5.56132e-06	0.00201826	0.043954	0.003343	0.00823556	0.0158493	1.1635e-07	0.00227228	0.0130494	0.861447	0.00976867	0.00312455	0.00340838	0.00249727	6.24843e-08	0.00233174	
0.00789877	0.000538521	0.103196	0.819241	0.00203325	0.0114743	4.26159e-07	0.00132119	0.0188497	0.00195589	0.000525172	0.00041102	6.71476e-06	0.0190241	0.00201932	0.000926516	0.00240281	0.00725714	2.19846e-05	0.00089608	
0.000278845	6.58237e-08	0.00130556	8.67795e-05	0.000313281	0.00345578	0.000108165	4.9739e-06	0.0012891	0.00797204	1.98515e-07	0.000311506	0.958448	8.42619e-05	0.000716217	0.0231856	2.75942e-05	0.00218928	4.92797e-15	0.000222909	
0.00555191	7.37686e-23	0.0014309	0.000416824	0.054208	0.000649619	0.00573268	0.105135	0.00217594	0.694439	0.0118423	0.000730114	0.00947349	0.00523141	0.0107206	0.0100755	0.00304591	0.0722999	0.0034224	0.00341849	
0.00095925	0.000400354	6.03968e-05	5.15048e-05	0.000492316	0.00248553	0.00546469	0.000499497	0.0128741	0.00685137	0.00167332	0.000236831	1.27065e-06	0.0115452	0.948589	0.00657815	0.000537172	9.43967e-05	4.36024e-19	0.000605592	
0.000214716	0.0209027	0.0373324	0.00815831	8.90299e-05	0.0157535	0.0196153	0.398518	0.0339242	0.0105377	0.00143813	0.107591	0.000808105	0.0498633	0.00575412	0.00394722	0.191706	0.0909698	0.000117451	0.00275967	
0.00470601	8.05127e-05	0.554269	0.391544	0.000364924	0.00355061	2.13996e-05	2.67254e-05	0.000496483	0.000102648	0.000486584	0.0304867	7.2406e-10	0.00741544	0.00150503	0.00229502	0.000717933	0.000219716	0.000105475	0.00160522	
0.00531008	0.0649088	1.58146e-06	0.00569873	0.00561534	0.0245607	0.126353	0.00500984	0.01849	0.0435666	2.52074e-08	0.023986	0.00882298	0.0425802	0.576145	0.016136	0.00257516	0.0134713	0.00524838	0.0115208	
0.0294061	0.00209357	0.165509	0.460781	0.000197723	0.0393456	0.0098344	0.00619348	0.0829895	0.00811348	0.00176028	0.0465555	0.0125261	0.0806593	0.0113572	0.0170482	0.011049	0.0133586	3.43595e-11	0.00122282	
0.0951548	0.00609318	0.00653851	0.00333822	0.00257327	0.0112389	0.00512457	0.0342438	0.0342387	0.00205324	0.00190302	0.0943572	0.0432251	0.0143098	0.0123815	0.247787	0.36238	0.0210771	2.00787e-07	0.00198183	
0.00042888	8.44298e-05	0.00048705	0.000193433	0.000742641	0.00112557	1.70997e-08	0.00349561	0.898221	0.000531791	0.000934828	0.0018983	0.000109107	1.10804e-06	0.0908424	0.00051855	0.00028565	9.45366e-05	5.61561e-07	4.11286e-06	
0.0459055	0.00110403	7.271e-07	0.000237139	8.30433e-05	0.0103673	0.00224312	0.000173158	0.000938413	0.0161388	0.0020047	0.0182401	6.36916e-05	2.44278e-10	0.00885861	0.73139	0.162238	1.34513e-05	4.10197e-11	4.01615e-08	
0.0525295	0.00850182	0.00493145	0.00537859	0.149686	0.00574452	0.00833839	0.150024	0.0137574	0.162064	0.0265197	0.0107975	0.00244901	0.0096474	0.0112068	0.078967	0.0731724	0.184347	0.00521314	0.0367242	
0.0281035	0.00295052	7.40877e-09	5.67896e-05	0.00104839	0.00179812	7.55191e-06	0.0328378	0.00239249	0.000498202	0.0111412	0.0270633	1.44887e-05	0.00290787	5.57467e-06	0.0991424	0.789301	0.000239374	0.000482985	8.95798e-06	
0.0389214	0.0026726	0.000138569	5.9716e-05	0.049877	0.00559782	0.0113952	0.0718716	0.00335042	0.159355	0.0120288	0.000669839	0.191224	0.0504627	0.0070614	0.252667	0.106631	0.0254059	0.00767012	0.00294154	
0.00132642	0.00130919	1.33962e-06	0.000475807	1.21432e-07	0.000266124	0.00058549	0.771249	0.00320627	0.0128082	0.0128792	0.000482129	0.000253749	3.41299e-10	2.95262e-06	0.000578432	0.010696	0.183847	1.8648e-05	1.38553e-05	
0.0201561	0.000123384	0.0042269	0.00055034	0.0667994	0.0067063	1.38149e-06	0.405803	0.00478077	0.137893	0.024262	0.00121969	0.00345351	8.04997e-05	0.0037259	2.31158e-05	0.0129558	0.302432	4.09891e-08	0.00480669	
0.00964677	0.00154969	0.00447952	0.0099451	0.000503105	0.93824	5.74628e-10	0.00177576	0.001586	0.00168901	1.06719e-06	0.00308231	0.000311723	0.000990236	0.00577857	0.0175491	0.000605248	0.00126811	5.71425e-10	0.000998762	
6.92784e-08	0.000916774	0.0003974	0.0015479	1.79539e-07	0.00426596	7.68077e-06	0.0066272	0.247535	0.00709327	0.00117934	0.000285397	0.00248561	0.00922109	0.711987	3.36584e-06	5.89679e-08	0.00247046	5.6078e-07	0.00397562	
2.01945e-06	0.000172845	0.00135405	3.03029e-06	0.00262842	0.00178619	0.000116105	0.0168748	0.00518742	0.0298705	0.918695	9.33387e-06	1.77404e-05	6.17979e-06	0.00248094	0.00261785	0.00624811	0.010227	1.86446e-12	0.00170295	
0.00316993	0.0032688	0.0496464	0.0209477	0.000426258	0.0248465	0.00565122	0.0052003	0.124094	0.000337706	0.00259227	0.403273	0.00255088	0.00897828	0.0556013	0.202465	0.0862527	0.000428513	0.000189175	8.11695e-05	
0.00245305	0.0172461	0.00331418	0.000706236	0.123642	0.00125216	0.0403693	0.0016227	0.00134093	0.00749514	0.000435115	0.00246508	0.00083132	0.000213707	0.00201483	0.00514781	9.08022e-07	0.00501369	0.00250098	0.781935	
0.0743831	0.00332627	0.00917712	0.00613322	0.00330948	0.0111299	3.22109e-05	0.0966936	0.00262352	0.0213064	0.0182094	0.00234703	4.20821e-05	1.19494e-06	0.000945826	0.000627476	4.51636e-06	0.749707	2.63135e-23	1.01017e-06	
0.00400735	0.0860603	0.0207335	3.36166e-08	0.25898	0.00241914	1.27823e-09	0.0732619	0.000712463	0.118218	0.0249417	0.0329526	0.0143695	0.000227626	0.0141136	0.169886	0.036678	0.0490658	9.49477e-15	0.0933726	
0.000555215	0.000599964	3.80433e-07	2.23765e-05	0.0210095	5.42821e-05	4.43084e-08	0.00278965	0.00191518	0.000499273	0.000399432	0.000871755	0.000443083	0.000238389	7.23607e-14	0.000383021	0.000308566	0.00126511	0.000217654	0.968427	
0.051265	0.246313	2.41611e-06	5.33953e-06	8.72377e-05	0.00374054	0.000140765	0.00344563	0.00248282	0.00576568	0.00706867	0.00463403	0.0435187	0.00763812	0.0147241	0.501413	0.0507101	0.0570416	2.79424e-06	8.50079e-07	
0.00532631	1.95935e-05	8.6755e-10	0.032205	0.0115995	0.00412114	0.00187413	0.130559	0.172675	0.128327	0.219639	0.00937577	0.0084117	0.033185	0.0351463	0.0174296	0.0775824	0.094786	0.0170278	0.000710189	
8.68783e-05	0.00279582	0.0106668	0.00497616	0.00561488	2.12747e-05	0.626308	4.31591e-06	0.000849488	0.0257515	0.000112646	0.106697	0.00279096	0.106984	0.0261098	0.0183268	0.0099295	4.09761e-05	0.000743946	0.0511903	
0.0114397	0.00470355	0.0103114	0.0857909	0.0146903	0.0233042	0.0639555	0.0163696	0.114072	0.04125	0.0104097	0.0272753	0.0598892	0.303346	0.12472	0.034505	0.0248745	0.0107344	0.00147158	0.0168871	
0.0241632	2.13191e-05	0.0219471	0.110646	0.00221996	0.0119582	0.00720655	0.0268004	0.378762	0.0102026	0.0165107	0.103015	0.0098288	0.0670096	0.0550243	0.0381165	0.0931308	0.019752	1.68005e-07	0.00368487	
0.00218178	0.000673281	0.00362054	0.0144799	0.000664438	0.000545208	0.00191789	0.0100171	0.727583	0.00554329	0.0104004	0.0554376	0.000103322	0.0415941	0.0909423	0.00621427	0.0225749	0.00333261	3.13162e-05	0.00214259	
0.00155598	1.88448e-06	0.00687189	0.067313	0.00252944	0.00841056	0.00572446	0.00102042	0.617581	0.0065341	0.000141232	0.113259	0.00666461	0.0499062	0.0879718	0.0195956	0.00198718	0.00231973	0.000610864	9.78965e-07	
0.0530812	0.000396205	0.0368448	0.537521	0.00348868	0.0357531	0.00349628	0.00395676	0.134924	0.017335	0.0030104	0.0132253	0.000184648	0.0821953	0.0179139	0.006434	0.00831649	0.0396844	3.43323e-12	0.002238	
0.00646137	0.00180688	0.620534	0.139869	0.0012407	0.0203287	0.0173104	0.00342361	0.0059704	0.00316002	2.41611e-06	0.124696	0.00224422	0.0038674	0.00423505	0.0133309	0.0040635	0.0124285	2.2824e-09	0.0150275	
0.0205902	0.00160832	3.21164e-05	2.19016e-06	0.000482152	0.00029437	0.000115085	0.359925	6.09309e-05	0.221561	0.0125154	0.000295345	4.88341e-07	0.00615321	1.18028e-06	0.000868787	0.02243	0.34949	0.00177225	0.00180196	
0.00626057	0.111535	0.0113696	8.46185e-12	0.0819587	0.0853582	0.0179645	0.0201642	0.0190463	0.00263672	0.00816928	7.36506e-06	2.99992e-06	0.0152352	0.180231	0.128764	0.0206973	0.0538761	0.0685058	0.168217	
9.36174e-06	0.0246559	0.0487483	0.0208294	0.0173172	0.00770983	0.119738	0.0166648	0.136266	0.0165902	0.0097561	0.304535	1.43117e-13	0.0385244	0.0980569	0.0818177	0.00990893	0.00580358	5.7936e-08	0.0430686	
0.00291586	0.00392011	0.000334254	0.000931708	0.00906036	0.000982166	0.00128902	0.00276861	0.0027559	0.00637448	2.8467e-12	0.000506343	2.34223e-11	0.00172498	0.000941552	0.000149917	0.00046377	1.99604e-05	0.959363	0.00549823	
0.00206907	0.962758	5.67104e-05	4.91009e-05	0.00491349	0.00133785	1.51575e-10	0.0025921	0.000811156	0.00176443	3.32887e-10	1.18457e-07	0.000501633	0.000215414	4.72948e-15	0.0157532	0.00198609	0.000927308	5.41939e-05	0.00421025	
0.212942	4.96533e-08	0.000923015	0.0178537	0.0208555	0.0385756	0.0052035	0.030569	0.03218	0.0768751	0.000567526	0.0300138	0.0134848	0.0387147	0.0063043	0.226382	0.148556	0.078566	1.57713e-14	0.0214336	
0.0015126	0.000846093	0.0035983	0.0453854	0.000212277	0.00290101	0.0348277	0.00333704	0.163034	0.0267369	0.00194429	0.0114028	0.00105603	0.599491	0.09789	0.00484588	7.0922e-07	0.000977514	5.66159e-11	9.88777e-07	
0.831844	2.40157e-22	0.000139001	0.000282328	1.98912e-06	0.0116546	0.00230101	0.00539256	0.00228791	0.000300412	7.52564e-08	0.00153388	3.72856e-12	0.000244591	1.51193e-06	0.121301	0.0221023	0.000611552	6.84278e-07	3.08872e-08	
0.819571	0.00047051	2.23723e-07	0.0068828	0.00333222	0.0107745	1.72537e-07	0.000454963	0.00108988	0.00676812	1.26385e-05	0.000459529	0.00370608	0.0010169	0.00138585	0.0286229	0.0436736	0.071778	2.26431e-27	1.55348e-09	
0.397	0.000844715	0.00294689	0.00433668	0.00735485	0.016973	8.66036e-07	0.0519731	0.00261773	0.013223	0.00985361	0.000996354	0.0124501	6.70016e-05	0.000863085	0.0480965	0.0553393	0.374767	0.000261221	3.4932e-05	
0.0055032	0.0154956	0.00160362	0.00850457	0.000618243	0.0371296	0.000668578	0.00715918	0.23939	0.00541452	0.00637908	0.0153795	5.90836e-08	0.0337884	0.551712	0.0455415	0.0151603	0.00537144	0.00517928	1.18148e-06	
0.00750896	0.00311084	5.83209e-05	0.0229718	0.233612	0.0160104	0.0419641	0.0593769	0.0147878	0.349072	0.000413487	0.0564558	0.0201146	5.50046e-07	0.00308194	0.0191891	0.0018906	0.0443939	1.54231e-09	0.105987	
0.00168688	0.0015355	0.00553536	1.81037e-06	3.61446e-05	4.55776e-06	0.00552527	0.00248089	0.00381948	0.000137196	5.37661e-05	0.948793	0.000101156	0.000521969	0.000294341	0.0219172	0.00728316	0.000249299	4.7113e-15	2.31076e-05	
0.00347576	5.85049e-18	0.00113804	2.3106e-05	0.0720435	0.00269674	1.06227e-09	0.0212234	0.00505866	0.842107	0.0289978	0.000249148	7.83621e-05	0.00485231	0.00212301	0.00765367	6.78309e-07	1.86081e-07	0.00270887	0.00556956	
0.000281148	2.23672e-08	1.34738e-05	2.35591e-06	2.13778e-06	0.00069411	0.965021	0.00071611	0.000369366	0.0007053	2.19181e-09	0.0144512	0.000642844	0.00888222	0.000107457	4.87913e-06	3.2569e-05	0.000230826	3.33275e-24	0.00784319	
0.0140117	0.00894907	0.0833689	0.0181147	0.00555177	0.00835827	0.032996	0.0183183	0.0634436	0.0137754	0.000929371	0.522306	0.00655371	0.0117784	0.0104636	0.128507	0.0370447	0.00493667	3.42179e-43	0.0105935	
0.375909	0.00354833	0.0025585	0.000566729	0.000618242	0.00713243	7.7591e-08	0.0109148	0.00362634	0.00378213	0.0125076	0.0126003	0.0120513	0.00265782	0.000554397	0.246218	0.252388	0.0523456	4.37071e-14	2.07484e-05	
0.110452	1.41034e-06	0.0383336	0.139511	9.53396e-05	0.480688	0.00014524	0.000982307	0.0192116	0.00976231	6.54988e-05	0.0179017	9.74152e-06	0.0100582	0.0826007	0.0625158	0.0176912	0.00997432	1.10418e-28	9.92948e-10	
0.0128053	0.00228333	0.335859	0.174145	0.000689774	0.064089	0.0068198	0.00887988	0.068969	0.00360362	0.00257853	0.207132	5.17597e-06	0.0104139	0.0135141	0.0523084	0.0232587	0.0119416	2.1399e-15	0.00070466	
0.00279278	0.00647969	6.79762e-06	0.000110215	1.87737e-05	0.063416	0.00432195	0.00015688	0.000591212	0.00112578	3.5699e-10	0.253908	1.18419e-08	2.98531e-08	0.0227722	0.60815	0.0317781	0.00437166	6.90916e-13	3.50778e-09	
0.000105878	2.75836e-10	0.040409	1.90081e-05	0.000584331	5.22425e-05	0.0426089	0.00176205	0.0310047	7.50034e-05	7.77174e-08	0.791707	0.000104014	0.000399576	0.00010809	0.0634376	0.0145981	4.71656e-06	5.40674e-14	0.0130198	
0.000668281	0.0139621	0.0119929	0.00215053	0.000587391	0.00133828	0.634116	1.80674e-08	0.0122853	0.00968831	0.000116769	0.0276999	0.00188755	0.0266436	0.0116461	0.00481634	0.00215129	0.000206142	1.96498e-05	0.238023	
0.412725	0.000400647	0.0112674	0.016461	0.00843656	0.0756027	0.000399277	9.67625e-06	2.46231e-05	0.00121688	0.00940517	0.019045	0.0605378	0.0108876	0.0148228	0.131049	0.172599	0.0517183	1.28293e-06	0.00338977	
0.00403573	0.00543451	0.000206298	0.00589798	0.0250894	0.000764069	0.00851888	0.0303855	0.0143506	0.715406	0.0479099	0.0020646	0.00247792	0.0393139	4.17355e-08	0.0483273	0.000420805	0.0480421	3.85472e-05	0.00131563	
0.00158841	1.75542e-10	5.15341e-07	0.0496135	0.00499382	0.0222627	0.00800481	0.00213351	0.629179	0.00282531	0.00561155	0.000416999	1.63061e-07	0.0506676	0.153846	0.00160464	0.0598383	2.27214e-05	0.00623091	0.00116018	
0.0546268	2.2963e-05	0.0232452	0.0319993	0.00377436	0.0188391	0.020107	0.00469174	0.036549	0.0945643	0.00272331	0.0288223	0.330866	0.0557087	0.0372715	0.163301	0.081148	0.00663322	3.94809e-13	0.00510612	
0.029276	0.0292003	0.0252842	0.00306992	0.00929285	0.093994	0.000836651	0.0179874	0.0100988	0.00283787	0.00315062	0.179928	4.66756e-08	0.000138202	0.0220207	0.478677	0.0786036	0.00803841	2.99019e-17	0.00756524	
0.0337542	0.00629843	6.16696e-06	0.000118801	0.0688983	4.6336e-05	0.130729	0.0317065	0.0189694	0.312656	0.0501354	0.0452349	0.0174961	0.117674	0.0332338	0.0621278	0.0169981	0.0429719	5.3932e-05	0.0108914	
0.00891779	0.00023743	7.35525e-05	1.1968e-09	0.0263459	8.12369e-05	0.00037727	0.194666	1.22537e-07	0.370125	0.287783	0.00136837	4.81239e-09	0.00116829	0.00519195	0.00732789	0.0128563	0.0834654	3.83374e-06	1.02918e-05	
0.000832404	3.39523e-07	0.00101718	0.00126284	0.959359	3.08785e-05	2.07655e-08	0.00419991	1.16689e-05	0.00909441	1.28762e-16	0.000655785	3.37723e-07	0.000273483	0.000289328	0.00230643	8.22029e-07	0.000396444	0.00038975	0.0198788	
0.00712771	0.0634441	8.82134e-05	0.00189123	7.02973e-08	0.020311	7.06548e-15	4.746e-06	0.00276814	0.000111247	8.91036e-05	0.0396288	0.00438568	5.25362e-07	0.00375008	0.845008	0.0101049	9.24492e-05	4.54409e-14	0.00119368	
2.22215e-05	0.000167551	3.19222e-05	0.000682498	0.00148087	0.000127206	6.12725e-05	0.239843	8.85438e-05	0.0173217	0.00304044	8.51563e-05	1.49077e-08	0.000393756	0.000635779	0.000273112	0.000364937	0.733658	3.29951e-16	0.00172131	
0.00108021	0.00369694	1.14035e-08	0.0116553	0.0179469	0.000481413	1.65022e-05	0.00409578	0.00543073	2.03461e-06	5.02749e-09	0.0192543	0.0279868	9.44989e-07	0.00557755	0.747884	0.142677	7.01332e-07	4.90008e-07	0.0122128	
0.0087998	0.000884986	0.000810084	0.00229298	0.0115228	0.00401534	2.09949e-07	0.121994	0.000337802	0.0649727	0.539835	0.00161751	0.0105775	0.00594565	6.88543e-05	0.0281489	0.144607	0.0528923	0.000634868	4.17204e-05	
0.0789818	0.0283286	0.0084884	0.00998232	0.0492903	0.00957617	0.0045806	0.0106945	0.0242524	0.115109	0.00731291	0.012386	0.0596447	0.00452738	0.0122819	0.452558	0.0864019	0.0136965	0.00305839	0.00884827	
0.0032271	1.61983e-05	0.947804	0.0221885	0.00207458	0.000540628	3.3627e-05	0.00019273	2.35664e-10	0.00117053	0.000693924	0.0191272	5.60729e-06	7.3751e-08	3.95542e-05	0.00199326	0.00017164	0.000720751	1.98058e-10	4.58543e-08	
0.000498811	0.0069694	0.000181667	5.98269e-10	0.66293	0.00322556	5.34109e-16	0.0190093	0.000152028	0.033818	0.0049108	0.000397319	0.00506677	1.31526e-17	9.18708e-06	9.7824e-06	0.00310947	0.00617661	7.85585e-11	0.253535	
1.83623e-05	3.20316e-10	0.438532	0.0224796	0.00316265	0.0190895	1.19038e-06	0.00348796	0.00361215	0.000638416	8.60649e-05	0.456238	5.02856e-05	0.0180526	0.00169146	0.0233613	0.00807415	1.341e-05	0.00140984	3.85525e-07	
0.0688652	0.00255293	0.00279279	0.0125414	0.0116034	0.00846795	0.00509698	0.297868	0.00676969	0.0318352	5.11971e-06	0.00958165	0.00458676	0.000558851	0.000370679	0.00935328	0.0365493	0.488249	9.98367e-08	0.00235169	
0.490529	0.000331039	0.000497599	0.00156295	0.000189977	0.00755973	0.00331318	0.010351	5.00951e-05	0.000969554	0.000290904	0.00408253	0.0429618	0.00832314	8.44705e-07	0.0555533	0.317742	0.054001	0.00159909	9.12663e-05	
0.123534	0.01066	0.000923564	2.8552e-06	3.40569e-08	0.0251925	0.00880092	0.00607187	0.0124045	0.0672584	0.0062961	0.00205669	0.339129	0.0520616	0.0300763	0.0990718	0.0882744	0.127632	8.45161e-10	0.000553117	
0.764936	0.0229493	0.00253188	0.00203615	0.000742973	0.081403	0.00023284	0.00961287	0.0117188	0.0094532	3.50857e-05	0.000671817	0.0157206	1.17161e-05	5.43892e-05	0.0225211	0.0254582	0.029878	3.18281e-05	9.26778e-23	
0.00106256	0.0128826	2.86825e-06	5.12624e-07	0.00990363	2.33512e-08	0.0419312	0.00571472	0.00421604	0.000152717	3.388e-06	0.0164434	0.576187	0.0322057	0.0148813	0.268473	0.0159016	3.30883e-06	2.86931e-05	6.13157e-06	
0.000516067	0.00611348	0.00210704	2.82085e-10	2.32748e-06	2.79157e-07	0.00114764	0.23348	1.95923e-05	0.0980166	0.61	0.0150565	0.00320876	0.00599397	0.0197995	3.19809e-08	0.00117275	0.00306177	1.26989e-44	0.000303139	
0.0615003	0.00367887	0.143693	0.0306992	2.08595e-06	0.289602	0.0144516	0.00129299	0.000155964	3.01685e-05	0.00318416	0.23865	4.0378e-06	4.27568e-10	0.0165822	0.167971	0.00165136	0.0110389	2.89985e-07	0.0158123	
0.00267734	0.00167342	0.000102477	2.55323e-05	0.000416256	0.000357408	0.00557324	0.180897	0.008884	0.0596332	0.478544	0.00938621	1.27928e-17	0.00124845	8.7589e-06	0.0149225	0.0481132	0.170683	0.000181091	0.0166723	
0.0188315	0.00165912	0.0358298	0.0158826	0.00361924	0.014871	1.85079e-06	0.0322097	0.000226498	0.000117748	0.000140588	0.386648	0.00613484	2.55495e-06	0.000114915	0.318675	0.147285	0.00906106	2.87649e-16	0.00868902	
6.29906e-07	0.0706899	0.00134543	8.80327e-05	0.0122312	0.0263563	2.91158e-06	0.0565753	0.0481654	0.00263537	0.00319321	0.106547	1.58879e-07	0.00174674	0.000489364	0.46482	0.193242	0.00942512	0.0024443	1.98836e-06	
0.118008	0.047454	0.00737762	0.00194655	0.0518455	0.000436763	0.00489492	0.00440556	0.00194437	0.0199021	0.00160798	0.000347873	4.20721e-06	2.03211e-08	4.25899e-05	0.682372	0.0420742	0.00539861	0.00331284	0.00662487	
0.000160331	0.0104256	3.31743e-21	2.46555e-06	0.394893	4.45638e-05	0.00204735	0.0716702	0.000269193	0.423877	0.012157	0.00226891	0.00439614	0.000938078	2.9986e-05	0.0149983	0.00278612	0.0401991	0.00599082	0.0128457	
2.63144e-05	0.0668802	4.06888e-05	0.00691272	0.0586596	0.0498297	0.000301629	0.0169935	0.00472992	0.0926092	0.021755	0.00302426	6.48362e-07	0.00629597	0.00926359	0.0353355	0.0110979	3.38259e-05	0.548305	0.0679048	
0.0566913	1.73511e-06	0.0212815	0.00878921	2.95398e-06	0.0665826	5.73897e-05	0.0672975	0.175476	0.0487724	0.000284391	0.0336676	0.00354187	0.00699428	0.289242	0.064865	0.117462	0.0389912	2.10042e-16	1.14667e-08	
0.0849382	0.000743718	0.001748	5.29415e-10	4.00206e-05	0.0222294	0.000141875	0.00144879	7.45729e-08	0.00908868	0.00341339	0.00356349	0.293086	0.0179314	2.35487e-05	0.453287	0.0924474	0.0151731	8.28814e-12	0.000696578	
0.0623287	0.000349802	0.0315579	0.0109909	1.13676e-05	0.00243526	0.0183779	0.141587	0.0109212	0.0145163	0.0319887	0.138468	4.47754e-05	2.53027e-05	0.00188541	0.114943	0.419513	9.06985e-06	4.58718e-05	6.81211e-07	
0.00747433	0.000741477	1.43302e-07	0.000436892	0.0034491	0.000275132	2.22137e-06	0.00542221	0.000153277	0.11092	0.00874341	0.00272879	0.00500667	0.00480959	0.00213902	0.744624	0.0999575	0.000401462	2.91434e-57	0.00271459	
9.53177e-05	0.000197897	0.000702885	4.84123e-05	0.000737624	0.0203092	0.0164921	0.0452234	0.0303064	2.98711e-07	0.00207523	0.663188	1.40338e-05	0.0159033	7.26866e-05	0.171364	0.0312749	0.00199381	1.01292e-11	2.30029e-07	
0.0291665	0.0385479	0.00505751	0.0117877	0.012272	0.00910013	0.0202168	0.0656132	0.0270574	0.0262667	0.0119691	0.200308	0.00501269	0.0128815	0.0408822	0.358009	0.0587313	0.0382155	1.69901e-11	0.0289045	
0.124184	0.0100488	0.00847139	0.0287965	0.00022332	0.0015466	0.000583815	0.0146259	0.0728724	0.147952	0.121408	0.0553595	2.33992e-09	0.0262169	0.022413	0.127567	0.197998	0.0397332	1.12876e-11	3.83993e-08	
0.0161403	0.00634124	0.00598235	6.46049e-06	0.016306	0.00758147	0.337325	0.00489543	0.0848753	0.0523043	0.000135195	0.0896466	0.0480669	0.247344	0.0207606	0.0219586	0.00603965	3.72957e-08	4.29943e-07	0.0342904	
0.0162781	0.0431921	0.0950344	0.0247129	1.23847e-06	0.427346	0.00284303	0.0104398	0.0213591	0.00117574	0.00149551	0.0364359	0.00896089	4.60688e-08	0.00683462	0.285701	0.00242931	0.0130975	0.00266207	1.53868e-06	
0.131031	0.00966515	0.00426698	9.30997e-06	6.24938e-06	0.746714	0.00290559	0.00132743	0.00115752	0.000308147	5.01825e-05	4.14261e-05	0.00154479	2.14128e-08	9.30321e-05	0.045153	0.0188474	0.0368788	1.36378e-16	7.21699e-10	
0.386751	1.4997e-10	0.0592863	0.0998324	0.000123336	0.01825	6.34492e-08	0.000177712	0.0285061	0.0286435	0.00521631	0.0162094	0.0131107	0.00846718	2.0501e-05	0.165998	0.106506	0.0576298	1.06622e-05	0.00526059	
0.0342767	2.65924e-05	3.34311e-05	0.00326028	0.000422036	4.91974e-06	0.000513983	0.0614704	0.00398041	0.00686718	0.0522893	0.0152855	0.00305239	0.005015	0.0205904	0.00798656	0.782498	0.00239969	8.39648e-13	2.72312e-05	
0.0263945	1.35835e-06	0.000115182	2.09834e-05	0.0160617	0.000430495	1.40393e-13	0.335905	0.0141596	4.43875e-05	1.54782e-06	0.00318006	3.97004e-12	6.28304e-09	0.000921717	0.0253889	0.456626	0.119564	0.00117949	5.38291e-06	
0.0718621	0.0165093	0.00470943	0.000164599	0.000567041	0.570524	0.0038839	0.006804	4.14664e-05	0.00431742	0.00101163	0.047546	0.00389681	0.00516175	0.000167321	0.218776	0.00195293	0.0403389	9.5785e-19	0.00176574	
0.00135033	0.00166687	0.00684561	0.000146616	0.000568174	0.000662203	0.0420734	0.0288108	0.00595038	0.134686	0.020411	0.00482399	0.662572	4.76216e-05	0.00654258	0.0274037	0.029929	0.0254473	2.311e-15	6.20387e-05	
0.000879632	0.000155348	0.000479678	0.000221607	6.39937e-07	0.00446833	0.000806783	0.545376	0.00025492	0.118056	0.0943205	0.0312007	0.00594681	9.45145e-05	5.48344e-06	0.000115031	0.196278	0.000877761	1.14443e-13	0.000462025	
0.399822	0.0108475	0.00795443	0.0537102	0.00111172	0.0252654	0.000343227	0.0326181	0.057706	0.00447087	4.08458e-06	0.00241982	4.20134e-08	1.06842e-05	0.040853	0.0676452	0.182789	0.112426	5.94794e-09	1.93444e-06	
0.0155945	2.24767e-06	0.00326678	0.0203468	0.0465075	0.00889169	0.00311598	0.357555	0.0517554	0.0807866	0.0949619	0.0614347	1.20286e-06	0.00454911	0.0124189	0.0307891	0.058364	0.13743	1.59364e-08	0.0122289	
0.000785885	0.0185335	3.97116e-07	3.75647e-05	0.693389	0.000944256	0.0115476	0.0145152	0.00736764	0.131243	7.42142e-09	0.00105818	0.00374917	0.00273004	0.00195069	0.0432701	0.000675999	0.0142782	0.00140945	0.0525145	
0.00226218	0.0512368	0.0114105	0.00137179	0.14543	6.13451e-06	0.141047	0.0168192	0.00682024	0.0437942	0.00447468	0.0585399	0.00778564	0.0378552	0.0305792	0.0324896	0.00384002	0.00442769	0.000734062	0.399076	
0.0452723	0.00807151	5.01555e-05	0.00320423	0.0878667	2.02898e-05	3.21085e-05	5.90953e-06	0.0366031	0.439558	2.72607e-06	0.000701383	0.00252967	0.0010724	2.26546e-05	0.118532	1.28942e-05	0.24508	1.09183e-13	0.0113621	
0.0802901	0.000281584	0.00477162	4.07059e-05	0.000530929	0.00835866	0.0170927	0.0140021	0.401082	0.00354715	0.0416433	0.0319177	0.00178369	0.00815361	0.179212	3.33411e-05	0.0816274	0.11627	6.75657e-27	0.00936132	
4.89694e-06	0.0100136	0.0130066	0.0542807	0.00140834	0.702854	0.00676268	0.0179266	0.0221208	4.06382e-05	0.0234804	0.0110537	0.00399439	6.53084e-05	0.0564882	0.015445	0.00588439	0.0428867	0.00913098	0.00315245	
0.0945493	0.0493556	0.0228523	5.27421e-05	0.0982184	0.330146	0.00364646	0.000369425	3.13733e-06	0.0581574	0.00254901	0.00361191	0.00915484	0.00753718	7.18702e-05	0.0254202	0.162546	0.00403018	1.0689e-28	0.127728	
0.0189694	4.67665e-05	1.06116e-06	1.72855e-05	0.409	0.145675	0.037338	0.000214641	0.00125951	0.025724	1.31519e-09	0.10233	0.013829	0.000664556	0.000243399	0.0204697	0.0377359	0.000995838	0.184789	0.000697102	
0.324141	0.000345045	0.0134553	5.97698e-11	0.00760057	0.0170162	0.0113317	0.0764308	0.00237547	0.0237438	0.00899553	0.0402959	0.0122205	0.00377367	0.000570775	0.0846336	0.218004	0.154406	1.25951e-18	0.00066009	
0.150261	0.0195786	0.00445107	0.00837634	0.188047	0.00855325	7.72205e-11	0.0854452	0.255053	0.00897979	0.0615931	0.0256838	9.66598e-05	1.50153e-07	3.18762e-05	0.165284	0.00619696	0.000312595	3.22762e-09	0.0120561	
0.0140343	0.00806008	0.00803313	0.22629	0.00428241	0.00633644	0.0408829	0.000801636	0.111855	0.0217229	0.00524957	0.00681846	0.00781128	0.477594	0.0271479	0.0175035	0.00403843	0.0114451	9.05302e-09	9.22898e-05	
0.0362246	0.00204546	0.000574758	2.8363e-05	7.60857e-05	0.305831	0.0224963	0.0451328	0.0949777	0.0232645	0.00113289	0.160278	4.97609e-08	0.00774566	0.000624111	0.261357	0.0370265	0.00104882	8.80847e-05	4.69474e-05	
3.91146e-06	0.593301	0.00211562	0.0047571	0.0110733	0.00320815	0.0239325	0.000531001	6.88499e-05	0.0435469	0.00173443	0.00018311	0.00336299	2.81606e-05	0.0191992	0.135047	0.00141521	0.00194859	0.0137178	0.140826	
2.04482e-06	0.00753774	6.94549e-07	0.0269642	0.0104513	0.0157835	6.83596e-05	0.00522637	0.0400557	1.6752e-08	0.0170934	0.00492683	0.0514873	0.00425916	0.0584297	0.000225331	0.000317357	0.0340285	0.681262	0.0418809	
0.00598862	0.541445	0.00697951	1.74367e-05	0.0367027	0.035759	3.45758e-05	0.0279223	0.0135921	0.0207515	6.73852e-11	0.026755	0.00872971	5.21845e-05	0.016967	0.159776	0.00197107	0.0236319	1.94199e-08	0.0729244	
0.00969003	0.0302613	0.154867	0.148487	0.0304611	0.00232421	0.100135	0.0364046	0.0584077	0.035109	4.37615e-05	0.0820217	0.0135371	0.131621	0.0353694	0.0233261	0.00728515	0.0495553	4.87383e-17	0.0510943	
0.110352	0.00252805	0.0542206	0.000218341	0.00801884	0.0426661	0.00935547	0.103338	0.00704438	0.0188451	2.41523e-11	0.198967	0.0243428	5.79096e-08	0.00250288	0.0624872	0.194733	0.160348	3.56308e-06	2.86331e-05	
0.0259488	5.91484e-12	0.213797	0.0863066	0.12495	0.0654032	0.000187489	0.187722	0.00521719	0.115881	2.18639e-07	0.00042711	0.000346395	0.00784781	0.0196883	0.105713	2.01336e-05	0.00321087	8.43788e-21	0.0373337	
0.00856993	3.58382e-10	8.00657e-05	0.000827931	0.0233495	0.0207518	0.000530435	0.0554361	0.0656697	0.0140974	0.00703681	0.000855281	0.105668	9.46787e-05	0.0248093	0.271202	0.310864	0.0901555	6.87906e-21	1.57226e-07	
0.0185584	0.00222115	0.00730936	0.000227203	0.0514541	0.0807912	0.0238666	0.144651	0.052575	0.000187428	3.27857e-05	0.000153835	0.000394957	0.206141	0.0853071	0.150889	0.085133	0.0870599	0.00304771	1.76263e-09	
0.0231079	0.0373846	0.00285503	0.0249887	0.022808	0.709859	0.000592762	0.100577	0.00415141	0.0176485	0.000467137	0.00451549	0.000438079	8.80063e-05	7.10134e-06	0.0465069	0.00398135	2.25588e-05	3.03077e-16	1.16717e-10	
0.267906	1.12776e-12	0.00476426	0.00259389	0.0220673	0.147719	0.00147557	1.08804e-05	0.000916784	0.00546547	0.0157612	6.4797e-05	0.00314657	0.00082988	5.1603e-06	0.397493	0.12226	0.00679806	0.000721387	9.49041e-11	
0.304995	3.37095e-06	0.000630569	0.0509855	4.48895e-08	0.127048	0.000619534	0.0147472	0.0204968	0.0611121	0.0343728	0.0072466	4.56223e-10	0.000182742	0.00329674	0.00670555	0.0224594	0.263724	1.18081e-14	0.081374	
0.00982942	5.39926e-10	0.127974	0.334674	0.00815842	0.100344	0.00222582	1.18144e-05	0.103894	0.0190876	0.000117695	0.067988	0.0173018	0.0187197	0.100385	0.0300014	0.00870055	0.0505149	6.92558e-06	6.4584e-05	
0.026066	0.124983	0.0443558	0.0511502	0.089543	0.154896	0.0476944	0.0206573	0.0497408	0.00420875	1.50731e-09	0.101228	5.62582e-13	0.053055	0.0406846	0.0807606	4.77287e-05	3.32894e-06	0.0482543	0.0626705	
0.000303933	1.32995e-12	0.0010003	2.33131e-08	0.490661	0.0167357	0.00453723	0.129544	0.0848949	0.00518711	0.101487	0.0186691	1.9109e-07	0.0197026	1.00076e-13	0.0758989	0.0467073	0.00152753	1.05269e-05	0.00313167	
0.0778472	0.0457656	0.040593	0.0190797	0.158448	0.000703191	0.0572047	0.0260225	7.84719e-05	0.00525965	0.000283982	0.0655618	0.0283612	0.0061286	0.0055624	0.209599	0.0815049	0.0241515	9.69745e-09	0.147845	
1.58148e-05	0.0295387	0.00727555	0.106687	0.0231846	0.156349	3.2202e-08	0.0293308	0.106703	0.0328915	7.05452e-12	0.0906163	3.67501e-05	0.0171789	0.10155	0.217624	0.00809379	0.0116718	0.0110746	0.0501775	
0.0435377	0.006877	5.48147e-06	0.0160568	0.0779147	0.0197308	1.06706e-07	0.121235	0.0936518	0.103823	0.0149137	0.0356368	0.076113	0.188106	0.0493621	0.00195075	8.23451e-06	0.104137	1.0431e-05	0.04693	
0.189843	0.0105091	0.046824	0.187918	3.20531e-07	3.17374e-06	1.39234e-08	0.0407977	0.000484696	0.00305499	0.00503348	0.0236467	0.146718	0.0936373	0.000259725	0.00301422	0.213362	0.00309803	1.4047e-06	0.031795	
0.0157103	0.000226986	0.185184	0.00650384	0.0106428	0.000271233	0.0341617	0.128704	0.0103938	0.0766475	2.85482e-08	0.0925737	1.60359e-06	0.0429696	0.00569863	0.0884079	0.0927631	0.209137	1.52701e-06	6.76265e-07	
0.136712	0.000663785	0.335674	0.19639	2.2272e-06	0.0957421	0.000113479	1.05363e-05	0.0109444	1.95008e-05	0.00489054	0.000205029	0.0012244	5.18229e-05	0.00112395	0.0976079	0.0664981	0.0422901	0.00983519	5.3645e-07	
0.328455	0.000328393	0.0334986	0.0326417	0.0057928	0.214579	0.000596717	0.0878639	0.00901867	4.96874e-07	0.000335158	0.00148519	5.91659e-07	0.00237761	0.238759	0.039989	0.00173015	0.00236694	8.7022e-05	9.32717e-05	
0.00382999	0.00374214	1.43598e-07	0.0909134	0.00209095	0.169297	0.0283843	0.127076	0.053565	0.0356092	0.0266262	0.112878	0.0445758	0.00277182	0.0605601	0.000797809	0.188424	0.000984049	3.85843e-27	0.0478739	
0.000153798	1.5093e-06	0.0320042	0.000135223	0.00698516	0.0434874	0.0812605	4.95893e-09	0.00276545	0.00278406	2.24371e-05	3.67426e-05	0.0213665	0.383386	0.199004	0.171056	0.0500176	0.00522269	0.000229168	8.16636e-05	
1.63656e-06	0.00108406	3.39861e-05	1.17787e-05	0.000172725	0.177831	5.63819e-05	0.0834344	0.401717	0.00387595	0.000145709	0.0254037	3.5454e-07	3.17479e-05	0.282624	0.00625507	0.00290764	0.000171197	6.54769e-13	0.0142428	
0.000766283	0.0133191	0.252805	0.00658664	0.0185506	0.14417	4.85297e-11	0.00840542	0.0320313	0.00020056	0.00755908	0.0683693	0.00586718	0.0148342	0.0056264	0.14172	0.062054	0.072536	1.07546e-15	0.144599	
0.0112883	0.00082403	0.0023828	3.31497e-07	0.0670057	0.0106694	0.0466012	0.133611	0.147548	0.26338	2.16562e-06	0.000639769	0.00191903	0.00933996	0.23925	0.000368665	0.0484827	0.0166826	5.59657e-12	4.50111e-06	
0.00100728	0.0353043	0.000511547	0.0035198	0.000109607	0.000992163	9.0928e-05	0.0398061	0.228988	0.0570506	0.202095	0.0146894	0.13523	3.27825e-05	0.00256955	0.123111	0.120642	0.0342371	7.99748e-19	1.32499e-05	
0.07089	0.0208984	0.0104507	0.40818	0.0817361	0.0864045	0.00247737	0.103934	0.000118711	0.0240746	0.00189296	0.0393848	0.00288038	0.00215854	0.0230409	0.0123953	4.29031e-06	0.108922	2.71961e-10	0.000156571	
0.0397415	0.100158	0.00568677	3.16705e-05	0.0701591	0.0193409	0.082775	0.165532	0.0556112	0.00685419	0.000113627	0.0432229	1.15745e-06	0.0195444	0.294285	0.0252843	0.0112872	0.040033	3.42948e-06	0.020335	
0.0439492	0.0284999	0.00526187	0.00395116	9.86488e-07	0.00146827	0.00063473	0.000237691	0.00476387	0.00594753	0.12857	0.0517335	2.03109e-10	0.17811	0.173482	0.0204952	0.15552	0.197253	1.44247e-05	0.000106428	
0.0199424	0.0112869	5.16364e-06	0.0395825	8.66356e-06	0.00031781	0.301685	5.72793e-07	0.00567276	0.00302073	0.00483465	0.0419006	0.0368563	0.19636	0.0530496	0.170374	0.00537529	0.0373174	5.92908e-06	0.0724033	
9.05146e-07	5.10259e-05	0.000341687	7.06064e-05	0.0297113	0.0339893	0.242973	0.0120529	0.00116419	0.0381386	0.000898266	0.0032025	0.030687	0.0070092	0.0306892	0.223627	0.0123367	0.000120931	7.36746e-07	0.332936	
0.000155253	2.03885e-05	0.0134501	4.09693e-07	3.43552e-05	0.000166357	0.000230423	0.014316	0.139433	1.56829e-05	0.062478	5.66843e-05	3.35931e-12	7.03336e-07	0.0728984	0.140269	0.552775	0.00366524	1.75941e-06	3.31202e-05	
0.00194581	8.59268e-05	0.0106318	9.104e-05	0.00217105	0.00962429	0.000110549	0.154556	0.00978171	0.0959822	0.00164136	0.00123932	7.33675e-08	0.00117885	0.0431841	0.0794986	0.0707189	0.374915	5.11883e-08	0.142643	
0.00590936	0.00673899	0.0336104	0.00730833	0.231696	0.0002358	0.00115983	0.000115958	0.0017329	0.0621091	0.000117104	0.0202385	0.246379	0.0250709	4.86918e-05	0.194001	0.00373001	0.00220013	0.0129159	0.144682	
0.00189883	0.000238015	0.0175262	0.0234201	0.000271966	0.0388044	3.82694e-07	0.00943692	0.179813	0.305545	0.00476569	0.0145873	0.000807572	0.00866958	0.179711	0.0739273	0.0327879	0.105182	0.00260134	4.75349e-06	
0.0697952	5.10709e-06	0.0112689	0.267251	0.000149728	0.000375004	0.0717592	0.0358232	0.000318842	0.000542235	7.65393e-09	5.72043e-07	0.0282888	0.170693	0.10911	0.165741	0.0628441	0.00455657	1.55121e-16	0.00147807	
0.000354896	9.3979e-06	0.0675355	0.172559	0.0488776	0.00273927	4.80065e-09	0.180805	0.182578	0.0419855	0.00714022	0.159012	4.93347e-05	0.000790827	0.0175713	0.112473	0.00010794	0.00482243	7.53351e-05	0.000513445	
0.0193834	3.39176e-05	0.0858092	0.0188287	0.00150212	0.0085446	1.06871e-06	0.0776084	0.000377071	0.395244	5.66586e-08	0.310116	4.38093e-08	0.0337471	0.026387	0.00174465	0.00113845	0.00462063	9.02947e-19	0.0149136	
0.0432835	4.84231e-05	0.00329705	0.00012179	4.55131e-09	0.367398	0.180719	0.107308	0.0141734	0.0499407	7.15882e-08	0.0119388	0.000121107	9.37155e-08	0.00194153	0.172324	0.00174692	0.0456379	2.43909e-16	4.09635e-14	
0.00184526	5.10982e-09	0.0112259	0.00327743	0.427489	0.010008	6.22815e-07	0.0413323	1.21642e-06	0.00185082	0.000321566	0.0771317	0.00201932	0.00428933	0.000383972	0.379797	0.000358667	0.0178856	1.43104e-18	0.0207825	
0.00672364	0.00056871	0.138016	0.0090065	0.0199856	0.000620431	0.073825	0.177621	0.0555382	0.178633	0.0997029	0.108284	0.000324451	1.04357e-05	0.000327851	0.00044916	0.000336624	0.129102	4.55259e-07	0.000923747	
0.00712715	0.140318	1.76903e-05	0.0206632	0.00655763	0.0057167	2.3413e-05	0.024874	0.0266817	0.0309821	0.00400679	0.000401372	5.83386e-06	0.39883	0.277337	0.0101825	0.0230052	0.0187962	3.04612e-21	0.00447263	
0.000329963	0.000146855	8.71868e-07	3.26223e-05	0.310392	0.156238	4.85176e-05	0.0249321	0.108281	0.00382832	2.09016e-09	0.122153	0.169549	3.3144e-05	0.00903544	0.0819806	0.00760955	0.000103259	1.44345e-10	0.00530598	
0.0208161	2.15478e-08	0.0165813	4.22397e-05	0.0508397	0.000694388	0.0179129	0.0228734	0.0638727	0.00390194	0.0282153	0.00287038	0.00420463	0.000258987	9.78542e-05	0.0470979	0.0122691	0.128147	6.55127e-05	0.579238	
0.0257367	0.00334014	0.0425239	0.0894335	5.70937e-07	0.0223097	0.0356621	0.00163542	0.0914813	0.0436194	6.38713e-06	0.00159047	0.203439	1.23086e-05	0.014868	3.33726e-05	0.131427	0.290037	0.000332009	0.00251133	
0.000926989	0.0707092	0.00102285	0.00441574	0.0437936	0.154531	0.0027594	0.0359442	0.0527795	0.123	0.00411536	0.00130403	0.401003	3.46867e-06	0.0228593	0.0655062	0.0124401	0.000525914	0.000112238	0.00224754	
0.0335618	0.090823	0.00223988	0.0225989	0.381324	0.000399657	0.000204721	0.0143211	0.0594512	0.030375	3.73554e-14	0.00139102	0.0118693	8.63635e-07	0.116985	0.171299	0.00944987	0.000654461	0.000410566	0.0526398	
0.0118314	1.27428e-05	2.3022e-06	0.0055329	0.0702095	0.128985	0.017747	0.00512986	3.34406e-07	0.164982	5.53366e-05	0.00622398	0.00198264	0.460788	0.00404045	0.0131292	0.0504253	0.000344553	7.40871e-12	0.0585777	
