37
Allox_ar   0.0000000 0.1522796 0.1595052 0.1729359 0.1534747 0.1451807 0.1473860 0.1528581 0.1775872 0.1341075 0.1622939 0.2423643 0.1512582 0.1579920 0.1732648 0.2923823 0.1923375 0.1489863 0.1406461 0.1542702 0.2059464 0.2093784 0.2257048 0.1196456 0.1582741 0.1722496 0.1059161 0.1416671 0.1474434 0.1630387 0.1664546 0.1660311 0.1639384 0.1666877 0.4445899 0.4279339 0.4860987 
Andr_cur   0.1522796 0.0000000 0.0366305 0.0562370 0.0245809 0.0901306 0.0919073 0.0435101 0.0519721 0.1485362 0.0743477 0.2334794 0.0813642 0.0885999 0.1633524 0.2882316 0.1951098 0.0954429 0.0763977 0.0978316 0.2161630 0.2237817 0.2374738 0.1288768 0.1460738 0.1083466 0.1391011 0.0910862 0.0730021 0.0967287 0.1090137 0.1044371 0.1084795 0.1100393 0.4375771 0.4183445 0.4801748 
Andr_gro   0.1595052 0.0366305 0.0000000 0.0622407 0.0384398 0.0959228 0.0979863 0.0482672 0.0573729 0.1546222 0.0790617 0.2432636 0.0940246 0.0989419 0.1699548 0.2969550 0.1924408 0.1009823 0.0796165 0.1035334 0.2216115 0.2311691 0.2441842 0.1349417 0.1490447 0.1104138 0.1437953 0.0932483 0.0856470 0.1090655 0.1160593 0.1165365 0.1154056 0.1190221 0.4525466 0.4302600 0.4964572 
Andr_qln   0.1729359 0.0562370 0.0622407 0.0000000 0.0577385 0.1101044 0.1118247 0.0485003 0.0647452 0.1657496 0.0943948 0.2499178 0.1070703 0.1135059 0.1815213 0.3064053 0.2131547 0.1148303 0.0955294 0.1184297 0.2345096 0.2428632 0.2564221 0.1520549 0.1658888 0.1286428 0.1605066 0.1043516 0.0986135 0.1218273 0.1289472 0.1311344 0.1270477 0.1309630 0.4658523 0.4431396 0.5076006 
Andr_qrm   0.1534747 0.0245809 0.0384398 0.0577385 0.0000000 0.0899232 0.0929433 0.0432747 0.0595407 0.1500984 0.0752310 0.2391568 0.0857556 0.0896610 0.1648317 0.2903589 0.1959681 0.0957669 0.0788565 0.0983852 0.2172339 0.2251377 0.2392335 0.1301014 0.1485162 0.1073188 0.1416044 0.0895182 0.0780557 0.1014416 0.1100212 0.1113950 0.1099385 0.1137300 0.4466542 0.4256490 0.4902940 
Aula_tav   0.1451807 0.0901306 0.0959228 0.1101044 0.0899232 0.0000000 0.0401796 0.0934116 0.1096994 0.1386745 0.1028994 0.2252990 0.0910730 0.0952764 0.1516608 0.2713571 0.1848256 0.0463628 0.0764260 0.0389977 0.2045304 0.2120774 0.2238754 0.1189888 0.1347951 0.1063300 0.1313805 0.0763950 0.0953194 0.0990859 0.1023511 0.1057926 0.1029090 0.1060311 0.4239386 0.4020824 0.4667351 
Aylax_hy   0.1473860 0.0919073 0.0979863 0.1118247 0.0929433 0.0401796 0.0000000 0.0948361 0.1159390 0.1413650 0.1040088 0.2272275 0.0905694 0.0951689 0.1550039 0.2753028 0.1848255 0.0456182 0.0788076 0.0471918 0.2075332 0.2153116 0.2278527 0.1210392 0.1391813 0.1080168 0.1339440 0.0807120 0.0893004 0.0981001 0.1051606 0.1077483 0.1044166 0.1079318 0.4290325 0.4053785 0.4719629 
Beloc_tr   0.1528581 0.0435101 0.0482672 0.0485003 0.0432747 0.0934116 0.0948361 0.0000000 0.0483087 0.1485182 0.0786251 0.2382378 0.0900344 0.0965099 0.1639224 0.2845675 0.1911361 0.0977830 0.0842424 0.1020796 0.2131008 0.2221643 0.2330343 0.1330597 0.1463386 0.1088977 0.1408530 0.0930195 0.0812327 0.1047791 0.1108980 0.1139612 0.1094334 0.1132610 0.4348669 0.4146099 0.4731242 
Bior_pal   0.1775872 0.0519721 0.0573729 0.0647452 0.0595407 0.1096994 0.1159390 0.0483087 0.0000000 0.1562495 0.1044787 0.2695028 0.1041168 0.1122161 0.1841703 0.3054040 0.2020024 0.1130799 0.0948571 0.1159884 0.2175774 0.2313064 0.2490088 0.1504291 0.1683445 0.1427817 0.1461380 0.1043677 0.1046388 0.1226365 0.1288410 0.1229518 0.1315887 0.1374210 0.4662508 0.4807327 0.5131714 
Callas_no  0.1341075 0.1485362 0.1546222 0.1657496 0.1500984 0.1386745 0.1413650 0.1485182 0.1562495 0.0000000 0.1583564 0.2352345 0.1447501 0.1542479 0.1649814 0.2832812 0.1756510 0.1409802 0.1369378 0.1462075 0.1904325 0.1970327 0.2119543 0.1209106 0.1480914 0.1707303 0.1173540 0.1326394 0.1509992 0.1518285 0.1605079 0.1595818 0.1553074 0.1608635 0.4372625 0.4113373 0.4702502 
Calli_sp   0.1622939 0.0743477 0.0790617 0.0943948 0.0752310 0.1028994 0.1040088 0.0786251 0.1044787 0.1583564 0.0000000 0.2445494 0.0962378 0.1038909 0.1730924 0.2930679 0.2032754 0.1066555 0.0825177 0.1115249 0.2249173 0.2289792 0.2453019 0.1424142 0.1559646 0.1152225 0.1488834 0.1029401 0.0912219 0.1133146 0.1209651 0.1232552 0.1196079 0.1236591 0.4512537 0.4311838 0.4935727 
Cecin_ib   0.2423643 0.2334794 0.2432636 0.2499178 0.2391568 0.2252990 0.2272275 0.2382378 0.2695028 0.2352345 0.2445494 0.0000000 0.2291301 0.2403261 0.2422265 0.3779051 0.2580474 0.2271321 0.2122076 0.2296518 0.2922550 0.2999959 0.3122813 0.2192084 0.2267717 0.2611806 0.2314279 0.2110950 0.2307256 0.2353601 0.2385000 0.2402396 0.2434664 0.2440196 0.4685428 0.4142688 0.4826697 
Cerop_ma   0.1512582 0.0813642 0.0940246 0.1070703 0.0857556 0.0910730 0.0905694 0.0900344 0.1041168 0.1447501 0.0962378 0.2291301 0.0000000 0.0862683 0.1615005 0.2895233 0.1943882 0.0941205 0.0739183 0.0992292 0.2133786 0.2231423 0.2323761 0.1306678 0.1439938 0.1055956 0.1386748 0.0934931 0.0847975 0.0975887 0.1075625 0.1030078 0.1052992 0.1098442 0.4369895 0.4173026 0.4806408 
Diast_ki   0.1579920 0.0885999 0.0989419 0.1135059 0.0896610 0.0952764 0.0951689 0.0965099 0.1122161 0.1542479 0.1038909 0.2403261 0.0862683 0.0000000 0.1698976 0.2951348 0.2000573 0.1001926 0.0782504 0.1027409 0.2206869 0.2293602 0.2442976 0.1309235 0.1523099 0.0715737 0.1456513 0.0970467 0.0874280 0.0994655 0.1140631 0.1106251 0.1133718 0.1172142 0.4451457 0.4291859 0.4906157 
Dipl_spi   0.1732648 0.1633524 0.1699548 0.1815213 0.1648317 0.1516608 0.1550039 0.1639224 0.1841703 0.1649814 0.1730924 0.2422265 0.1615005 0.1698976 0.0000000 0.3011257 0.2104328 0.1571596 0.1486886 0.1609063 0.2295630 0.2363789 0.2482677 0.1502211 0.1382660 0.1752030 0.1600603 0.1444500 0.1641488 0.1699867 0.1768598 0.1782230 0.1733403 0.1784474 0.4483379 0.4269695 0.4891195 
Escha_ac   0.2923823 0.2882316 0.2969550 0.3064053 0.2903589 0.2713571 0.2753028 0.2845675 0.3054040 0.2832812 0.2930679 0.3779051 0.2895233 0.2951348 0.3011257 0.0000000 0.2989186 0.2744802 0.2673675 0.2783784 0.3362999 0.3407659 0.3482699 0.2767983 0.2884963 0.3126104 0.2781805 0.2478028 0.2739323 0.2909888 0.2986165 0.2975061 0.2904596 0.2957558 0.5364177 0.5162374 0.5458371 
Gana_sp1   0.1923375 0.1951098 0.1924408 0.2131547 0.1959681 0.1848256 0.1848255 0.1911361 0.2020024 0.1756510 0.2032754 0.2580474 0.1943882 0.2000573 0.2104328 0.2989186 0.0000000 0.1879730 0.1777571 0.1900096 0.1609717 0.1668417 0.1719214 0.1761383 0.1924903 0.2238753 0.1732312 0.1833671 0.1968505 0.1985791 0.1998069 0.1970939 0.2007420 0.1969020 0.4438045 0.4087346 0.4985473 
Hedic_le   0.1489863 0.0954429 0.1009823 0.1148303 0.0957669 0.0463628 0.0456182 0.0977830 0.1130799 0.1409802 0.1066555 0.2271321 0.0941205 0.1001926 0.1571596 0.2744802 0.1879730 0.0000000 0.0809991 0.0532437 0.2076486 0.2147084 0.2260985 0.1243981 0.1399731 0.1132965 0.1357578 0.0823368 0.0992084 0.1019068 0.1076705 0.1112383 0.1068216 0.1086612 0.4173903 0.4017578 0.4653086 
Irae_his   0.1406461 0.0763977 0.0796165 0.0955294 0.0788565 0.0764260 0.0788076 0.0842424 0.0948571 0.1369378 0.0825177 0.2122076 0.0739183 0.0782504 0.1486886 0.2673675 0.1777571 0.0809991 0.0000000 0.0859738 0.1992330 0.2030468 0.2160646 0.1117623 0.1308693 0.0914130 0.1242541 0.0753941 0.0750370 0.0883559 0.1007346 0.0982020 0.0970791 0.1038273 0.4108503 0.3882111 0.4398327 
Isoc_cen   0.1542702 0.0978316 0.1035334 0.1184297 0.0983852 0.0389977 0.0471918 0.1020796 0.1159884 0.1462075 0.1115249 0.2296518 0.0992292 0.1027409 0.1609063 0.2783784 0.1900096 0.0532437 0.0859738 0.0000000 0.2148779 0.2205277 0.2331066 0.1285978 0.1458497 0.1171395 0.1388519 0.0860386 0.1037771 0.1063658 0.1118580 0.1153242 0.1110638 0.1146242 0.4309918 0.4154698 0.4794883 
Lepto_bo   0.2059464 0.2161630 0.2216115 0.2345096 0.2172339 0.2045304 0.2075332 0.2131008 0.2175774 0.1904325 0.2249173 0.2922550 0.2133786 0.2206869 0.2295630 0.3362999 0.1609717 0.2076486 0.1992330 0.2148779 0.0000000 0.0963358 0.1120916 0.1908700 0.2166304 0.2320151 0.1819044 0.1968311 0.2169520 0.2216171 0.2245881 0.2227909 0.2206435 0.2211571 0.4740341 0.4520036 0.5073924 
Lepto_cl   0.2093784 0.2237817 0.2311691 0.2428632 0.2251377 0.2120774 0.2153116 0.2221643 0.2313064 0.1970327 0.2289792 0.2999959 0.2231423 0.2293602 0.2363789 0.3407659 0.1668417 0.2147084 0.2030468 0.2205277 0.0963358 0.0000000 0.0911086 0.1967195 0.2268641 0.2485468 0.1909992 0.2050012 0.2283707 0.2317450 0.2323986 0.2325998 0.2301850 0.2343041 0.4920426 0.4695621 0.5154689 
Lepto_he   0.2257048 0.2374738 0.2441842 0.2564221 0.2392335 0.2238754 0.2278527 0.2330343 0.2490088 0.2119543 0.2453019 0.3122813 0.2323761 0.2442976 0.2482677 0.3482699 0.1719214 0.2260985 0.2160646 0.2331066 0.1120916 0.0911086 0.0000000 0.2125417 0.2382370 0.2587265 0.2082555 0.2157696 0.2338524 0.2440864 0.2442951 0.2444814 0.2414878 0.2431155 0.4895381 0.4702913 0.5196705 
Parn_nig   0.1196456 0.1288768 0.1349417 0.1520549 0.1301014 0.1189888 0.1210392 0.1330597 0.1504291 0.1209106 0.1424142 0.2192084 0.1306678 0.1309235 0.1502211 0.2767983 0.1761383 0.1243981 0.1117623 0.1285978 0.1908700 0.1967195 0.2125417 0.0000000 0.1301601 0.1507080 0.1134630 0.1191236 0.1234799 0.1357245 0.1450817 0.1444455 0.1431668 0.1464485 0.4322044 0.4040342 0.4726179 
Pedia_ac   0.1582741 0.1460738 0.1490447 0.1658888 0.1485162 0.1347951 0.1391813 0.1463386 0.1683445 0.1480914 0.1559646 0.2267717 0.1439938 0.1523099 0.1382660 0.2884963 0.1924903 0.1399731 0.1308693 0.1458497 0.2166304 0.2268641 0.2382370 0.1301601 0.0000000 0.1633101 0.1454287 0.1298388 0.1478781 0.1519858 0.1593939 0.1587395 0.1591513 0.1626515 0.4278975 0.4103121 0.4758871 
Peric_JH   0.1722496 0.1083466 0.1104138 0.1286428 0.1073188 0.1063300 0.1080168 0.1088977 0.1427817 0.1707303 0.1152225 0.2611806 0.1055956 0.0715737 0.1752030 0.3126104 0.2238753 0.1132965 0.0914130 0.1171395 0.2320151 0.2485468 0.2587265 0.1507080 0.1633101 0.0000000 0.1527374 0.1111939 0.1119825 0.1204767 0.1247711 0.1281380 0.1243137 0.1276692 0.4846767 0.4584490 0.5283741 
Phaen_vi   0.1059161 0.1391011 0.1437953 0.1605066 0.1416044 0.1313805 0.1339440 0.1408530 0.1461380 0.1173540 0.1488834 0.2314279 0.1386748 0.1456513 0.1600603 0.2781805 0.1732312 0.1357578 0.1242541 0.1388519 0.1819044 0.1909992 0.2082555 0.1134630 0.1454287 0.1527374 0.0000000 0.1293943 0.1496395 0.1486185 0.1522975 0.1541624 0.1498156 0.1548574 0.4318110 0.4104561 0.4659138 
Phana_JH   0.1416671 0.0910862 0.0932483 0.1043516 0.0895182 0.0763950 0.0807120 0.0930195 0.1043677 0.1326394 0.1029401 0.2110950 0.0934931 0.0970467 0.1444500 0.2478028 0.1833671 0.0823368 0.0753941 0.0860386 0.1968311 0.2050012 0.2157696 0.1191236 0.1298388 0.1111939 0.1293943 0.0000000 0.1061981 0.0994651 0.1047940 0.1091915 0.1037526 0.1098343 0.3871442 0.3727181 0.4428163 
Prot_spe   0.1474434 0.0730021 0.0856470 0.0986135 0.0780557 0.0953194 0.0893004 0.0812327 0.1046388 0.1509992 0.0912219 0.2307256 0.0847975 0.0874280 0.1641488 0.2739323 0.1968505 0.0992084 0.0750370 0.1037771 0.2169520 0.2283707 0.2338524 0.1234799 0.1478781 0.1119825 0.1496395 0.1061981 0.0000000 0.0957348 0.1103869 0.1044805 0.1124448 0.1134941 0.4018003 0.3923088 0.4679435 
Qwaq_sco   0.1630387 0.0967287 0.1090655 0.1218273 0.1014416 0.0990859 0.0981001 0.1047791 0.1226365 0.1518285 0.1133146 0.2353601 0.0975887 0.0994655 0.1699867 0.2909888 0.1985791 0.1019068 0.0883559 0.1063658 0.2216171 0.2317450 0.2440864 0.1357245 0.1519858 0.1204767 0.1486185 0.0994651 0.0957348 0.0000000 0.1189254 0.1128748 0.1181757 0.1218913 0.4412929 0.4224135 0.4818844 
Syne_gif   0.1664546 0.1090137 0.1160593 0.1289472 0.1100212 0.1023511 0.1051606 0.1108980 0.1288410 0.1605079 0.1209651 0.2385000 0.1075625 0.1140631 0.1768598 0.2986165 0.1998069 0.1076705 0.1007346 0.1118580 0.2245881 0.2323986 0.2442951 0.1450817 0.1593939 0.1247711 0.1522975 0.1047940 0.1103869 0.1189254 0.0000000 0.0368133 0.0327791 0.0336101 0.4480991 0.4302657 0.4890449 
Syne_ito   0.1660311 0.1044371 0.1165365 0.1311344 0.1113950 0.1057926 0.1077483 0.1139612 0.1229518 0.1595818 0.1232552 0.2402396 0.1030078 0.1106251 0.1782230 0.2975061 0.1970939 0.1112383 0.0982020 0.1153242 0.2227909 0.2325998 0.2444814 0.1444455 0.1587395 0.1281380 0.1541624 0.1091915 0.1044805 0.1128748 0.0368133 0.0000000 0.0421328 0.0421563 0.4384402 0.4215736 0.4805420 
Syne_jap   0.1639384 0.1084795 0.1154056 0.1270477 0.1099385 0.1029090 0.1044166 0.1094334 0.1315887 0.1553074 0.1196079 0.2434664 0.1052992 0.1133718 0.1733403 0.2904596 0.2007420 0.1068216 0.0970791 0.1110638 0.2206435 0.2301850 0.2414878 0.1431668 0.1591513 0.1243137 0.1498156 0.1037526 0.1124448 0.1181757 0.0327791 0.0421328 0.0000000 0.0170299 0.4362003 0.4227371 0.4782202 
Syne_umb   0.1666877 0.1100393 0.1190221 0.1309630 0.1137300 0.1060311 0.1079318 0.1132610 0.1374210 0.1608635 0.1236591 0.2440196 0.1098442 0.1172142 0.1784474 0.2957558 0.1969020 0.1086612 0.1038273 0.1146242 0.2211571 0.2343041 0.2431155 0.1464485 0.1626515 0.1276692 0.1548574 0.1098343 0.1134941 0.1218913 0.0336101 0.0421563 0.0170299 0.0000000 0.4410623 0.4255417 0.4793743 
Nasoniav   0.4445899 0.4375771 0.4525466 0.4658523 0.4466542 0.4239386 0.4290325 0.4348669 0.4662508 0.4372625 0.4512537 0.4685428 0.4369895 0.4451457 0.4483379 0.5364177 0.4438045 0.4173903 0.4108503 0.4309918 0.4740341 0.4920426 0.4895381 0.4322044 0.4278975 0.4846767 0.4318110 0.3871442 0.4018003 0.4412929 0.4480991 0.4384402 0.4362003 0.4410623 0.0000000 0.4575884 0.4991366 
Orussusa   0.4279339 0.4183445 0.4302600 0.4431396 0.4256490 0.4020824 0.4053785 0.4146099 0.4807327 0.4113373 0.4311838 0.4142688 0.4173026 0.4291859 0.4269695 0.5162374 0.4087346 0.4017578 0.3882111 0.4154698 0.4520036 0.4695621 0.4702913 0.4040342 0.4103121 0.4584490 0.4104561 0.3727181 0.3923088 0.4224135 0.4302657 0.4215736 0.4227371 0.4255417 0.4575884 0.0000000 0.4671493 
Micropld   0.4860987 0.4801748 0.4964572 0.5076006 0.4902940 0.4667351 0.4719629 0.4731242 0.5131714 0.4702502 0.4935727 0.4826697 0.4806408 0.4906157 0.4891195 0.5458371 0.4985473 0.4653086 0.4398327 0.4794883 0.5073924 0.5154689 0.5196705 0.4726179 0.4758871 0.5283741 0.4659138 0.4428163 0.4679435 0.4818844 0.4890449 0.4805420 0.4782202 0.4793743 0.4991366 0.4671493 0.0000000 
