37
Allox_ar   0.0000000 0.1798190 0.2083027 0.2031321 0.1895599 0.1915208 0.1866976 0.1971107 0.2125207 0.1705147 0.1995736 0.2747867 0.1958105 0.1958091 0.2177780 0.3016702 0.1902549 0.2002898 0.2051341 0.1950303 0.2195565 0.2168931 0.2297109 0.1586624 0.1926617 0.1936372 0.1358761 0.2022193 0.2068004 0.2028767 0.1985045 0.1991808 0.2041138 0.2044576 0.3735515 0.3498003 0.3639454 
Andr_cur   0.1798190 0.0000000 0.0486523 0.0529395 0.0349430 0.1140487 0.1103308 0.0535182 0.0606524 0.1908784 0.0831115 0.2589320 0.0991249 0.1026944 0.2063434 0.2752776 0.1951627 0.1215949 0.1161887 0.1163536 0.2411994 0.2399985 0.2528644 0.1667238 0.1727585 0.1074275 0.1846276 0.1160550 0.0963753 0.1211474 0.1200732 0.1199977 0.1252558 0.1278188 0.3707668 0.3419606 0.3614250 
Andr_gro   0.2083027 0.0486523 0.0000000 0.0676874 0.0496142 0.1289698 0.1240649 0.0659806 0.0549749 0.2067088 0.1092107 0.2673690 0.1138323 0.1254014 0.2149726 0.2931234 0.2476793 0.1448791 0.1290167 0.1384504 0.2716674 0.2714901 0.2791090 0.1821034 0.1897337 0.1224662 0.1997925 0.1367429 0.1068811 0.1434866 0.1436170 0.1448266 0.1495897 0.1513000 0.4041784 0.3763053 0.3894861 
Andr_qln   0.2031321 0.0529395 0.0676874 0.0000000 0.0684032 0.1344249 0.1232100 0.0552699 0.0582584 0.1974697 0.0974711 0.2525012 0.1066396 0.1176961 0.2074999 0.2810072 0.2287574 0.1413443 0.1256278 0.1294831 0.2636852 0.2595835 0.2693606 0.1699727 0.1752496 0.1233595 0.1936440 0.1401250 0.1016834 0.1339879 0.1347665 0.1334792 0.1392915 0.1406289 0.3895207 0.3642401 0.3857622 
Andr_qrm   0.1895599 0.0349430 0.0496142 0.0684032 0.0000000 0.1227037 0.1257856 0.0587896 0.0545215 0.2076739 0.0952094 0.2684850 0.1143368 0.1163928 0.2210821 0.2914340 0.2275863 0.1372764 0.1184517 0.1313030 0.2510442 0.2466971 0.2642065 0.1793807 0.1857479 0.1160829 0.1846273 0.1205392 0.1062595 0.1375055 0.1372198 0.1393891 0.1426544 0.1455061 0.3847491 0.3465770 0.3565791 
Aula_tav   0.1915208 0.1140487 0.1289698 0.1344249 0.1227037 0.0000000 0.0509990 0.1178694 0.1309065 0.1772572 0.1345616 0.2642130 0.1239600 0.1244749 0.1838886 0.2905107 0.2163577 0.0603227 0.1242815 0.0445808 0.2356085 0.2505554 0.2468960 0.1539627 0.1818025 0.1185493 0.1802576 0.1088773 0.1186560 0.1156421 0.1161770 0.1130400 0.1328918 0.1178626 0.3685870 0.3364320 0.3585446 
Aylax_hy   0.1866976 0.1103308 0.1240649 0.1232100 0.1257856 0.0509990 0.0000000 0.1195741 0.1267479 0.1720273 0.1307211 0.2456054 0.1118407 0.1192336 0.1874452 0.2699871 0.2124541 0.0594687 0.1228897 0.0524889 0.2358026 0.2482039 0.2413593 0.1453570 0.1700554 0.1162722 0.1842978 0.1212130 0.1147811 0.1152841 0.1173744 0.1141686 0.1294670 0.1203839 0.3601482 0.3352944 0.3612824 
Beloc_tr   0.1971107 0.0535182 0.0659806 0.0552699 0.0587896 0.1178694 0.1195741 0.0000000 0.0729315 0.1872459 0.1054544 0.2625248 0.1213773 0.1267407 0.2033487 0.2927954 0.2060017 0.1241232 0.1459574 0.1193490 0.2395124 0.2548274 0.2493460 0.1651734 0.1924487 0.1320228 0.2038860 0.1445897 0.1181213 0.1243646 0.1302497 0.1248027 0.1459752 0.1304809 0.3676976 0.3403961 0.3524988 
Bior_pal   0.2125207 0.0606524 0.0549749 0.0582584 0.0545215 0.1309065 0.1267479 0.0729315 0.0000000 0.2046091 0.1130181 0.2615594 0.1150930 0.1343714 0.2242898 0.2532636 0.2058197 0.1595484 0.1340696 0.1486398 0.2701955 0.2638366 0.2792357 0.1882444 0.1900713 0.1386357 0.1968061 0.1173952 0.0917417 0.1598997 0.1497372 0.1559732 0.1596629 0.1646200 0.3722388 0.3574005 0.3730559 
Callas_no  0.1705147 0.1908784 0.2067088 0.1974697 0.2076739 0.1772572 0.1720273 0.1872459 0.2046091 0.0000000 0.2094834 0.2589971 0.1876021 0.1978210 0.1886081 0.2964777 0.1838914 0.1893506 0.2059946 0.1773145 0.2095500 0.2204921 0.2176905 0.1282200 0.1801300 0.2003752 0.1565391 0.2133919 0.1948736 0.1864769 0.1881439 0.1817659 0.2055529 0.1883539 0.3675079 0.3449058 0.3712246 
Calli_sp   0.1995736 0.0831115 0.1092107 0.0974711 0.0952094 0.1345616 0.1307211 0.1054544 0.1130181 0.2094834 0.0000000 0.2680623 0.1123212 0.1161394 0.2166978 0.3030379 0.2213005 0.1433483 0.1385489 0.1288621 0.2598628 0.2551139 0.2729216 0.1792897 0.1820669 0.1289736 0.2002101 0.1385708 0.1082228 0.1342102 0.1305857 0.1332849 0.1327993 0.1398469 0.3971273 0.3632724 0.3779462 
Cecin_ib   0.2747867 0.2589320 0.2673690 0.2525012 0.2684850 0.2642130 0.2456054 0.2625248 0.2615594 0.2589971 0.2680623 0.0000000 0.2484139 0.2530448 0.2559084 0.3450918 0.2678982 0.2748552 0.2616515 0.2521857 0.3200275 0.3047448 0.3207361 0.2351533 0.2315596 0.2713765 0.2655330 0.2810396 0.2580141 0.2635231 0.2557632 0.2600594 0.2639646 0.2631097 0.3773643 0.3428710 0.3607490 
Cerop_ma   0.1958105 0.0991249 0.1138323 0.1066396 0.1143368 0.1239600 0.1118407 0.1213773 0.1150930 0.1876021 0.1123212 0.2484139 0.0000000 0.1051066 0.1973462 0.2828044 0.2275867 0.1321850 0.1142521 0.1186288 0.2572141 0.2497067 0.2643755 0.1610604 0.1661130 0.1090799 0.1824147 0.1340576 0.1018925 0.1239317 0.1209492 0.1230879 0.1263313 0.1290375 0.3898085 0.3621317 0.3904826 
Diast_ki   0.1958091 0.1026944 0.1254014 0.1176961 0.1163928 0.1244749 0.1192336 0.1267407 0.1343714 0.1978210 0.1161394 0.2530448 0.1051066 0.0000000 0.2094208 0.2917017 0.2231920 0.1331716 0.1249923 0.1176849 0.2569684 0.2472930 0.2700754 0.1685071 0.1785623 0.0667967 0.1876875 0.1307009 0.1087790 0.1244989 0.1227886 0.1257880 0.1293640 0.1306581 0.3951024 0.3532094 0.3784413 
Dipl_spi   0.2177780 0.2063434 0.2149726 0.2074999 0.2210821 0.1838886 0.1874452 0.2033487 0.2242898 0.1886081 0.2166978 0.2559084 0.1973462 0.2094208 0.0000000 0.3050090 0.2359426 0.2012375 0.2152687 0.1861336 0.2593787 0.2660744 0.2636232 0.1610507 0.1518084 0.2113075 0.1992054 0.2222972 0.1964187 0.1989242 0.2004718 0.1953808 0.2180651 0.2039278 0.3697607 0.3427562 0.3701788 
Escha_ac   0.3016702 0.2752776 0.2931234 0.2810072 0.2914340 0.2905107 0.2699871 0.2927954 0.2532636 0.2964777 0.3030379 0.3450918 0.2828044 0.2917017 0.3050090 0.0000000 0.2907273 0.2937566 0.2835039 0.2863326 0.3410538 0.3361832 0.3441644 0.2759164 0.2720703 0.2924221 0.3038930 0.2860212 0.2807644 0.2920963 0.2888506 0.2939209 0.2954340 0.2987842 0.4447838 0.4232556 0.4457016 
Gana_sp1   0.1902549 0.1951627 0.2476793 0.2287574 0.2275863 0.2163577 0.2124541 0.2060017 0.2058197 0.1838914 0.2213005 0.2678982 0.2275867 0.2231920 0.2359426 0.2907273 0.0000000 0.2208573 0.2460484 0.2089017 0.1459894 0.1463153 0.1500427 0.1816532 0.2148391 0.2367365 0.2020280 0.2307553 0.2425057 0.2185202 0.2195128 0.2151902 0.2286627 0.2202508 0.3587892 0.3284087 0.3606244 
Hedic_le   0.2002898 0.1215949 0.1448791 0.1413443 0.1372764 0.0603227 0.0594687 0.1241232 0.1595484 0.1893506 0.1433483 0.2748552 0.1321850 0.1331716 0.2012375 0.2937566 0.2208573 0.0000000 0.1391862 0.0620047 0.2421969 0.2551956 0.2537506 0.1625955 0.1909588 0.1323121 0.2030860 0.1313243 0.1403179 0.1237829 0.1248171 0.1207675 0.1413451 0.1272395 0.3698806 0.3351105 0.3616776 
Irae_his   0.2051341 0.1161887 0.1290167 0.1256278 0.1184517 0.1242815 0.1228897 0.1459574 0.1340696 0.2059946 0.1385489 0.2616515 0.1142521 0.1249923 0.2152687 0.2835039 0.2460484 0.1391862 0.0000000 0.1378795 0.2743291 0.2638715 0.2810087 0.1810767 0.1856681 0.1133755 0.1824991 0.1202191 0.0987409 0.1424474 0.1449678 0.1468985 0.1485313 0.1532911 0.4097552 0.3804168 0.4179470 
Isoc_cen   0.1950303 0.1163536 0.1384504 0.1294831 0.1313030 0.0445808 0.0524889 0.1193490 0.1486398 0.1773145 0.1288621 0.2521857 0.1186288 0.1176849 0.1861336 0.2863326 0.2089017 0.0620047 0.1378795 0.0000000 0.2334062 0.2441893 0.2440484 0.1465049 0.1781648 0.1223675 0.1888104 0.1269739 0.1265483 0.1092032 0.1116725 0.1074714 0.1278393 0.1138131 0.3570358 0.3314562 0.3547237 
Lepto_bo   0.2195565 0.2411994 0.2716674 0.2636852 0.2510442 0.2356085 0.2358026 0.2395124 0.2701955 0.2095500 0.2598628 0.3200275 0.2572141 0.2569684 0.2593787 0.3410538 0.1459894 0.2421969 0.2743291 0.2334062 0.0000000 0.0928573 0.0959162 0.2056321 0.2515984 0.2587628 0.2269106 0.2735323 0.2695772 0.2479080 0.2440548 0.2366518 0.2620148 0.2445348 0.3892047 0.3528421 0.3780795 
Lepto_cl   0.2168931 0.2399985 0.2714901 0.2595835 0.2466971 0.2505554 0.2482039 0.2548274 0.2638366 0.2204921 0.2551139 0.3047448 0.2497067 0.2472930 0.2660744 0.3361832 0.1463153 0.2551956 0.2638715 0.2441893 0.0928573 0.0000000 0.0819625 0.2140756 0.2432105 0.2513317 0.2172616 0.2635609 0.2623671 0.2554187 0.2483609 0.2445480 0.2536375 0.2517716 0.3939097 0.3623017 0.3835150 
Lepto_he   0.2297109 0.2528644 0.2791090 0.2693606 0.2642065 0.2468960 0.2413593 0.2493460 0.2792357 0.2176905 0.2729216 0.3207361 0.2643755 0.2700754 0.2636232 0.3441644 0.1500427 0.2537506 0.2810087 0.2440484 0.0959162 0.0819625 0.0000000 0.2138928 0.2575034 0.2656459 0.2341082 0.2808843 0.2698166 0.2581207 0.2549478 0.2483140 0.2732968 0.2546463 0.3898508 0.3651657 0.3850123 
Parn_nig   0.1586624 0.1667238 0.1821034 0.1699727 0.1793807 0.1539627 0.1453570 0.1651734 0.1882444 0.1282200 0.1792897 0.2351533 0.1610604 0.1685071 0.1610507 0.2759164 0.1816532 0.1625955 0.1810767 0.1465049 0.2056321 0.2140756 0.2138928 0.0000000 0.1490769 0.1725426 0.1426987 0.1864905 0.1675692 0.1575032 0.1630641 0.1587988 0.1799517 0.1644207 0.3490437 0.3301175 0.3537598 
Pedia_ac   0.1926617 0.1727585 0.1897337 0.1752496 0.1857479 0.1818025 0.1700554 0.1924487 0.1900713 0.1801300 0.1820669 0.2315596 0.1661130 0.1785623 0.1518084 0.2720703 0.2148391 0.1909588 0.1856681 0.1781648 0.2515984 0.2432105 0.2575034 0.1490769 0.0000000 0.1809271 0.1814787 0.1868473 0.1695181 0.1847036 0.1812679 0.1839410 0.1869260 0.1897486 0.3726333 0.3489231 0.3775321 
Peric_JH   0.1936372 0.1074275 0.1224662 0.1233595 0.1160829 0.1185493 0.1162722 0.1320228 0.1386357 0.2003752 0.1289736 0.2713765 0.1090799 0.0667967 0.2113075 0.2924221 0.2367365 0.1323121 0.1133755 0.1223675 0.2587628 0.2513317 0.2656459 0.1725426 0.1809271 0.0000000 0.1849704 0.1301572 0.1127226 0.1334641 0.1263187 0.1290625 0.1324266 0.1345031 0.3884976 0.3552559 0.3904025 
Phaen_vi   0.1358761 0.1846276 0.1997925 0.1936440 0.1846273 0.1802576 0.1842978 0.2038860 0.1968061 0.1565391 0.2002101 0.2655330 0.1824147 0.1876875 0.1992054 0.3038930 0.2020280 0.2030860 0.1824991 0.1888104 0.2269106 0.2172616 0.2341082 0.1426987 0.1814787 0.1849704 0.0000000 0.1904045 0.1801716 0.1988246 0.1924698 0.1934125 0.1986281 0.2004561 0.3988534 0.3628140 0.3925308 
Phana_JH   0.2022193 0.1160550 0.1367429 0.1401250 0.1205392 0.1088773 0.1212130 0.1445897 0.1173952 0.2133919 0.1385708 0.2810396 0.1340576 0.1307009 0.2222972 0.2860212 0.2307553 0.1313243 0.1202191 0.1269739 0.2735323 0.2635609 0.2808843 0.1864905 0.1868473 0.1301572 0.1904045 0.0000000 0.1253403 0.1393619 0.1374498 0.1422318 0.1454545 0.1503952 0.3909978 0.3710144 0.3915363 
Prot_spe   0.2068004 0.0963753 0.1068811 0.1016834 0.1062595 0.1186560 0.1147811 0.1181213 0.0917417 0.1948736 0.1082228 0.2580141 0.1018925 0.1087790 0.1964187 0.2807644 0.2425057 0.1403179 0.0987409 0.1265483 0.2695772 0.2623671 0.2698166 0.1675692 0.1695181 0.1127226 0.1801716 0.1253403 0.0000000 0.1295813 0.1299857 0.1331952 0.1356584 0.1384673 0.4041590 0.3858114 0.4124883 
Qwaq_sco   0.2028767 0.1211474 0.1434866 0.1339879 0.1375055 0.1156421 0.1152841 0.1243646 0.1598997 0.1864769 0.1342102 0.2635231 0.1239317 0.1244989 0.1989242 0.2920963 0.2185202 0.1237829 0.1424474 0.1092032 0.2479080 0.2554187 0.2581207 0.1575032 0.1847036 0.1334641 0.1988246 0.1393619 0.1295813 0.0000000 0.1178531 0.1140125 0.1303787 0.1200032 0.3806621 0.3467567 0.3669006 
Syne_gif   0.1985045 0.1200732 0.1436170 0.1347665 0.1372198 0.1161770 0.1173744 0.1302497 0.1497372 0.1881439 0.1305857 0.2557632 0.1209492 0.1227886 0.2004718 0.2888506 0.2195128 0.1248171 0.1449678 0.1116725 0.2440548 0.2483609 0.2549478 0.1630641 0.1812679 0.1263187 0.1924698 0.1374498 0.1299857 0.1178531 0.0000000 0.0264223 0.0366650 0.0302667 0.3732738 0.3434383 0.3663518 
Syne_ito   0.1991808 0.1199977 0.1448266 0.1334792 0.1393891 0.1130400 0.1141686 0.1248027 0.1559732 0.1817659 0.1332849 0.2600594 0.1230879 0.1257880 0.1953808 0.2939209 0.2151902 0.1207675 0.1468985 0.1074714 0.2366518 0.2445480 0.2483140 0.1587988 0.1839410 0.1290625 0.1934125 0.1422318 0.1331952 0.1140125 0.0264223 0.0000000 0.0414888 0.0307566 0.3722521 0.3408623 0.3624563 
Syne_jap   0.2041138 0.1252558 0.1495897 0.1392915 0.1426544 0.1328918 0.1294670 0.1459752 0.1596629 0.2055529 0.1327993 0.2639646 0.1263313 0.1293640 0.2180651 0.2954340 0.2286627 0.1413451 0.1485313 0.1278393 0.2620148 0.2536375 0.2732968 0.1799517 0.1869260 0.1324266 0.1986281 0.1454545 0.1356584 0.1303787 0.0366650 0.0414888 0.0000000 0.0212371 0.3893833 0.3576587 0.3801684 
Syne_umb   0.2044576 0.1278188 0.1513000 0.1406289 0.1455061 0.1178626 0.1203839 0.1304809 0.1646200 0.1883539 0.1398469 0.2631097 0.1290375 0.1306581 0.2039278 0.2987842 0.2202508 0.1272395 0.1532911 0.1138131 0.2445348 0.2517716 0.2546463 0.1644207 0.1897486 0.1345031 0.2004561 0.1503952 0.1384673 0.1200032 0.0302667 0.0307566 0.0212371 0.0000000 0.3787847 0.3464824 0.3655068 
Nasoniav   0.3735515 0.3707668 0.4041784 0.3895207 0.3847491 0.3685870 0.3601482 0.3676976 0.3722388 0.3675079 0.3971273 0.3773643 0.3898085 0.3951024 0.3697607 0.4447838 0.3587892 0.3698806 0.4097552 0.3570358 0.3892047 0.3939097 0.3898508 0.3490437 0.3726333 0.3884976 0.3988534 0.3909978 0.4041590 0.3806621 0.3732738 0.3722521 0.3893833 0.3787847 0.0000000 0.3503554 0.3699241 
Orussusa   0.3498003 0.3419606 0.3763053 0.3642401 0.3465770 0.3364320 0.3352944 0.3403961 0.3574005 0.3449058 0.3632724 0.3428710 0.3621317 0.3532094 0.3427562 0.4232556 0.3284087 0.3351105 0.3804168 0.3314562 0.3528421 0.3623017 0.3651657 0.3301175 0.3489231 0.3552559 0.3628140 0.3710144 0.3858114 0.3467567 0.3434383 0.3408623 0.3576587 0.3464824 0.3503554 0.0000000 0.3368681 
Micropld   0.3639454 0.3614250 0.3894861 0.3857622 0.3565791 0.3585446 0.3612824 0.3524988 0.3730559 0.3712246 0.3779462 0.3607490 0.3904826 0.3784413 0.3701788 0.4457016 0.3606244 0.3616776 0.4179470 0.3547237 0.3780795 0.3835150 0.3850123 0.3537598 0.3775321 0.3904025 0.3925308 0.3915363 0.4124883 0.3669006 0.3663518 0.3624563 0.3801684 0.3655068 0.3699241 0.3368681 0.0000000 
