37
Allox_ar   0.0000000 0.2038393 0.2057832 0.2375329 0.1976333 0.1825588 0.1885535 0.2013101 0.2016486 0.1577293 0.2129086 0.3080978 0.1981061 0.2053798 0.2127442 0.3743790 0.2255302 0.1888520 0.1976071 0.1830197 0.2600625 0.2515905 0.2672596 0.1661644 0.2023964 0.2030760 0.1362136 0.2203628 0.2121259 0.1964211 0.2087130 0.2036803 0.2139198 0.2111141 0.5612138 0.5054337 0.6182120 
Andr_cur   0.2038393 0.0000000 0.0574427 0.0778280 0.0401654 0.1230780 0.1198246 0.0588019 0.0695133 0.1870572 0.1002043 0.2975792 0.1136132 0.1194593 0.2101432 0.3655530 0.2538784 0.1260819 0.1205771 0.1250274 0.2772799 0.2729847 0.2857372 0.1734927 0.1879285 0.1221096 0.1939699 0.1484080 0.1068619 0.1338866 0.1394445 0.1333468 0.1466687 0.1432393 0.5619311 0.5070249 0.6244589 
Andr_gro   0.2057832 0.0574427 0.0000000 0.0945144 0.0681683 0.1294334 0.1342393 0.0714263 0.0545395 0.1891246 0.1097757 0.3159407 0.1253863 0.1298749 0.2206494 0.3954139 0.2646527 0.1394670 0.1142606 0.1308459 0.2946558 0.2931574 0.3069248 0.1932494 0.2056030 0.1299381 0.1993234 0.1683646 0.1140257 0.1398138 0.1554174 0.1486722 0.1619301 0.1590414 0.5914937 0.5361160 0.6619231 
Andr_qln   0.2375329 0.0778280 0.0945144 0.0000000 0.0823152 0.1576467 0.1505609 0.0723973 0.0980825 0.2283620 0.1271576 0.3367278 0.1441960 0.1510107 0.2433892 0.4115603 0.2812397 0.1586912 0.1540130 0.1588687 0.3096155 0.3039132 0.3189760 0.2016261 0.2172009 0.1595417 0.2284907 0.1743368 0.1373895 0.1665561 0.1702233 0.1628832 0.1738339 0.1715076 0.6268607 0.5621133 0.6836216 
Andr_qrm   0.1976333 0.0401654 0.0681683 0.0823152 0.0000000 0.1248347 0.1156000 0.0617108 0.0773295 0.1811942 0.0946639 0.2894233 0.1120927 0.1176874 0.2072949 0.3550981 0.2582639 0.1229713 0.1246611 0.1254195 0.2700563 0.2586404 0.2722835 0.1676009 0.1834447 0.1248563 0.1904711 0.1456248 0.1102203 0.1340295 0.1376815 0.1330289 0.1428512 0.1389742 0.5445729 0.4999735 0.6147400 
Aula_tav   0.1825588 0.1230780 0.1294334 0.1576467 0.1248347 0.0000000 0.0566969 0.1250726 0.1268088 0.1692444 0.1392589 0.2875586 0.1233781 0.1249665 0.1912644 0.3627913 0.2344594 0.0646592 0.1140537 0.0446777 0.2649720 0.2597948 0.2749482 0.1594792 0.1760923 0.1255216 0.1683961 0.1340160 0.1282562 0.1227975 0.1344401 0.1292325 0.1417212 0.1384793 0.5440010 0.4900178 0.6053719 
Aylax_hy   0.1885535 0.1198246 0.1342393 0.1505609 0.1156000 0.0566969 0.0000000 0.1161272 0.1304038 0.1680968 0.1311954 0.2724203 0.1153085 0.1165527 0.1887273 0.3472513 0.2328280 0.0546639 0.1215115 0.0570174 0.2539616 0.2470367 0.2621686 0.1486567 0.1644599 0.1220363 0.1748201 0.1250917 0.1192419 0.1205606 0.1240370 0.1194288 0.1297233 0.1268258 0.5243183 0.4763303 0.5898384 
Beloc_tr   0.2013101 0.0588019 0.0714263 0.0723973 0.0617108 0.1250726 0.1161272 0.0000000 0.0571998 0.1821235 0.1036075 0.2874120 0.1117353 0.1173916 0.2050050 0.3607071 0.2353470 0.1224750 0.1223859 0.1265680 0.2682084 0.2621884 0.2778773 0.1698664 0.1801227 0.1236913 0.1878417 0.1435200 0.1044970 0.1375631 0.1353769 0.1292060 0.1412775 0.1382581 0.5372163 0.4769557 0.5940347 
Bior_pal   0.2016486 0.0695133 0.0545395 0.0980825 0.0773295 0.1268088 0.1304038 0.0571998 0.0000000 0.1884317 0.1197079 0.3044558 0.1268944 0.1361900 0.2144343 0.3913082 0.2619124 0.1381674 0.1028966 0.1247157 0.2932679 0.2870424 0.3021937 0.2002674 0.2068310 0.1311636 0.1771813 0.1565303 0.1049317 0.1343784 0.1537208 0.1448938 0.1587231 0.1557305 0.6090879 0.5482946 0.7093288 
Callas_no  0.1577293 0.1870572 0.1891246 0.2283620 0.1811942 0.1692444 0.1680968 0.1821235 0.1884317 0.0000000 0.1935805 0.2851968 0.1802726 0.1837616 0.1961696 0.3748568 0.2248977 0.1682832 0.1803197 0.1668387 0.2420006 0.2380355 0.2560940 0.1382276 0.1761522 0.1834255 0.1368570 0.1975844 0.1874232 0.1818385 0.1880160 0.1810180 0.1953542 0.1930160 0.5475569 0.4749790 0.6023171 
Calli_sp   0.2129086 0.1002043 0.1097757 0.1271576 0.0946639 0.1392589 0.1311954 0.1036075 0.1197079 0.1935805 0.0000000 0.3059624 0.1270135 0.1305410 0.2213903 0.3778098 0.2471325 0.1376824 0.1329160 0.1384953 0.2808422 0.2782222 0.2907564 0.1812161 0.1970149 0.1405432 0.2028509 0.1693655 0.1212709 0.1491732 0.1514551 0.1453105 0.1585267 0.1558661 0.5624605 0.5074084 0.6231393 
Cecin_ib   0.3080978 0.2975792 0.3159407 0.3367278 0.2894233 0.2875586 0.2724203 0.2874120 0.3044558 0.2851968 0.3059624 0.0000000 0.2792342 0.2900510 0.2939110 0.4706830 0.3449466 0.2770547 0.2987997 0.2833014 0.3774926 0.3609868 0.3744554 0.2700300 0.2735336 0.2912651 0.2916682 0.3107034 0.3007742 0.2923003 0.2979573 0.2908612 0.3023042 0.2986356 0.6005065 0.5020286 0.6522226 
Cerop_ma   0.1981061 0.1136132 0.1253863 0.1441960 0.1120927 0.1233781 0.1153085 0.1117353 0.1268944 0.1802726 0.1270135 0.2792342 0.0000000 0.1129570 0.2002248 0.3653464 0.2410857 0.1199846 0.1171492 0.1240728 0.2626616 0.2613491 0.2716089 0.1664562 0.1758821 0.1165121 0.1890120 0.1421359 0.1131367 0.1329078 0.1306012 0.1247497 0.1376892 0.1335982 0.5341760 0.4866466 0.6008572 
Diast_ki   0.2053798 0.1194593 0.1298749 0.1510107 0.1176874 0.1249665 0.1165527 0.1173916 0.1361900 0.1837616 0.1305410 0.2900510 0.1129570 0.0000000 0.2093633 0.3607456 0.2467124 0.1215500 0.1216486 0.1268034 0.2665826 0.2637530 0.2811443 0.1690029 0.1839634 0.0665623 0.1903583 0.1443051 0.1189706 0.1335636 0.1336444 0.1276474 0.1394499 0.1379364 0.5406494 0.4947342 0.6049809 
Dipl_spi   0.2127442 0.2101432 0.2206494 0.2433892 0.2072949 0.1912644 0.1887273 0.2050050 0.2144343 0.1961696 0.2213903 0.2939110 0.2002248 0.2093633 0.0000000 0.3799067 0.2539466 0.1914052 0.1999100 0.1885630 0.2824663 0.2769553 0.2916447 0.1816203 0.1663362 0.2066299 0.1940050 0.2133104 0.2116035 0.2031234 0.2063194 0.2031200 0.2158445 0.2132587 0.5647163 0.4960934 0.6178175 
Escha_ac   0.3743790 0.3655530 0.3954139 0.4115603 0.3550981 0.3627913 0.3472513 0.3607071 0.3913082 0.3748568 0.3778098 0.4706830 0.3653464 0.3607456 0.3799067 0.0000000 0.3868059 0.3460011 0.3424256 0.3560610 0.4239758 0.4156624 0.4313792 0.3501897 0.3717247 0.3724477 0.3854285 0.3290567 0.3425693 0.3772670 0.3670404 0.3588448 0.3710106 0.3694709 0.6604995 0.6219642 0.7251315 
Gana_sp1   0.2255302 0.2538784 0.2646527 0.2812397 0.2582639 0.2344594 0.2328280 0.2353470 0.2619124 0.2248977 0.2471325 0.3449466 0.2410857 0.2467124 0.2539466 0.3868059 0.0000000 0.2330207 0.2521180 0.2301581 0.2071561 0.2067717 0.2190553 0.2252583 0.2480234 0.2575583 0.2131972 0.2495493 0.2698371 0.2490064 0.2534249 0.2508743 0.2574158 0.2505084 0.5312049 0.5137259 0.5837056 
Hedic_le   0.1888520 0.1260819 0.1394670 0.1586912 0.1229713 0.0646592 0.0546639 0.1224750 0.1381674 0.1682832 0.1376824 0.2770547 0.1199846 0.1215500 0.1914052 0.3460011 0.2330207 0.0000000 0.1269138 0.0663711 0.2554713 0.2518529 0.2685937 0.1568435 0.1691099 0.1257799 0.1775800 0.1283587 0.1249787 0.1277190 0.1299352 0.1252446 0.1382261 0.1346143 0.5248013 0.4711267 0.5830424 
Irae_his   0.1976071 0.1205771 0.1142606 0.1540130 0.1246611 0.1140537 0.1215115 0.1223859 0.1028966 0.1803197 0.1329160 0.2987997 0.1171492 0.1216486 0.1999100 0.3424256 0.2521180 0.1269138 0.0000000 0.1157397 0.2803148 0.2740984 0.2941398 0.1782184 0.1839670 0.1225101 0.1772564 0.1254416 0.0931428 0.1301454 0.1411991 0.1339592 0.1474916 0.1454050 0.5560917 0.4984804 0.6101833 
Isoc_cen   0.1830197 0.1250274 0.1308459 0.1588687 0.1254195 0.0446777 0.0570174 0.1265680 0.1247157 0.1668387 0.1384953 0.2833014 0.1240728 0.1268034 0.1885630 0.3560610 0.2301581 0.0663711 0.1157397 0.0000000 0.2621094 0.2556507 0.2698735 0.1607066 0.1718970 0.1251806 0.1682960 0.1355097 0.1294792 0.1214883 0.1345928 0.1301043 0.1409060 0.1380193 0.5285187 0.4750813 0.5864320 
Lepto_bo   0.2600625 0.2772799 0.2946558 0.3096155 0.2700563 0.2649720 0.2539616 0.2682084 0.2932679 0.2420006 0.2808422 0.3774926 0.2626616 0.2665826 0.2824663 0.4239758 0.2071561 0.2554713 0.2803148 0.2621094 0.0000000 0.1219340 0.1365694 0.2395041 0.2665856 0.2776702 0.2549180 0.2775146 0.2805264 0.2801212 0.2728218 0.2681052 0.2822497 0.2761344 0.5938744 0.5395417 0.6432750 
Lepto_cl   0.2515905 0.2729847 0.2931574 0.3039132 0.2586404 0.2597948 0.2470367 0.2621884 0.2870424 0.2380355 0.2782222 0.3609868 0.2613491 0.2637530 0.2769553 0.4156624 0.2067717 0.2518529 0.2740984 0.2556507 0.1219340 0.0000000 0.1018768 0.2326936 0.2632146 0.2734672 0.2447570 0.2674751 0.2747718 0.2708969 0.2692462 0.2632139 0.2741225 0.2673553 0.5843141 0.5263051 0.6238985 
Lepto_he   0.2672596 0.2857372 0.3069248 0.3189760 0.2722835 0.2749482 0.2621686 0.2778773 0.3021937 0.2560940 0.2907564 0.3744554 0.2716089 0.2811443 0.2916447 0.4313792 0.2190553 0.2685937 0.2941398 0.2698735 0.1365694 0.1018768 0.0000000 0.2489465 0.2812042 0.2843897 0.2657148 0.2848305 0.2918027 0.2839728 0.2814681 0.2780743 0.2874109 0.2824184 0.5925696 0.5391935 0.6414954 
Parn_nig   0.1661644 0.1734927 0.1932494 0.2016261 0.1676009 0.1594792 0.1486567 0.1698664 0.2002674 0.1382276 0.1812161 0.2700300 0.1664562 0.1690029 0.1816203 0.3501897 0.2252583 0.1568435 0.1782184 0.1607066 0.2395041 0.2326936 0.2489465 0.0000000 0.1668003 0.1762075 0.1445350 0.1818198 0.1789200 0.1747032 0.1724460 0.1709774 0.1807697 0.1767530 0.5362841 0.4765680 0.5909635 
Pedia_ac   0.2023964 0.1879285 0.2056030 0.2172009 0.1834447 0.1760923 0.1644599 0.1801227 0.2068310 0.1761522 0.1970149 0.2735336 0.1758821 0.1839634 0.1663362 0.3717247 0.2480234 0.1691099 0.1839670 0.1718970 0.2665856 0.2632146 0.2812042 0.1668003 0.0000000 0.1895637 0.1867625 0.1839161 0.1840502 0.1886367 0.1876306 0.1813744 0.1939389 0.1897776 0.5336560 0.4820697 0.6002747 
Peric_JH   0.2030760 0.1221096 0.1299381 0.1595417 0.1248563 0.1255216 0.1220363 0.1236913 0.1311636 0.1834255 0.1405432 0.2912651 0.1165121 0.0665623 0.2066299 0.3724477 0.2575583 0.1257799 0.1225101 0.1251806 0.2776702 0.2734672 0.2843897 0.1762075 0.1895637 0.0000000 0.1915895 0.1534323 0.1270511 0.1360850 0.1386944 0.1333876 0.1464569 0.1421865 0.5543781 0.4975533 0.6163279 
Phaen_vi   0.1362136 0.1939699 0.1993234 0.2284907 0.1904711 0.1683961 0.1748201 0.1878417 0.1771813 0.1368570 0.2028509 0.2916682 0.1890120 0.1903583 0.1940050 0.3854285 0.2131972 0.1775800 0.1772564 0.1682960 0.2549180 0.2447570 0.2657148 0.1445350 0.1867625 0.1915895 0.0000000 0.2022168 0.1995201 0.1846196 0.1973593 0.1922399 0.2027193 0.1996571 0.5751357 0.4979553 0.6203120 
Phana_JH   0.2203628 0.1484080 0.1683646 0.1743368 0.1456248 0.1340160 0.1250917 0.1435200 0.1565303 0.1975844 0.1693655 0.3107034 0.1421359 0.1443051 0.2133104 0.3290567 0.2495493 0.1283587 0.1254416 0.1355097 0.2775146 0.2674751 0.2848305 0.1818198 0.1839161 0.1534323 0.2022168 0.0000000 0.1206797 0.1564644 0.1511372 0.1484689 0.1603822 0.1571953 0.5436704 0.5001740 0.5901344 
Prot_spe   0.2121259 0.1068619 0.1140257 0.1373895 0.1102203 0.1282562 0.1192419 0.1044970 0.1049317 0.1874232 0.1212709 0.3007742 0.1131367 0.1189706 0.2116035 0.3425693 0.2698371 0.1249787 0.0931428 0.1294792 0.2805264 0.2747718 0.2918027 0.1789200 0.1840502 0.1270511 0.1995201 0.1206797 0.0000000 0.1380755 0.1381998 0.1310391 0.1432255 0.1420027 0.5643609 0.5079750 0.6200698 
Qwaq_sco   0.1964211 0.1338866 0.1398138 0.1665561 0.1340295 0.1227975 0.1205606 0.1375631 0.1343784 0.1818385 0.1491732 0.2923003 0.1329078 0.1335636 0.2031234 0.3772670 0.2490064 0.1277190 0.1301454 0.1214883 0.2801212 0.2708969 0.2839728 0.1747032 0.1886367 0.1360850 0.1846196 0.1564644 0.1380755 0.0000000 0.1389387 0.1343214 0.1453067 0.1418632 0.5567594 0.5056548 0.6200963 
Syne_gif   0.2087130 0.1394445 0.1554174 0.1702233 0.1376815 0.1344401 0.1240370 0.1353769 0.1537208 0.1880160 0.1514551 0.2979573 0.1306012 0.1336444 0.2063194 0.3670404 0.2534249 0.1299352 0.1411991 0.1345928 0.2728218 0.2692462 0.2814681 0.1724460 0.1876306 0.1386944 0.1973593 0.1511372 0.1381998 0.1389387 0.0000000 0.0310069 0.0371497 0.0345176 0.5395268 0.4896078 0.6060002 
Syne_ito   0.2036803 0.1333468 0.1486722 0.1628832 0.1330289 0.1292325 0.1194288 0.1292060 0.1448938 0.1810180 0.1453105 0.2908612 0.1247497 0.1276474 0.2031200 0.3588448 0.2508743 0.1252446 0.1339592 0.1301043 0.2681052 0.2632139 0.2780743 0.1709774 0.1813744 0.1333876 0.1922399 0.1484689 0.1310391 0.1343214 0.0310069 0.0000000 0.0421957 0.0394098 0.5319763 0.4825709 0.5923268 
Syne_jap   0.2139198 0.1466687 0.1619301 0.1738339 0.1428512 0.1417212 0.1297233 0.1412775 0.1587231 0.1953542 0.1585267 0.3023042 0.1376892 0.1394499 0.2158445 0.3710106 0.2574158 0.1382261 0.1474916 0.1409060 0.2822497 0.2741225 0.2874109 0.1807697 0.1939389 0.1464569 0.2027193 0.1603822 0.1432255 0.1453067 0.0371497 0.0421957 0.0000000 0.0148992 0.5506525 0.4980940 0.6153283 
Syne_umb   0.2111141 0.1432393 0.1590414 0.1715076 0.1389742 0.1384793 0.1268258 0.1382581 0.1557305 0.1930160 0.1558661 0.2986356 0.1335982 0.1379364 0.2132587 0.3694709 0.2505084 0.1346143 0.1454050 0.1380193 0.2761344 0.2673553 0.2824184 0.1767530 0.1897776 0.1421865 0.1996571 0.1571953 0.1420027 0.1418632 0.0345176 0.0394098 0.0148992 0.0000000 0.5414207 0.4947089 0.6096281 
Nasoniav   0.5612138 0.5619311 0.5914937 0.6268607 0.5445729 0.5440010 0.5243183 0.5372163 0.6090879 0.5475569 0.5624605 0.6005065 0.5341760 0.5406494 0.5647163 0.6604995 0.5312049 0.5248013 0.5560917 0.5285187 0.5938744 0.5843141 0.5925696 0.5362841 0.5336560 0.5543781 0.5751357 0.5436704 0.5643609 0.5567594 0.5395268 0.5319763 0.5506525 0.5414207 0.0000000 0.5644829 0.6628163 
Orussusa   0.5054337 0.5070249 0.5361160 0.5621133 0.4999735 0.4900178 0.4763303 0.4769557 0.5482946 0.4749790 0.5074084 0.5020286 0.4866466 0.4947342 0.4960934 0.6219642 0.5137259 0.4711267 0.4984804 0.4750813 0.5395417 0.5263051 0.5391935 0.4765680 0.4820697 0.4975533 0.4979553 0.5001740 0.5079750 0.5056548 0.4896078 0.4825709 0.4980940 0.4947089 0.5644829 0.0000000 0.5785894 
Micropld   0.6182120 0.6244589 0.6619231 0.6836216 0.6147400 0.6053719 0.5898384 0.5940347 0.7093288 0.6023171 0.6231393 0.6522226 0.6008572 0.6049809 0.6178175 0.7251315 0.5837056 0.5830424 0.6101833 0.5864320 0.6432750 0.6238985 0.6414954 0.5909635 0.6002747 0.6163279 0.6203120 0.5901344 0.6200698 0.6200963 0.6060002 0.5923268 0.6153283 0.6096281 0.6628163 0.5785894 0.0000000 
