37
Allox_ar   0.0000000 0.1741690 0.1782532 0.1875824 0.1761866 0.1752466 0.1702856 0.1840948 0.2069345 0.1451195 0.1829520 0.2713686 0.1768055 0.1802365 0.2016755 0.3249916 0.2167228 0.1771577 0.1809080 0.1814466 0.2185838 0.2191701 0.2217952 0.1377567 0.1740302 0.1887794 0.1269633 0.2045928 0.1979551 0.1860113 0.1923545 0.1893286 0.1952920 0.1942948 0.3781910 0.3552525 0.3994501 
Andr_cur   0.1741690 0.0000000 0.0332408 0.0465205 0.0207314 0.1134582 0.1068704 0.0432074 0.0461897 0.1636763 0.0758510 0.2617752 0.0993773 0.1049416 0.1930089 0.3096515 0.2318869 0.1130056 0.1082741 0.1159704 0.2368592 0.2368390 0.2371675 0.1462233 0.1619400 0.1139832 0.1668566 0.1389538 0.0975501 0.1135288 0.1246683 0.1208549 0.1277939 0.1285529 0.3647190 0.3447363 0.3979085 
Andr_gro   0.1782532 0.0332408 0.0000000 0.0551103 0.0338818 0.1162911 0.1145161 0.0513563 0.0489916 0.1694245 0.0844655 0.2710744 0.1082612 0.1114203 0.1932426 0.3184386 0.2428010 0.1205668 0.1112844 0.1254315 0.2431525 0.2463401 0.2429849 0.1528126 0.1681082 0.1158572 0.1661382 0.1444728 0.0997776 0.1213866 0.1328328 0.1293511 0.1367466 0.1365086 0.3730535 0.3503474 0.4009128 
Andr_qln   0.1875824 0.0465205 0.0551103 0.0000000 0.0510856 0.1300587 0.1236399 0.0424650 0.0492535 0.1802991 0.0909050 0.2811220 0.1148221 0.1191696 0.2062455 0.3226556 0.2410305 0.1296545 0.1255850 0.1298762 0.2439451 0.2487577 0.2508707 0.1598090 0.1736083 0.1300199 0.1804158 0.1579702 0.1169319 0.1301025 0.1390311 0.1355324 0.1417664 0.1426409 0.3768764 0.3504541 0.4093849 
Andr_qrm   0.1761866 0.0207314 0.0338818 0.0510856 0.0000000 0.1111484 0.1116631 0.0484584 0.0534485 0.1690201 0.0823791 0.2715732 0.1011110 0.1067883 0.1946164 0.3188294 0.2395644 0.1181371 0.1066951 0.1209543 0.2389546 0.2396565 0.2392250 0.1495705 0.1677338 0.1122581 0.1603401 0.1351529 0.0966622 0.1174827 0.1271384 0.1245378 0.1315386 0.1311420 0.3718968 0.3470732 0.4002968 
Aula_tav   0.1752466 0.1134582 0.1162911 0.1300587 0.1111484 0.0000000 0.0469261 0.1245096 0.1321488 0.1623569 0.1268286 0.2617171 0.1138932 0.1169078 0.1817163 0.3147388 0.2293105 0.0566929 0.1035288 0.0459171 0.2386521 0.2397376 0.2405217 0.1425648 0.1625897 0.1181703 0.1569398 0.1162695 0.1162790 0.1184012 0.1273944 0.1254489 0.1335951 0.1331983 0.3726110 0.3503625 0.3974187 
Aylax_hy   0.1702856 0.1068704 0.1145161 0.1236399 0.1116631 0.0469261 0.0000000 0.1185649 0.1262567 0.1591619 0.1196334 0.2540682 0.1078835 0.1119235 0.1829359 0.3069706 0.2220785 0.0496563 0.1083731 0.0486300 0.2288018 0.2303742 0.2331995 0.1368155 0.1558165 0.1151648 0.1650884 0.1211336 0.1199684 0.1108679 0.1192255 0.1169815 0.1255511 0.1251347 0.3621399 0.3404156 0.3928454 
Beloc_tr   0.1840948 0.0432074 0.0513563 0.0424650 0.0484584 0.1245096 0.1185649 0.0000000 0.0457292 0.1730698 0.0907608 0.2734961 0.1123164 0.1185125 0.2021422 0.3199363 0.2417735 0.1253518 0.1204030 0.1283239 0.2412546 0.2444135 0.2441547 0.1565489 0.1717537 0.1262385 0.1767537 0.1499304 0.1117743 0.1267541 0.1345774 0.1320756 0.1386799 0.1391662 0.3699545 0.3493924 0.3992555 
Bior_pal   0.2069345 0.0461897 0.0489916 0.0492535 0.0534485 0.1321488 0.1262567 0.0457292 0.0000000 0.1967592 0.1013394 0.3197938 0.1180644 0.1299915 0.2182008 0.3306580 0.2371061 0.1385328 0.1117742 0.1342553 0.2629961 0.2762581 0.2806064 0.1749892 0.1856236 0.1391840 0.1893019 0.1541211 0.1076015 0.1354073 0.1539568 0.1469341 0.1553875 0.1552089 0.4141858 0.3762273 0.4352373 
Callas_no  0.1451195 0.1636763 0.1694245 0.1802991 0.1690201 0.1623569 0.1591619 0.1730698 0.1967592 0.0000000 0.1761452 0.2529971 0.1654464 0.1711769 0.1853479 0.3157436 0.2050616 0.1646361 0.1658247 0.1677855 0.2072674 0.2095280 0.2118509 0.1199341 0.1607005 0.1764214 0.1399095 0.1944224 0.1865005 0.1741958 0.1808014 0.1751964 0.1833625 0.1842426 0.3798436 0.3482795 0.3980555 
Calli_sp   0.1829520 0.0758510 0.0844655 0.0909050 0.0823791 0.1268286 0.1196334 0.0907608 0.1013394 0.1761452 0.0000000 0.2695502 0.1123999 0.1153827 0.1994508 0.3118888 0.2393200 0.1261278 0.1206769 0.1278769 0.2407317 0.2448271 0.2465322 0.1558157 0.1717226 0.1222557 0.1767802 0.1530123 0.1115970 0.1263978 0.1369436 0.1312000 0.1404844 0.1396785 0.3705375 0.3460835 0.4031916 
Cecin_ib   0.2713686 0.2617752 0.2710744 0.2811220 0.2715732 0.2617171 0.2540682 0.2734961 0.3197938 0.2529971 0.2695502 0.0000000 0.2614050 0.2662859 0.2708627 0.4244136 0.3244844 0.2578952 0.2590146 0.2580625 0.3342610 0.3304286 0.3360032 0.2406941 0.2467216 0.2730242 0.2698797 0.2930098 0.3003877 0.2700672 0.2744863 0.2733409 0.2810183 0.2806706 0.4118014 0.3724340 0.4351431 
Cerop_ma   0.1768055 0.0993773 0.1082612 0.1148221 0.1011110 0.1138932 0.1078835 0.1123164 0.1180644 0.1654464 0.1123999 0.2614050 0.0000000 0.1045599 0.1949068 0.3218558 0.2338030 0.1129143 0.1076582 0.1159366 0.2395976 0.2378459 0.2372746 0.1479875 0.1670717 0.1123891 0.1750296 0.1425119 0.1140866 0.1175676 0.1233307 0.1194296 0.1289210 0.1284977 0.3702967 0.3470690 0.4015844 
Diast_ki   0.1802365 0.1049416 0.1114203 0.1191696 0.1067883 0.1169078 0.1119235 0.1185125 0.1299915 0.1711769 0.1153827 0.2662859 0.1045599 0.0000000 0.1975474 0.3226944 0.2331940 0.1170036 0.1136217 0.1184030 0.2439370 0.2411900 0.2459052 0.1510404 0.1685787 0.0645661 0.1754015 0.1439790 0.1194117 0.1164006 0.1273138 0.1241320 0.1330874 0.1332504 0.3742322 0.3539194 0.3989546 
Dipl_spi   0.2016755 0.1930089 0.1932426 0.2062455 0.1946164 0.1817163 0.1829359 0.2021422 0.2182008 0.1853479 0.1994508 0.2708627 0.1949068 0.1975474 0.0000000 0.3434785 0.2466554 0.1893539 0.1802201 0.1912711 0.2569533 0.2611498 0.2584383 0.1664187 0.1515910 0.1970140 0.1881038 0.2046573 0.2047096 0.1954861 0.2056877 0.2015241 0.2104099 0.2111696 0.3835175 0.3504844 0.4081498 
Escha_ac   0.3249916 0.3096515 0.3184386 0.3226556 0.3188294 0.3147388 0.3069706 0.3199363 0.3306580 0.3157436 0.3118888 0.4244136 0.3218558 0.3226944 0.3434785 0.0000000 0.3505042 0.3086823 0.2745380 0.3074242 0.3712884 0.3700069 0.3610720 0.3022597 0.3194159 0.3265434 0.3337582 0.3059537 0.3205495 0.3184377 0.3179197 0.3105446 0.3204337 0.3201791 0.4978228 0.4800652 0.5156922 
Gana_sp1   0.2167228 0.2318869 0.2428010 0.2410305 0.2395644 0.2293105 0.2220785 0.2417735 0.2371061 0.2050616 0.2393200 0.3244844 0.2338030 0.2331940 0.2466554 0.3505042 0.0000000 0.2308644 0.2338595 0.2311268 0.1702550 0.1749561 0.1747711 0.1976549 0.2315200 0.2433415 0.2159896 0.2831097 0.2791677 0.2375759 0.2423955 0.2355677 0.2404737 0.2402574 0.4180876 0.3925750 0.4412429 
Hedic_le   0.1771577 0.1130056 0.1205668 0.1296545 0.1181371 0.0566929 0.0496563 0.1253518 0.1385328 0.1646361 0.1261278 0.2578952 0.1129143 0.1170036 0.1893539 0.3086823 0.2308644 0.0000000 0.1158170 0.0574407 0.2366395 0.2362829 0.2367870 0.1428618 0.1603004 0.1221438 0.1703110 0.1275314 0.1276565 0.1188274 0.1282755 0.1257050 0.1345799 0.1334558 0.3622572 0.3425041 0.3918816 
Irae_his   0.1809080 0.1082741 0.1112844 0.1255850 0.1066951 0.1035288 0.1083731 0.1204030 0.1117742 0.1658247 0.1206769 0.2590146 0.1076582 0.1136217 0.1802201 0.2745380 0.2338595 0.1158170 0.0000000 0.1195090 0.2449884 0.2393393 0.2409944 0.1490883 0.1718050 0.1139930 0.1623469 0.0995358 0.0805849 0.1225546 0.1340988 0.1304564 0.1404178 0.1401166 0.3855987 0.3439069 0.4034149 
Isoc_cen   0.1814466 0.1159704 0.1254315 0.1298762 0.1209543 0.0459171 0.0486300 0.1283239 0.1342553 0.1677855 0.1278769 0.2580625 0.1159366 0.1184030 0.1912711 0.3074242 0.2311268 0.0574407 0.1195090 0.0000000 0.2366864 0.2417042 0.2396108 0.1461419 0.1668773 0.1244892 0.1745525 0.1313554 0.1330064 0.1214606 0.1291434 0.1279384 0.1345979 0.1339832 0.3657213 0.3428551 0.3912175 
Lepto_bo   0.2185838 0.2368592 0.2431525 0.2439451 0.2389546 0.2386521 0.2288018 0.2412546 0.2629961 0.2072674 0.2407317 0.3342610 0.2395976 0.2439370 0.2569533 0.3712884 0.1702550 0.2366395 0.2449884 0.2366864 0.0000000 0.0885955 0.0940686 0.2003626 0.2331488 0.2523911 0.2167172 0.2732687 0.2744149 0.2434043 0.2458777 0.2425197 0.2456391 0.2474750 0.4171729 0.3878740 0.4338927 
Lepto_cl   0.2191701 0.2368390 0.2463401 0.2487577 0.2396565 0.2397376 0.2303742 0.2444135 0.2762581 0.2095280 0.2448271 0.3304286 0.2378459 0.2411900 0.2611498 0.3700069 0.1749561 0.2362829 0.2393393 0.2417042 0.0885955 0.0000000 0.0803995 0.2023098 0.2370383 0.2518560 0.2200003 0.2701197 0.2713419 0.2423135 0.2501099 0.2444967 0.2508110 0.2519192 0.4141731 0.3816903 0.4164650 
Lepto_he   0.2217952 0.2371675 0.2429849 0.2508707 0.2392250 0.2405217 0.2331995 0.2441547 0.2806064 0.2118509 0.2465322 0.3360032 0.2372746 0.2459052 0.2584383 0.3610720 0.1747711 0.2367870 0.2409944 0.2396108 0.0940686 0.0803995 0.0000000 0.2038499 0.2398288 0.2513975 0.2237179 0.2742036 0.2737269 0.2478864 0.2488167 0.2446838 0.2495196 0.2515816 0.4039996 0.3786167 0.4188157 
Parn_nig   0.1377567 0.1462233 0.1528126 0.1598090 0.1495705 0.1425648 0.1368155 0.1565489 0.1749892 0.1199341 0.1558157 0.2406941 0.1479875 0.1510404 0.1664187 0.3022597 0.1976549 0.1428618 0.1490883 0.1461419 0.2003626 0.2023098 0.2038499 0.0000000 0.1438370 0.1576195 0.1262419 0.1718285 0.1674039 0.1559031 0.1621263 0.1583970 0.1670301 0.1670180 0.3556191 0.3262207 0.3755414 
Pedia_ac   0.1740302 0.1619400 0.1681082 0.1736083 0.1677338 0.1625897 0.1558165 0.1717537 0.1856236 0.1607005 0.1717226 0.2467216 0.1670717 0.1685787 0.1515910 0.3194159 0.2315200 0.1603004 0.1718050 0.1668773 0.2331488 0.2370383 0.2398288 0.1438370 0.0000000 0.1764237 0.1696667 0.1906347 0.1809698 0.1656747 0.1793966 0.1739276 0.1816904 0.1822644 0.3720676 0.3476690 0.4013613 
Peric_JH   0.1887794 0.1139832 0.1158572 0.1300199 0.1122581 0.1181703 0.1151648 0.1262385 0.1391840 0.1764214 0.1222557 0.2730242 0.1123891 0.0645661 0.1970140 0.3265434 0.2433415 0.1221438 0.1139930 0.1244892 0.2523911 0.2518560 0.2513975 0.1576195 0.1764237 0.0000000 0.1801771 0.1441394 0.1258254 0.1270107 0.1337411 0.1313049 0.1384615 0.1374827 0.3815698 0.3602456 0.4118184 
Phaen_vi   0.1269633 0.1668566 0.1661382 0.1804158 0.1603401 0.1569398 0.1650884 0.1767537 0.1893019 0.1399095 0.1767802 0.2698797 0.1750296 0.1754015 0.1881038 0.3337582 0.2159896 0.1703110 0.1623469 0.1745525 0.2167172 0.2200003 0.2237179 0.1262419 0.1696667 0.1801771 0.0000000 0.1892985 0.1810726 0.1825214 0.1922432 0.1870108 0.1948958 0.1951042 0.3914970 0.3633200 0.4081382 
Phana_JH   0.2045928 0.1389538 0.1444728 0.1579702 0.1351529 0.1162695 0.1211336 0.1499304 0.1541211 0.1944224 0.1530123 0.2930098 0.1425119 0.1439790 0.2046573 0.3059537 0.2831097 0.1275314 0.0995358 0.1313554 0.2732687 0.2701197 0.2742036 0.1718285 0.1906347 0.1441394 0.1892985 0.0000000 0.1084391 0.1439291 0.1546561 0.1513600 0.1624792 0.1601971 0.4150481 0.3851481 0.4334963 
Prot_spe   0.1979551 0.0975501 0.0997776 0.1169319 0.0966622 0.1162790 0.1199684 0.1117743 0.1076015 0.1865005 0.1115970 0.3003877 0.1140866 0.1194117 0.2047096 0.3205495 0.2791677 0.1276565 0.0805849 0.1330064 0.2744149 0.2713419 0.2737269 0.1674039 0.1809698 0.1258254 0.1810726 0.1084391 0.0000000 0.1267288 0.1444569 0.1395760 0.1497908 0.1479495 0.4172164 0.3922635 0.4606028 
Qwaq_sco   0.1860113 0.1135288 0.1213866 0.1301025 0.1174827 0.1184012 0.1108679 0.1267541 0.1354073 0.1741958 0.1263978 0.2700672 0.1175676 0.1164006 0.1954861 0.3184377 0.2375759 0.1188274 0.1225546 0.1214606 0.2434043 0.2423135 0.2478864 0.1559031 0.1656747 0.1270107 0.1825214 0.1439291 0.1267288 0.0000000 0.1290917 0.1266019 0.1351307 0.1352773 0.3734663 0.3508601 0.4060827 
Syne_gif   0.1923545 0.1246683 0.1328328 0.1390311 0.1271384 0.1273944 0.1192255 0.1345774 0.1539568 0.1808014 0.1369436 0.2744863 0.1233307 0.1273138 0.2056877 0.3179197 0.2423955 0.1282755 0.1340988 0.1291434 0.2458777 0.2501099 0.2488167 0.1621263 0.1793966 0.1337411 0.1922432 0.1546561 0.1444569 0.1290917 0.0000000 0.0284986 0.0311283 0.0303422 0.3745508 0.3552366 0.4044148 
Syne_ito   0.1893286 0.1208549 0.1293511 0.1355324 0.1245378 0.1254489 0.1169815 0.1320756 0.1469341 0.1751964 0.1312000 0.2733409 0.1194296 0.1241320 0.2015241 0.3105446 0.2355677 0.1257050 0.1304564 0.1279384 0.2425197 0.2444967 0.2446838 0.1583970 0.1739276 0.1313049 0.1870108 0.1513600 0.1395760 0.1266019 0.0284986 0.0000000 0.0342813 0.0343346 0.3740397 0.3497257 0.3970443 
Syne_jap   0.1952920 0.1277939 0.1367466 0.1417664 0.1315386 0.1335951 0.1255511 0.1386799 0.1553875 0.1833625 0.1404844 0.2810183 0.1289210 0.1330874 0.2104099 0.3204337 0.2404737 0.1345799 0.1404178 0.1345979 0.2456391 0.2508110 0.2495196 0.1670301 0.1816904 0.1384615 0.1948958 0.1624792 0.1497908 0.1351307 0.0311283 0.0342813 0.0000000 0.0111654 0.3788861 0.3596331 0.4041766 
Syne_umb   0.1942948 0.1285529 0.1365086 0.1426409 0.1311420 0.1331983 0.1251347 0.1391662 0.1552089 0.1842426 0.1396785 0.2806706 0.1284977 0.1332504 0.2111696 0.3201791 0.2402574 0.1334558 0.1401166 0.1339832 0.2474750 0.2519192 0.2515816 0.1670180 0.1822644 0.1374827 0.1951042 0.1601971 0.1479495 0.1352773 0.0303422 0.0343346 0.0111654 0.0000000 0.3823159 0.3610426 0.4040975 
Nasoniav   0.3781910 0.3647190 0.3730535 0.3768764 0.3718968 0.3726110 0.3621399 0.3699545 0.4141858 0.3798436 0.3705375 0.4118014 0.3702967 0.3742322 0.3835175 0.4978228 0.4180876 0.3622572 0.3855987 0.3657213 0.4171729 0.4141731 0.4039996 0.3556191 0.3720676 0.3815698 0.3914970 0.4150481 0.4172164 0.3734663 0.3745508 0.3740397 0.3788861 0.3823159 0.0000000 0.3618423 0.4033978 
Orussusa   0.3552525 0.3447363 0.3503474 0.3504541 0.3470732 0.3503625 0.3404156 0.3493924 0.3762273 0.3482795 0.3460835 0.3724340 0.3470690 0.3539194 0.3504844 0.4800652 0.3925750 0.3425041 0.3439069 0.3428551 0.3878740 0.3816903 0.3786167 0.3262207 0.3476690 0.3602456 0.3633200 0.3851481 0.3922635 0.3508601 0.3552366 0.3497257 0.3596331 0.3610426 0.3618423 0.0000000 0.3648641 
Micropld   0.3994501 0.3979085 0.4009128 0.4093849 0.4002968 0.3974187 0.3928454 0.3992555 0.4352373 0.3980555 0.4031916 0.4351431 0.4015844 0.3989546 0.4081498 0.5156922 0.4412429 0.3918816 0.4034149 0.3912175 0.4338927 0.4164650 0.4188157 0.3755414 0.4013613 0.4118184 0.4081382 0.4334963 0.4606028 0.4060827 0.4044148 0.3970443 0.4041766 0.4040975 0.4033978 0.3648641 0.0000000 
