37
Allox_ar   0.0000000 0.1752384 0.1821433 0.1923597 0.1692616 0.1771817 0.1746486 0.1848700 0.1979289 0.1471621 0.1833725 0.2872113 0.1868941 0.1906548 0.2019271 0.3202049 0.2228888 0.1731796 0.1864407 0.1788280 0.2387130 0.2321428 0.2411973 0.1348560 0.1875765 0.1899541 0.1263442 0.1963475 0.1870682 0.1921687 0.1979057 0.1937748 0.2016059 0.2006478 0.3891705 0.3714384 0.4193956 
Andr_cur   0.1752384 0.0000000 0.0253130 0.0437480 0.0160176 0.0996737 0.0985532 0.0384361 0.0389321 0.1639799 0.0690087 0.2691820 0.0975525 0.1010648 0.1865591 0.3106354 0.2322208 0.1029733 0.0961279 0.1029106 0.2539950 0.2503141 0.2557210 0.1391495 0.1651714 0.1026090 0.1633345 0.1291051 0.0803813 0.1112797 0.1230639 0.1158816 0.1282475 0.1270284 0.3765424 0.3646847 0.4221239 
Andr_gro   0.1821433 0.0253130 0.0000000 0.0489296 0.0284670 0.1044397 0.1039771 0.0433751 0.0435992 0.1708806 0.0744442 0.2791203 0.1016733 0.1069555 0.1921862 0.3227054 0.2386564 0.1086486 0.1021090 0.1070840 0.2614909 0.2560938 0.2623370 0.1446403 0.1719050 0.1043159 0.1694821 0.1342427 0.0844497 0.1164231 0.1292332 0.1216745 0.1343800 0.1335771 0.3855622 0.3738413 0.4365943 
Andr_qln   0.1923597 0.0437480 0.0489296 0.0000000 0.0449817 0.1203683 0.1192297 0.0420015 0.0484296 0.1901454 0.0892215 0.3007589 0.1175382 0.1228009 0.2086893 0.3433665 0.2503279 0.1227325 0.1158922 0.1237511 0.2704524 0.2698584 0.2732021 0.1604803 0.1870365 0.1262117 0.1821068 0.1455997 0.1010727 0.1307925 0.1411822 0.1334396 0.1457730 0.1451260 0.4038071 0.3886646 0.4449740 
Andr_qrm   0.1692616 0.0160176 0.0284670 0.0449817 0.0000000 0.0947154 0.0939255 0.0385381 0.0414735 0.1530517 0.0657909 0.2648723 0.0943701 0.0978344 0.1799216 0.2992872 0.2361246 0.0961132 0.0911478 0.0978648 0.2445622 0.2393210 0.2483184 0.1309475 0.1582783 0.1006887 0.1529235 0.1242123 0.0809343 0.1076319 0.1192148 0.1133392 0.1246679 0.1226741 0.3712976 0.3582116 0.4118310 
Aula_tav   0.1771817 0.0996737 0.1044397 0.1203683 0.0947154 0.0000000 0.0443698 0.1114592 0.1164137 0.1631493 0.1132506 0.2647232 0.1135286 0.1145095 0.1835154 0.3084946 0.2295722 0.0498498 0.1085315 0.0395632 0.2509849 0.2460926 0.2539858 0.1365072 0.1640213 0.1155019 0.1631917 0.1173945 0.1091429 0.1133894 0.1257842 0.1197549 0.1311008 0.1303997 0.3748782 0.3596782 0.4149056 
Aylax_hy   0.1746486 0.0985532 0.1039771 0.1192297 0.0939255 0.0443698 0.0000000 0.1102556 0.1127183 0.1634445 0.1122542 0.2636758 0.1127320 0.1144542 0.1807627 0.3058844 0.2303813 0.0487224 0.1073111 0.0475498 0.2496238 0.2455723 0.2510965 0.1338900 0.1610360 0.1149253 0.1620239 0.1168660 0.1079105 0.1120995 0.1242953 0.1190600 0.1305271 0.1300656 0.3716564 0.3593871 0.4120227 
Beloc_tr   0.1848700 0.0384361 0.0433751 0.0420015 0.0385381 0.1114592 0.1102556 0.0000000 0.0394065 0.1748243 0.0826912 0.2761956 0.1093336 0.1144206 0.1973817 0.3164809 0.2403079 0.1152316 0.1074999 0.1148223 0.2632833 0.2589419 0.2643072 0.1501425 0.1763919 0.1155599 0.1717491 0.1365594 0.0932630 0.1239421 0.1335582 0.1266801 0.1384588 0.1374652 0.3773371 0.3678601 0.4244619 
Bior_pal   0.1979289 0.0389321 0.0435992 0.0484296 0.0414735 0.1164137 0.1127183 0.0394065 0.0000000 0.1912414 0.0800974 0.2831293 0.1107224 0.1192838 0.2057925 0.3343173 0.2507668 0.1191530 0.0946233 0.1163141 0.2778691 0.2727039 0.2798251 0.1634787 0.1865757 0.1181973 0.1809377 0.1349213 0.0815483 0.1245139 0.1443696 0.1356452 0.1489440 0.1502267 0.4132420 0.3999200 0.4633497 
Callas_no  0.1471621 0.1639799 0.1708806 0.1901454 0.1530517 0.1631493 0.1634445 0.1748243 0.1912414 0.0000000 0.1767122 0.2635209 0.1795560 0.1804174 0.1926083 0.3234012 0.2141187 0.1644365 0.1738529 0.1650480 0.2272858 0.2244418 0.2355730 0.1183081 0.1754495 0.1797736 0.1311864 0.1903212 0.1770829 0.1783981 0.1888687 0.1814381 0.1935114 0.1918517 0.3653406 0.3481145 0.4051418 
Calli_sp   0.1833725 0.0690087 0.0744442 0.0892215 0.0657909 0.1132506 0.1122542 0.0826912 0.0800974 0.1767122 0.0000000 0.2712799 0.1102835 0.1151808 0.1982052 0.3222310 0.2364107 0.1169876 0.1077660 0.1161689 0.2615180 0.2587064 0.2601298 0.1514078 0.1774428 0.1173306 0.1716654 0.1413884 0.0965407 0.1235630 0.1362990 0.1289355 0.1415285 0.1413336 0.3766289 0.3682343 0.4207559 
Cecin_ib   0.2872113 0.2691820 0.2791203 0.3007589 0.2648723 0.2647232 0.2636758 0.2761956 0.2831293 0.2635209 0.2712799 0.0000000 0.2779208 0.2810343 0.2740921 0.4244322 0.3238469 0.2655227 0.2708308 0.2674908 0.3720051 0.3557517 0.3661207 0.2432261 0.2599503 0.2820435 0.2684405 0.2846969 0.2799773 0.2774724 0.2881516 0.2818758 0.2954362 0.2929119 0.4081427 0.3800031 0.4508528 
Cerop_ma   0.1868941 0.0975525 0.1016733 0.1175382 0.0943701 0.1135286 0.1127320 0.1093336 0.1107224 0.1795560 0.1102835 0.2779208 0.0000000 0.1133759 0.1953051 0.3299581 0.2421330 0.1141494 0.1089688 0.1168760 0.2598095 0.2582566 0.2591490 0.1515606 0.1761904 0.1146747 0.1765551 0.1417805 0.1081142 0.1253945 0.1328930 0.1260676 0.1386911 0.1372072 0.3782471 0.3693255 0.4218645 
Diast_ki   0.1906548 0.1010648 0.1069555 0.1228009 0.0978344 0.1145095 0.1144542 0.1144206 0.1192838 0.1804174 0.1151808 0.2810343 0.1133759 0.0000000 0.2021791 0.3309515 0.2503070 0.1167762 0.1136002 0.1181980 0.2655122 0.2628958 0.2708523 0.1542877 0.1846071 0.0589618 0.1782094 0.1403517 0.1111998 0.1240177 0.1371411 0.1302383 0.1430913 0.1415542 0.3872883 0.3809061 0.4271137 
Dipl_spi   0.2019271 0.1865591 0.1921862 0.2086893 0.1799216 0.1835154 0.1807627 0.1973817 0.2057925 0.1926083 0.1982052 0.2740921 0.1953051 0.2021791 0.0000000 0.3333140 0.2507583 0.1831006 0.1908819 0.1824004 0.2708172 0.2666468 0.2700137 0.1623162 0.1564029 0.1992416 0.1884284 0.2012138 0.1967134 0.1960504 0.2069511 0.2024965 0.2129461 0.2125385 0.3895003 0.3639907 0.4221137 
Escha_ac   0.3202049 0.3106354 0.3227054 0.3433665 0.2992872 0.3084946 0.3058844 0.3164809 0.3343173 0.3234012 0.3222310 0.4244322 0.3299581 0.3309515 0.3333140 0.0000000 0.3744226 0.3070007 0.2734759 0.3055815 0.3911621 0.3837230 0.3848564 0.2947421 0.3332662 0.3276718 0.3155120 0.2785554 0.2940135 0.3250331 0.3276828 0.3200496 0.3319108 0.3316535 0.4823959 0.4699588 0.5179137 
Gana_sp1   0.2228888 0.2322208 0.2386564 0.2503279 0.2361246 0.2295722 0.2303813 0.2403079 0.2507668 0.2141187 0.2364107 0.3238469 0.2421330 0.2503070 0.2507583 0.3744226 0.0000000 0.2291436 0.2343665 0.2366839 0.1946887 0.1918610 0.1976613 0.2015552 0.2521416 0.2541286 0.2090374 0.2473922 0.2539042 0.2495403 0.2504603 0.2458713 0.2531730 0.2486026 0.4192636 0.4327119 0.4587593 
Hedic_le   0.1731796 0.1029733 0.1086486 0.1227325 0.0961132 0.0498498 0.0487224 0.1152316 0.1191530 0.1644365 0.1169876 0.2655227 0.1141494 0.1167762 0.1831006 0.3070007 0.2291436 0.0000000 0.1119546 0.0542002 0.2508997 0.2457836 0.2535104 0.1362057 0.1613996 0.1163108 0.1625349 0.1184961 0.1118914 0.1160447 0.1281753 0.1216846 0.1341959 0.1332359 0.3711513 0.3571291 0.4143357 
Irae_his   0.1864407 0.0961279 0.1021090 0.1158922 0.0911478 0.1085315 0.1073111 0.1074999 0.0946233 0.1738529 0.1077660 0.2708308 0.1089688 0.1136002 0.1908819 0.2734759 0.2343665 0.1119546 0.0000000 0.1119013 0.2543247 0.2510865 0.2580392 0.1483817 0.1728258 0.1133312 0.1745637 0.1088506 0.0789267 0.1193312 0.1306588 0.1246696 0.1349829 0.1351481 0.3727107 0.3482128 0.4032433 
Isoc_cen   0.1788280 0.1029106 0.1070840 0.1237511 0.0978648 0.0395632 0.0475498 0.1148223 0.1163141 0.1650480 0.1161689 0.2674908 0.1168760 0.1181980 0.1824004 0.3055815 0.2366839 0.0542002 0.1119013 0.0000000 0.2530572 0.2471445 0.2519391 0.1401231 0.1648029 0.1168846 0.1652188 0.1212305 0.1124641 0.1174641 0.1284282 0.1229213 0.1334013 0.1324674 0.3719283 0.3594427 0.4137991 
Lepto_bo   0.2387130 0.2539950 0.2614909 0.2704524 0.2445622 0.2509849 0.2496238 0.2632833 0.2778691 0.2272858 0.2615180 0.3720051 0.2598095 0.2655122 0.2708172 0.3911621 0.1946887 0.2508997 0.2543247 0.2530572 0.0000000 0.1021263 0.1102642 0.2123767 0.2610518 0.2678394 0.2276186 0.2639980 0.2652489 0.2675279 0.2698474 0.2657146 0.2759726 0.2742695 0.4358527 0.4215286 0.4735771 
Lepto_cl   0.2321428 0.2503141 0.2560938 0.2698584 0.2393210 0.2460926 0.2455723 0.2589419 0.2727039 0.2244418 0.2587064 0.3557517 0.2582566 0.2628958 0.2666468 0.3837230 0.1918610 0.2457836 0.2510865 0.2471445 0.1021263 0.0000000 0.0846643 0.2110071 0.2596849 0.2652711 0.2228848 0.2600364 0.2628539 0.2615870 0.2703237 0.2649810 0.2731769 0.2710769 0.4207488 0.4059160 0.4498178 
Lepto_he   0.2411973 0.2557210 0.2623370 0.2732021 0.2483184 0.2539858 0.2510965 0.2643072 0.2798251 0.2355730 0.2601298 0.3661207 0.2591490 0.2708523 0.2700137 0.3848564 0.1976613 0.2535104 0.2580392 0.2519391 0.1102642 0.0846643 0.0000000 0.2183901 0.2680278 0.2678934 0.2341904 0.2626433 0.2695488 0.2664635 0.2719969 0.2684262 0.2759201 0.2740324 0.4283209 0.4108679 0.4536676 
Parn_nig   0.1348560 0.1391495 0.1446403 0.1604803 0.1309475 0.1365072 0.1338900 0.1501425 0.1634787 0.1183081 0.1514078 0.2432261 0.1515606 0.1542877 0.1623162 0.2947421 0.2015552 0.1362057 0.1483817 0.1401231 0.2123767 0.2110071 0.2183901 0.0000000 0.1463765 0.1550289 0.1189025 0.1546886 0.1496851 0.1520506 0.1616838 0.1569631 0.1659614 0.1647848 0.3596893 0.3370586 0.3969206 
Pedia_ac   0.1875765 0.1651714 0.1719050 0.1870365 0.1582783 0.1640213 0.1610360 0.1763919 0.1865757 0.1754495 0.1774428 0.2599503 0.1761904 0.1846071 0.1564029 0.3332662 0.2521416 0.1613996 0.1728258 0.1648029 0.2610518 0.2596849 0.2680278 0.1463765 0.0000000 0.1827317 0.1760301 0.1803076 0.1751193 0.1762168 0.1870991 0.1808764 0.1922738 0.1910372 0.3661269 0.3544015 0.4149606 
Peric_JH   0.1899541 0.1026090 0.1043159 0.1262117 0.1006887 0.1155019 0.1149253 0.1155599 0.1181973 0.1797736 0.1173306 0.2820435 0.1146747 0.0589618 0.1992416 0.3276718 0.2541286 0.1163108 0.1133312 0.1168846 0.2678394 0.2652711 0.2678934 0.1550289 0.1827317 0.0000000 0.1792344 0.1454583 0.1149184 0.1265771 0.1369094 0.1299124 0.1415906 0.1395420 0.3879653 0.3719354 0.4193427 
Phaen_vi   0.1263442 0.1633345 0.1694821 0.1821068 0.1529235 0.1631917 0.1620239 0.1717491 0.1809377 0.1311864 0.1716654 0.2684405 0.1765551 0.1782094 0.1884284 0.3155120 0.2090374 0.1625349 0.1745637 0.1652188 0.2276186 0.2228848 0.2341904 0.1189025 0.1760301 0.1792344 0.0000000 0.1856005 0.1754177 0.1782136 0.1862831 0.1803336 0.1901380 0.1877827 0.3820657 0.3603443 0.4097069 
Phana_JH   0.1963475 0.1291051 0.1342427 0.1455997 0.1242123 0.1173945 0.1168660 0.1365594 0.1349213 0.1903212 0.1413884 0.2846969 0.1417805 0.1403517 0.2012138 0.2785554 0.2473922 0.1184961 0.1088506 0.1212305 0.2639980 0.2600364 0.2626433 0.1546886 0.1803076 0.1454583 0.1856005 0.0000000 0.1079286 0.1424660 0.1514186 0.1472401 0.1571091 0.1560467 0.3890016 0.3559872 0.4058044 
Prot_spe   0.1870682 0.0803813 0.0844497 0.1010727 0.0809343 0.1091429 0.1079105 0.0932630 0.0815483 0.1770829 0.0965407 0.2799773 0.1081142 0.1111998 0.1967134 0.2940135 0.2539042 0.1118914 0.0789267 0.1124641 0.2652489 0.2628539 0.2695488 0.1496851 0.1751193 0.1149184 0.1754177 0.1079286 0.0000000 0.1191371 0.1330299 0.1260770 0.1387543 0.1376393 0.3978858 0.3736784 0.4329062 
Qwaq_sco   0.1921687 0.1112797 0.1164231 0.1307925 0.1076319 0.1133894 0.1120995 0.1239421 0.1245139 0.1783981 0.1235630 0.2774724 0.1253945 0.1240177 0.1960504 0.3250331 0.2495403 0.1160447 0.1193312 0.1174641 0.2675279 0.2615870 0.2664635 0.1520506 0.1762168 0.1265771 0.1782136 0.1424660 0.1191371 0.0000000 0.1336384 0.1292257 0.1418963 0.1410989 0.3817158 0.3738685 0.4262034 
Syne_gif   0.1979057 0.1230639 0.1292332 0.1411822 0.1192148 0.1257842 0.1242953 0.1335582 0.1443696 0.1888687 0.1362990 0.2881516 0.1328930 0.1371411 0.2069511 0.3276828 0.2504603 0.1281753 0.1306588 0.1284282 0.2698474 0.2703237 0.2719969 0.1616838 0.1870991 0.1369094 0.1862831 0.1514186 0.1330299 0.1336384 0.0000000 0.0294814 0.0326763 0.0317572 0.3798205 0.3698230 0.4180940 
Syne_ito   0.1937748 0.1158816 0.1216745 0.1334396 0.1133392 0.1197549 0.1190600 0.1266801 0.1356452 0.1814381 0.1289355 0.2818758 0.1260676 0.1302383 0.2024965 0.3200496 0.2458713 0.1216846 0.1246696 0.1229213 0.2657146 0.2649810 0.2684262 0.1569631 0.1808764 0.1299124 0.1803336 0.1472401 0.1260770 0.1292257 0.0294814 0.0000000 0.0383427 0.0373256 0.3778930 0.3685867 0.4109780 
Syne_jap   0.2016059 0.1282475 0.1343800 0.1457730 0.1246679 0.1311008 0.1305271 0.1384588 0.1489440 0.1935114 0.1415285 0.2954362 0.1386911 0.1430913 0.2129461 0.3319108 0.2531730 0.1341959 0.1349829 0.1334013 0.2759726 0.2731769 0.2759201 0.1659614 0.1922738 0.1415906 0.1901380 0.1571091 0.1387543 0.1418963 0.0326763 0.0383427 0.0000000 0.0116578 0.3876328 0.3797711 0.4282644 
Syne_umb   0.2006478 0.1270284 0.1335771 0.1451260 0.1226741 0.1303997 0.1300656 0.1374652 0.1502267 0.1918517 0.1413336 0.2929119 0.1372072 0.1415542 0.2125385 0.3316535 0.2486026 0.1332359 0.1351481 0.1324674 0.2742695 0.2710769 0.2740324 0.1647848 0.1910372 0.1395420 0.1877827 0.1560467 0.1376393 0.1410989 0.0317572 0.0373256 0.0116578 0.0000000 0.3833243 0.3769374 0.4248563 
Nasoniav   0.3891705 0.3765424 0.3855622 0.4038071 0.3712976 0.3748782 0.3716564 0.3773371 0.4132420 0.3653406 0.3766289 0.4081427 0.3782471 0.3872883 0.3895003 0.4823959 0.4192636 0.3711513 0.3727107 0.3719283 0.4358527 0.4207488 0.4283209 0.3596893 0.3661269 0.3879653 0.3820657 0.3890016 0.3978858 0.3817158 0.3798205 0.3778930 0.3876328 0.3833243 0.0000000 0.3732263 0.4202129 
Orussusa   0.3714384 0.3646847 0.3738413 0.3886646 0.3582116 0.3596782 0.3593871 0.3678601 0.3999200 0.3481145 0.3682343 0.3800031 0.3693255 0.3809061 0.3639907 0.4699588 0.4327119 0.3571291 0.3482128 0.3594427 0.4215286 0.4059160 0.4108679 0.3370586 0.3544015 0.3719354 0.3603443 0.3559872 0.3736784 0.3738685 0.3698230 0.3685867 0.3797711 0.3769374 0.3732263 0.0000000 0.3921093 
Micropld   0.4193956 0.4221239 0.4365943 0.4449740 0.4118310 0.4149056 0.4120227 0.4244619 0.4633497 0.4051418 0.4207559 0.4508528 0.4218645 0.4271137 0.4221137 0.5179137 0.4587593 0.4143357 0.4032433 0.4137991 0.4735771 0.4498178 0.4536676 0.3969206 0.4149606 0.4193427 0.4097069 0.4058044 0.4329062 0.4262034 0.4180940 0.4109780 0.4282644 0.4248563 0.4202129 0.3921093 0.0000000 
