
maxdiff     : 0.0216935
meandiff    : 0.000305542

