CATSBDP
1	-1	19074
1
1.8
0	0
0	0
../../data/clustal34_ag_lt0.26.phy
4
0
Universal

0
0
0
0
10	0
0
((((((((Beloc_tr:0.0396704739305176,Andr_qln:0.104784545698068):0.00553473079898426,Bior_pal:0.0664667339681204):0.0192980380482852,((Andr_qrm:0.0299696835535129,Andr_cur:0.0393127543765291):0.00864539292957398,Andr_gro:0.0871049563082116):0.00430628325875653):0.036804013310524,Calli_sp:0.139176869198777):0.0245147436075573,Prot_spe:0.0986614198667097):0.0133508559409582,(Cerop_ma:0.119860441895496,Irae_his:0.0994922831958347):0.00561497721441767):0.0046865497397947,(((Phana_JH:0.142684770328091,(Aylax_hy:0.0516065680475058,((Aula_tav:0.0380439844895344,Isoc_cen:0.0589307775659787):0.0143813049559061,Hedic_le:0.0664296049387863):0.00327923209811584):0.0693119963119657):0.0139434283027883,(((((Callas_no:0.181032197476026,(Gana_sp1:0.206975454095695,((Lepto_he:0.1184183415502,Lepto_cl:0.0825887331997483):0.0347114371371072,Lepto_bo:0.117432093633612):0.17636368049391):0.19892980337053):0.0106374151569317,(Phaen_vi:0.117484801108102,Allox_ar:0.189243436313235):0.0472022005460425):0.0227531443214238,Parn_nig:0.135211026070191):0.0387012710150044,((Cecin_ib:0.396317758620222,(Nasoniav:1.25505669151048,(Micropld:1.53824033785191,Orussusa:0.850459019482175):0.195865405240322):0.600836731227838):0.164983981515363,(Dipl_spi:0.220354413665893,Pedia_ac:0.181915715519397):0.0257136608527558):0.0291661139801432):0.013119084093315,Escha_ac:0.861084703744143):0.0762694228049469):0.00750924658967826,((Syne_ito:0.0355497838128347,((Syne_umb:0.0166075712218523,Syne_jap:0.0166419745738259):0.0288197433374596,Syne_gif:0.0301420871206099):0.00871462140220074):0.133553338328856,Qwaq_sco:0.136535522737919):0.00491939984633669):0.0146438887679915):0.0657017619124366,Diast_ki:0.0585180005111495,Peric_JH:0.0751694291646651);
((((((((Beloc_tr:0.0396704739305176,Andr_qln:0.104784545698068):0.00553473079898426,Bior_pal:0.0664667339681204):0.0192980380482852,((Andr_qrm:0.0299696835535129,Andr_cur:0.0393127543765291):0.00864539292957398,Andr_gro:0.0871049563082116):0.00430628325875653):0.036804013310524,Calli_sp:0.139176869198777):0.0245147436075573,Prot_spe:0.0986614198667097):0.0133508559409582,(Cerop_ma:0.119860441895496,Irae_his:0.0994922831958347):0.00561497721441767):0.0046865497397947,(((Phana_JH:0.142684770328091,(Aylax_hy:0.0516065680475058,((Aula_tav:0.0380439844895344,Isoc_cen:0.0589307775659787):0.0143813049559061,Hedic_le:0.0664296049387863):0.00327923209811584):0.0693119963119657):0.0139434283027883,(((((Callas_no:0.181032197476026,(Gana_sp1:0.206975454095695,((Lepto_he:0.1184183415502,Lepto_cl:0.0825887331997483):0.0347114371371072,Lepto_bo:0.117432093633612):0.17636368049391):0.19892980337053):0.0106374151569317,(Phaen_vi:0.117484801108102,Allox_ar:0.189243436313235):0.0472022005460425):0.0227531443214238,Parn_nig:0.135211026070191):0.0387012710150044,((Cecin_ib:0.396317758620222,(Nasoniav:1.25505669151048,(Micropld:1.53824033785191,Orussusa:0.850459019482175):0.195865405240322):0.600836731227838):0.164983981515363,(Dipl_spi:0.220354413665893,Pedia_ac:0.181915715519397):0.0257136608527558):0.0291661139801432):0.013119084093315,Escha_ac:0.861084703744143):0.0762694228049469):0.00750924658967826,((Syne_ito:0.0355497838128347,((Syne_umb:0.0166075712218523,Syne_jap:0.0166419745738259):0.0288197433374596,Syne_gif:0.0301420871206099):0.00871462140220074):0.133553338328856,Qwaq_sco:0.136535522737919):0.00491939984633669):0.0146438887679915):0.0657017619124366,Diast_ki:0.0585180005111495,Peric_JH:0.0751694291646651);
1
6.58863
0.580381
5000
37.1228
0.355842	0.146796	0.188005	0.218676	0.147743	0.233781	0.191793	0.372302	0.263601	0.387573	0.176262	0.317268	0.194554	0.202136	0.237353	0.525693	0.412635	0.341699	0.0547044	0.18189	

0.00478933	0.000132742	1.47518e-05	0.00193922	0.000321642	0.0204222	1.79167e-07	0.00211606	0.614814	0.00933733	0.000410103	0.0964017	0.0129836	7.06041e-05	0.186765	0.032444	0.0165523	0.000482052	3.34749e-06	1.81562e-07	
0.028742	0.000982068	0.227034	0.481972	0.00122628	0.0274166	0.0100222	0.00674703	0.0467047	0.00582305	0.00409844	0.0430795	0.00697818	0.0455684	0.00623731	0.0247068	0.0166191	0.0132013	0.000621509	0.00221969	
0.00576256	2.17257e-11	0.000187287	0.00864443	4.79893e-07	0.000554314	0.0367921	0.00226044	0.00524318	0.00675772	4.10716e-06	0.000993999	0.00531416	0.913954	0.0100868	0.0015244	0.00128312	0.000606518	5.32724e-07	3.02062e-05	
0.0438622	1.66645e-12	0.032443	0.30779	9.71686e-07	0.0204933	0.0153978	0.0105241	0.147751	0.00860785	2.07055e-06	0.00350789	0.0840985	0.154774	0.0429956	0.0663802	0.0293201	0.0283147	0.000865703	0.00287127	
0.0159147	0.00470085	0.123899	0.0654095	2.66729e-05	0.028992	0.00147837	0.00446426	0.181216	0.0106189	0.000310264	0.253168	0.0113522	0.0238476	0.0413719	0.161152	0.0689445	0.00279288	0.000334671	5.41583e-06	
0.0325403	0.0316573	0.00722344	0.00693231	5.23494e-06	0.120025	0.00445034	0.0063527	0.000503839	2.68395e-05	0.00345156	0.191775	0.00432125	0.00129598	0.00687166	0.522276	0.046682	0.00684462	6.1362e-07	0.00676401	
0.130006	0.0905531	0.00276617	0.00040468	0.0702904	0.0351532	0.00481231	0.00537216	0.00233186	0.00182566	0.000975273	0.00503566	0.00119906	0.011266	0.00467181	0.574634	0.0293821	0.00119668	2.78807e-11	0.0281241	
0.00152876	0.000592971	5.49783e-08	0.0030453	0.0254089	0.00176182	3.05249e-15	0.713274	0.00288085	0.111708	0.0717284	0.00182981	1.7581e-06	0.00120163	0.00206823	0.00016769	0.00357095	0.0554163	1.72729e-07	0.00381507	
0.0128906	9.81837e-15	0.00469341	0.0236475	5.35608e-05	0.0275026	0.00316679	0.0802795	0.276668	0.0533147	0.0811038	0.0787562	6.35559e-06	0.0285473	0.112363	0.0286677	0.102093	0.0700405	0.00882318	0.00738311	
0.0108861	0.00990898	0.00989608	0.00856314	0.001947	0.0197433	0.00636846	0.0109658	0.316585	0.00808227	0.0125057	0.00809307	6.95972e-09	0.0122637	0.474652	0.0434592	0.0269291	0.015599	0.000578192	0.00297363	
0.052589	0.0606009	0.174772	0.0620693	0.0269216	0.205315	0.0627287	0.00906379	0.0365504	0.00999689	0.00395383	0.0284153	0.000518213	0.0445876	0.0350018	0.168752	0.007936	0.00409628	0.00613119	5.89586e-07	
0.0228168	0.00103987	0.0225985	0.0733829	0.00386157	0.0166421	0.012524	0.0234167	0.345684	0.0112908	0.0120751	0.111069	0.0258236	0.073947	0.0868947	0.0596058	0.084471	0.0128563	7.01796e-08	6.83359e-10	
0.000731171	0.00030268	0.00804814	0.111786	5.13791e-07	0.00470202	0.025048	5.87199e-08	0.0368115	0.0274147	6.85856e-06	0.00574603	0.000937942	0.726424	0.0374016	0.00743535	0.00217185	0.000837599	1.50767e-32	0.00419362	
0.000619148	0.00309187	5.5405e-07	0.000355767	0.017953	0.00126952	2.15641e-11	0.0757777	2.50163e-07	0.83392	0.0162799	0.000654994	0.00055576	0.00324843	0.00379137	0.00213565	0.00278145	0.0347007	0.00217036	0.000693722	
0.00577208	0.00181401	0.000884618	0.000132431	0.000442623	3.24445e-05	5.93948e-05	0.00149777	0.0030368	0.010549	0.000105522	2.04691e-07	0.959176	0.00128027	0.000112385	0.0123111	0.00104276	0.00157197	2.10126e-25	0.000179118	
0.147974	0.00147317	0.00109216	0.0103415	0.00215057	0.0235789	6.44647e-06	0.0527776	0.0367395	0.040706	0.0431348	0.0330717	0.0539503	0.00110986	0.0187718	0.105451	0.374698	0.0529654	3.58979e-12	6.48184e-06	
0.00740469	0.001819	0.0111776	0.0751807	0.000785646	0.00803324	0.0105437	0.0048751	0.557722	0.00676927	0.00877279	0.0940663	0.00217347	0.0688602	0.0983703	0.0225072	0.0171708	0.00277197	0.000977079	1.915e-05	
0.055287	0.00491941	0.0149766	0.0272694	0.0325202	0.0201155	0.00763617	0.206455	0.0340655	0.0997663	0.0729633	0.0379708	0.0162615	0.0129145	0.019093	0.0447806	0.081627	0.197517	0.00556773	0.00829339	
0.0103626	0.0784532	0.00688541	0.0034421	1.19725e-08	7.25688e-07	0.00370407	0.000367529	0.0363862	0.000535196	5.53557e-06	0.0907418	2.54529e-05	0.0114837	0.0216701	0.543645	0.173011	0.0134147	0.0031829	0.00268278	
0.00133485	0.000574747	0.00123749	1.13521e-06	7.83037e-05	0.000237403	2.30168e-05	0.00244401	0.904079	0.000156114	0.00286328	0.00478867	6.99229e-09	0.00853615	0.0676855	0.00295581	0.000656822	0.000579338	7.71937e-10	0.00176885	
0.0134533	0.00220007	0.000257366	7.27401e-05	4.5324e-06	0.00075855	8.65734e-06	0.0171292	0.000134649	0.000515315	0.00224165	0.0183896	0.000541535	0.00166259	0.00561691	0.0696869	0.866661	3.15354e-05	3.62377e-14	0.0006338	
0.885671	0.00218437	8.64738e-05	0.0028164	0.00153551	0.0152205	1.56236e-05	0.000987409	7.89063e-05	0.00175205	8.59427e-06	0.000181451	0.00434231	0.000188918	0.000112341	0.0386324	0.0216443	0.0241812	0.000344308	1.57403e-05	
0.000496614	1.575e-06	0.000169328	3.33443e-07	0.0138878	5.06557e-05	0.000314974	0.00781935	0.000167004	0.959603	0.00705621	0.000490714	5.66353e-06	5.24847e-07	0.00114367	0.00177138	0.00117457	0.00475376	4.58026e-29	0.0010931	
0.0322574	0.000116287	0.00145939	0.00523384	0.0103951	0.00646224	0.000227137	0.146753	0.000562976	0.0259554	0.00548298	0.000751502	2.00507e-07	8.5173e-05	2.23839e-06	7.78535e-05	0.00618296	0.757993	2.74248e-23	2.13436e-06	
0.000539342	0.0113482	0.00592485	0.00167054	2.58535e-13	0.000388671	0.460385	0.00309523	0.00392477	0.00670316	0.00182407	0.0223137	0.00181463	0.0361749	0.0218742	0.00434673	0.000260585	0.000150283	1.70478e-06	0.417259	
0.00132734	2.22947e-09	0.00124265	1.35714e-09	0.000277699	0.000104616	0.00317099	0.00286172	0.00157269	0.000873733	0.000460579	0.982039	4.98767e-05	1.47647e-05	0.000653663	0.00524527	7.25729e-09	5.90813e-05	1.99123e-43	4.60603e-05	
0.101677	0.00467624	0.114749	0.152661	0.0206654	0.039557	1.08155e-09	0.077282	0.0390483	0.0575882	0.0155448	0.050947	0.0287241	0.047467	0.0109658	0.0509032	0.056118	0.126151	0.000178416	0.0050968	
0.00485339	5.15247e-07	0.000820126	0.0211258	1.03394e-07	0.0429486	0.0163499	0.00705189	0.0465464	0.0103001	3.919e-10	0.490581	0.014536	0.0119326	0.0129444	0.307089	0.0126959	0.000203307	1.18921e-05	9.83318e-06	
0.00162929	2.00412e-05	0.631784	0.201927	4.35359e-05	0.0206788	0.00708094	0.00178405	0.00545216	0.000166117	0.000306655	0.0901582	4.37655e-05	0.00765122	0.00388473	0.0181336	0.00324247	0.00246617	5.32968e-12	0.00354651	
0.0325816	0.000543898	0.000593756	0.00474135	0.00641251	0.00844312	0.00354433	0.402793	0.0035191	0.0463636	0.0373691	0.00827826	0.00418026	0.000206897	4.0922e-05	0.00279948	0.0537699	0.383093	0.000514329	0.000211788	
0.00083986	2.07815e-11	2.62046e-06	7.48353e-05	0.000744924	0.000622234	0.00199772	5.75781e-06	0.0172756	0.00451443	1.5639e-05	1.98084e-08	0.000335009	0.00657053	0.962273	0.00276056	0.000797191	0.000911517	2.98031e-06	0.000255614	
0.0114876	0.00138949	0.00735914	0.0160032	0.00375768	0.0109412	0.129992	0.010541	0.0839949	0.0205073	0.0067419	0.0209333	5.43113e-05	0.58337	0.0500844	0.00630888	0.00432988	0.00425718	6.18907e-54	0.0279469	
0.340344	0.00204584	0.0138615	0.00340547	0.0124754	0.0217622	0.00334856	0.100353	0.0113123	0.0221711	0.00667073	0.025625	0.0174089	0.000883246	0.00639302	0.0676695	0.155925	0.187959	1.78441e-08	0.000386585	
0.0439057	0.00188508	0.0470483	0.160446	7.77063e-08	0.25815	0.0186927	0.00940194	0.080792	0.0131573	0.00472694	0.0262302	0.0127885	0.0650577	0.146243	0.0638509	0.00462151	0.0384215	8.0334e-10	0.00458126	
0.0330492	0.020622	0.048329	0.0264086	0.00965212	0.0487907	0.0212913	0.0353252	0.0685735	0.00783806	0.00304847	0.271705	0.00290266	0.0130942	0.0507198	0.225299	0.0934894	0.00962289	1.02624e-16	0.0102383	
0.000576608	0.000935347	0.000696538	0.000303025	0.944038	0.000271279	0.000223189	0.00353723	0.000103573	0.0118076	0.000540398	0.000941312	0.000477866	0.000635276	0.000852136	0.00160181	0.000447971	0.00161443	0.0004734	0.0299231	
0.201439	4.86727e-10	0.000404589	0.0029336	0.000634691	0.00857111	0.00879089	7.24695e-07	0.000625174	0.00314094	0.00959239	0.0239859	6.502e-08	0.000768918	0.0035643	0.411224	0.320109	0.00421426	1.52425e-13	2.84285e-16	
0.00512986	0.00202815	0.00170152	0.00171867	1.03875e-07	0.967139	2.34924e-06	8.01622e-05	0.000485284	0.000551994	1.86953e-05	0.00426611	3.01295e-10	0.000839348	0.00106137	0.014401	1.6878e-08	6.24677e-06	1.53627e-05	0.000554836	
0.0307359	0.000617859	0.000896783	0.00328602	0.000532381	0.00389288	0.0104643	0.003682	0.00462595	0.0185477	0.000321033	0.00398534	0.796068	0.0190257	0.00998107	0.0655128	0.0200378	0.00623786	5.30064e-13	0.00154823	
0.012633	0.00270923	0.426134	0.142748	0.00269361	0.0330428	0.0196712	0.00415116	0.0286363	0.0101294	0.000261584	0.206769	0.00634767	0.0196297	0.00312835	0.0337208	0.0136296	0.0147364	1.96342e-08	0.019228	
0.00802815	0.000383123	0.000956912	0.000212849	0.019121	0.00297417	2.33167e-05	0.433326	0.000184916	0.291875	0.00573801	0.000866409	2.8298e-13	1.40429e-05	9.81344e-05	0.0013746	0.0179259	0.215943	3.19581e-06	0.000951068	
7.54249e-05	1.58294e-07	0.00157748	0.0018179	0.00180602	0.00101597	0.915911	0.00235937	0.00175429	0.0047254	1.71709e-10	0.0113385	0.00462586	0.0291618	0.00291318	0.00272193	0.00420433	0.000194803	1.73862e-05	0.0137791	
0.000842251	0.00330538	2.63468e-05	2.47657e-05	0.0224946	3.57091e-05	0.00839243	0.00208774	0.00200213	0.00155165	0.000511924	0.00209631	0.0001762	0.000842812	0.000124159	0.000202692	0.000613995	0.00207283	2.70422e-18	0.952596	
0.000436191	0.00076719	2.74612e-06	1.52209e-05	1.74023e-15	3.61569e-05	0.000355913	0.759164	0.000574682	0.0251418	0.00559613	7.58496e-05	6.9545e-05	0.00132424	0.000147015	0.00113452	0.000864324	0.203921	2.82625e-05	0.000344833	
0.0475121	0.0115462	0.0148368	0.0209112	0.0209304	0.0091463	0.0208292	0.0160093	0.0275022	0.0716267	0.00326971	0.0362117	0.202292	0.0249116	0.0216614	0.320459	0.0965512	0.0244156	0.00070847	0.00866914	
0.303101	3.13612e-05	0.0239537	0.105347	4.45059e-05	0.0144927	7.60591e-06	0.0363185	0.0641065	0.0182768	0.00442923	0.0114952	0.0130861	0.00803489	0.0233907	0.130644	0.170332	0.0722799	2.60222e-15	0.000628491	
0.00445766	0.0140595	0.000818572	0.00393206	0.00264081	0.0212323	0.01952	0.00480157	0.0682854	0.0121486	0.00426661	0.0121898	0.000213421	0.0410491	0.749593	0.0269786	0.000103088	0.00410279	0.00375669	0.00585066	
0.0328554	3.32957e-09	0.000474025	0.00163748	2.02017e-09	0.0111861	0.000113525	0.305928	0.0137251	0.162114	0.120525	0.0306319	0.00261503	1.47536e-07	0.00799555	0.0329791	0.142582	0.129597	1.93521e-05	0.00502095	
0.00350072	0.963562	7.74258e-06	2.14306e-06	0.00222245	0.000236895	8.92388e-06	0.00153159	0.00151865	0.00135881	0.000171141	0.000852882	6.89348e-05	5.12323e-05	0.000599636	0.0129026	0.00165765	0.00370575	7.1081e-09	0.00604044	
0.00548008	0.0011142	0.000637105	0.00129387	0.0786557	0.00145683	0.016084	0.0754475	0.0222461	0.623481	0.0335388	0.000267299	0.0157194	0.015744	0.0101349	0.0287037	0.0133107	0.0424089	0.0023151	0.0119603	
0.00337373	0.00133959	0.000404167	0.000154628	0.0292633	2.40102e-05	0.000131548	0.261103	0.000863959	0.384936	0.153852	0.00530346	4.38958e-05	0.000179068	2.4299e-05	9.49017e-05	0.0093999	0.1469	0.00260773	7.56384e-07	
0.185354	0.0178972	8.62286e-06	7.43763e-06	0.00103568	0.341758	0.00893465	0.0152257	0.000926428	0.000703895	1.54347e-07	0.0400331	0.0320816	0.000109557	0.000130238	0.190223	0.0552314	0.110338	1.01705e-06	1.57805e-08	
0.000434998	0.000653449	0.00152237	1.77079e-06	0.0015022	0.000540017	0.00116488	0.0319688	0.00370084	0.023654	0.912298	3.06373e-06	4.79091e-05	2.26614e-07	0.00175043	0.006102	0.00818415	0.00646878	1.62696e-16	2.0896e-06	
0.00538023	0.000311638	0.164932	0.77846	3.41394e-06	0.012991	3.20292e-13	0.000994211	0.0072341	0.00111784	5.08313e-06	0.00419199	4.62276e-08	0.0141646	0.00235158	0.000495487	0.00122215	0.00605097	9.0995e-11	9.36347e-05	
0.0216062	0.00316601	0.0368709	0.203009	0.00979723	0.0157258	0.0661132	0.00972982	0.120421	0.0355456	0.00550416	0.0462105	0.00470199	0.328515	0.0388732	0.0173247	0.022927	0.00976817	9.91906e-14	0.00418988	
0.198945	0.00512154	0.00115515	0.00466294	0.0311296	0.0225341	1.01549e-07	0.155283	0.000117041	0.128982	0.0365621	0.0011222	7.62654e-07	0.000574192	0.000972521	0.0330117	0.0432796	0.331688	7.68704e-13	0.00485816	
0.109145	3.35147e-11	0.000937514	0.000200505	3.94929e-06	0.118518	0.00513571	0.174476	0.0324786	0.15544	0.104207	0.0030765	0.00010939	0.0159904	0.0135094	0.0574488	0.000480328	0.199418	6.91971e-06	0.00941745	
0.0807857	0.201746	0.000120895	0.00308614	0.0462744	0.000885697	0.010895	0.0568515	0.0121005	0.0479433	0.000141723	0.0444456	0.0183572	7.55369e-05	0.000237496	0.402243	0.0158551	0.0326001	3.9169e-08	0.0253542	
0.0136221	0.00463535	0.00122248	8.94949e-05	0.308922	1.9097e-06	0.00426925	0.0437443	0.00188609	0.524849	0.032867	0.00291403	4.4422e-07	0.000592206	0.00419936	0.00827506	0.000515014	0.025093	0.0124706	0.00983094	
0.0419768	7.16205e-06	0.0324022	0.000112642	0.00698993	0.00363801	1.76377e-08	0.0620717	0.0240867	0.00293477	1.40969e-05	0.0882956	0.062796	5.09503e-08	0.0184099	0.211802	0.441005	2.38918e-06	5.57455e-06	0.00345014	
0.000510705	0.0112317	0.00316223	8.5001e-05	0.166724	0.0014745	0.0199338	5.97285e-05	0.000194316	0.00850566	0.000293603	0.00179307	2.51619e-05	2.91324e-09	0.00113783	0.00644906	1.53791e-07	0.00232419	0.00514972	0.770946	
0.560918	0.00727254	0.0213604	0.000437841	4.71485e-06	1.78051e-05	0.0352904	0.0251544	0.0392987	0.046112	1.06242e-07	0.00401302	0.000239503	0.0186739	0.000126898	0.00174007	0.211292	2.43012e-07	2.04462e-05	0.0280272	
0.524708	0.000200432	8.26318e-06	0.00402576	0.00458605	0.0255259	0.00230724	0.0182538	0.00722956	0.016952	0.000465221	0.0005914	0.00781487	0.00184217	0.00377755	0.0234773	0.00741936	0.350815	7.41777e-11	6.76254e-12	
0.0182774	1.91747e-05	0.00349303	0.012852	0.000941788	0.0121948	0.0928608	0.00423878	0.0146264	0.0336857	0.0077539	0.0112622	0.0855071	0.617324	0.0140041	0.029376	0.0241107	0.0165293	0.000210853	0.000731861	
0.138032	5.72866e-11	0.000356593	0.00566023	6.98144e-09	0.0131698	0.00660524	0.00274322	0.00831575	0.000699489	0.00128611	0.0163054	0.41032	0.0763164	1.48317e-05	0.220494	0.0940737	0.00411708	0.00148864	1.20288e-06	
0.00382815	4.95593e-07	4.07447e-07	0.0260646	0.00777689	0.00462715	0.00453751	0.0168323	0.673952	0.0171555	0.00478982	0.0126973	0.00294781	0.0383802	0.143575	0.00261249	0.0299584	0.00794973	3.02364e-23	0.00231394	
0.13554	0.0164088	0.0184688	0.0158056	0.0230514	0.0346806	3.8998e-05	0.0084873	0.0238741	0.0723193	0.00398104	0.0471779	0.0155399	0.00938817	0.00959268	0.4036	0.132943	0.0159566	0.0025465	0.0105994	
0.485154	0.00294552	3.17687e-07	0.00624227	4.43027e-05	0.00601998	6.33714e-06	0.0186911	0.00235345	4.71522e-08	0.0198371	0.00405697	0.000597465	2.54656e-05	5.51867e-09	0.0669112	0.161425	0.223065	3.26134e-05	0.00259201	
0.149371	2.0996e-05	0.000490827	0.00366149	0.0215258	1.29754e-07	0.0103922	0.0774909	1.25854e-05	0.06434	1.22852e-05	0.081037	0.0252744	0.0395227	7.25492e-06	0.260387	0.202206	0.0582471	2.14236e-40	0.00600018	
0.0747214	8.04695e-05	0.000112232	0.00095253	0.000300721	0.00911601	0.00210842	0.28074	0.000637102	0.238114	2.37256e-07	0.0019159	0.0263679	0.00887418	0.00746568	0.0100496	0.0205089	0.317877	5.54835e-05	2.91237e-06	
0.0104427	0.041495	1.91114e-08	1.89249e-08	0.582528	0.00803545	0.00776004	0.0219677	0.000261308	0.167898	0.0027105	0.006281	3.59517e-09	9.64823e-06	6.98451e-06	0.0432083	0.0105013	0.0225826	4.25573e-25	0.0743118	
0.00900877	0.00271335	0.000203963	6.81077e-07	0.034192	0.00205254	0.655655	0.000830081	0.000118575	0.00933897	0.00055634	0.0870569	1.21217e-05	0.0107475	0.00117466	0.0247569	0.00116916	1.93444e-05	0.00702853	0.153365	
0.0599595	0.00904878	0.0534816	0.0368704	0.00162796	0.600194	9.30218e-05	0.00161889	0.00401717	7.82324e-05	1.56013e-07	0.0536846	0.00862431	1.06272e-07	0.0394811	0.0966259	0.0229328	0.0116223	3.61629e-05	2.63144e-06	
0.000184642	0.0009982	0.000245803	0.00091505	0.00621133	0.000968301	0.000965173	0.00312195	0.00218985	0.00671305	0.000180864	2.54741e-06	0.000809952	0.000273122	0.00206643	0.000422016	0.000150674	1.41474e-06	0.966355	0.00722464	
0.118666	0.00564507	0.140843	0.297818	0.00030278	0.109471	4.29724e-06	0.00062544	0.0716222	0.00782431	0.000212894	0.0197269	0.000136332	0.0195605	0.0166074	0.106998	0.0468374	0.0370791	1.86458e-05	3.3138e-07	
0.00772623	3.56192e-06	0.0250868	0.0181621	0.00229895	0.00917923	0.35488	0.00637257	0.0245799	0.0168286	3.49026e-08	0.175507	0.0230072	0.158874	0.063052	0.0448932	0.0110473	2.316e-06	3.52481e-12	0.0584989	
0.00692451	0.0121169	0.00601589	0.00535776	0.000653605	0.00357201	0.00453083	0.0512988	0.347104	0.00210975	7.01262e-08	0.162714	0.0075124	0.059551	0.0845326	0.144418	0.0980503	0.000886809	0.00265007	3.31491e-07	
0.555465	0.00106055	5.9658e-06	0.0051474	0.000943711	0.0715406	0.00509752	0.0185877	0.0084788	0.0179492	0.016688	0.0299881	0.00215283	0.00019079	4.5629e-05	0.0568504	0.174423	0.0353844	7.2923e-08	1.85761e-07	
0.000458765	4.68895e-05	5.07586e-05	7.06224e-05	0.00135241	3.66035e-07	1.01565e-06	0.306768	5.78135e-05	0.00829979	0.00302132	7.17942e-05	0.00158292	0.00238318	0.000942454	0.000763968	0.00283711	0.668428	0.000716567	0.00214572	
0.00257923	9.40335e-05	0.949212	0.00902756	0.000830726	0.00203604	0.0004989	0.00163224	4.12389e-05	0.00106556	0.000655121	0.0298546	8.97504e-10	8.6726e-06	0.000477227	0.000241277	0.000317605	6.96729e-06	0.000190652	0.00123071	
0.00739204	0.00251112	0.105569	0.338473	0.000769653	0.0542197	8.16594e-08	0.00803217	0.207696	0.00716726	0.00157693	0.0823921	0.00953649	0.0806186	0.0386763	0.0176901	0.0208082	0.0168585	9.14768e-24	1.34279e-05	
0.0016777	5.94399e-06	0.000530847	0.00333955	0.0235335	0.00149853	0.000522894	0.0229122	0.000924109	0.799172	0.116678	4.50389e-05	0.000138563	0.0108204	0.000285035	0.00962571	0.00288984	0.00539952	1.1308e-06	1.94237e-07	
0.11936	1.43391e-05	8.43122e-07	0.000263228	1.31276e-05	0.00368096	6.49834e-11	0.0561285	0.178984	0.00707338	4.39856e-06	0.0836726	0.0941789	0.0198738	0.0539282	0.132229	0.237405	0.0131853	2.53429e-06	2.53751e-06	
0.00171776	0.00107615	0.0245337	0.933297	0.00191914	2.75194e-09	0.000792614	2.02276e-05	0.0032793	0.0025692	0.000905696	9.26809e-07	0.000567677	0.0222922	1.10042e-05	0.00180359	0.00301864	0.00189549	1.26657e-12	0.000299227	
0.0305734	0.0033598	0.0428978	0.611053	0.00394041	0.0278213	0.00332694	0.0110714	0.0893345	0.00724998	0.0043212	0.00632594	7.72443e-05	0.080943	0.0173554	0.0136761	0.00528327	0.0384017	3.48982e-07	0.00298695	
0.00272692	0.00180713	0.00081054	6.29442e-05	0.00018536	0.0285228	2.85812e-07	0.016012	3.94248e-06	0.00665337	0.00304761	0.0988314	0.0175677	0.00251762	0.0165279	0.706801	0.0976607	0.000248049	2.90587e-13	1.248e-05	
0.0306917	0.0024123	0.00377693	0.00259669	0.00746887	1.64156e-06	1.49069e-08	0.0754328	0.0203571	0.0939142	0.0841831	7.21326e-05	6.75486e-09	0.00408601	0.0109007	0.00422113	0.0026532	0.655116	0.00209137	2.37673e-05	
0.00916054	4.37316e-06	0.00162651	0.00669517	0.000159633	0.00114495	0.00326651	0.148647	0.0117154	0.179488	0.483783	0.0093904	0.00492646	0.00676756	0.00786559	0.00979455	0.0306348	0.0795564	2.28702e-52	0.00537358	
0.0059257	0.0044218	0.164089	0.0190557	0.00151345	0.0170118	0.0289442	0.00912305	0.0505673	0.00338044	0.000636748	0.541704	1.01021e-06	0.0157392	0.00480542	0.0896645	0.0244231	0.00900689	7.87183e-06	0.00997853	
3.2133e-06	0.108856	0.0949303	0.0333239	0.0172165	0.000733469	0.190586	0.00218087	0.00696388	0.0325365	0.00531209	0.0484301	0.00991253	0.0122905	9.18651e-05	0.104726	0.00189794	1.38089e-08	0.000590369	0.329418	
0.665307	0.00188319	0.00298348	0.00179079	4.42706e-07	0.0109124	0.00141563	0.000691793	0.00524838	0.0083873	0.00482612	0.00269001	0.000672984	0.00849964	7.97404e-07	0.26211	0.0171448	0.00543247	2.09437e-15	3.12076e-06	
0.0456337	2.81924e-05	0.0167847	0.00123502	3.85048e-16	0.00259698	0.102573	0.0990791	0.045842	0.237651	0.171565	0.0257261	0.0482265	0.0447287	0.127821	0.00169304	0.00569397	0.0220905	0.000541359	0.000490356	
0.00129958	0.00131828	4.78211e-05	0.0140472	0.548867	0.000334827	0.00010227	0.029696	0.00779384	0.0902269	0.0136712	2.8294e-06	0.00190165	0.00358928	7.49064e-05	0.000808167	6.72411e-05	0.0183347	7.02011e-07	0.267816	
0.0293111	0.0172424	6.76945e-05	2.05439e-06	4.33691e-11	0.00747276	0.00399549	0.000203164	0.000326152	0.00487653	9.83436e-06	1.73511e-05	1.75981e-11	6.08856e-08	0.00116159	0.89995	0.0346259	0.000720179	1.74477e-05	4.33008e-07	
0.0793127	3.81254e-10	9.81138e-05	0.000103381	0.00231613	0.0129213	8.46998e-10	0.000883826	0.00572234	0.0557472	0.0112341	0.0032033	0.41523	0.000618377	0.00101475	0.362809	0.0380578	0.00919142	0.00152111	1.49663e-05	
0.00394291	0.000905157	0.586983	0.3713	0.000807957	0.00199835	6.70115e-14	0.000378557	0.00147427	0.00612824	1.52002e-06	0.00310502	0.0110851	0.0012212	2.23306e-07	0.000712808	0.00594594	0.0022676	1.61945e-07	0.00174165	
0.11678	0.00499464	1.18035e-14	1.10544e-10	0.00667809	3.80995e-05	0.000433998	0.214443	5.18871e-05	0.0257525	2.01963e-14	7.79953e-05	0.0039087	1.13177e-07	1.88766e-06	0.0595542	0.050236	0.516153	1.72774e-05	0.000878958	
0.332066	0.000217498	0.00392755	4.33316e-06	0.0389827	8.99865e-05	0.0540705	0.010006	0.000270688	0.0371054	0.0187468	0.00594507	0.00793214	0.000519829	0.0263311	0.37743	0.000357672	0.0362935	0.0428104	0.00689245	
0.100581	0.0140286	0.00189575	0.0207086	0.000282008	0.00219947	0.00168662	0.201069	0.0379121	0.0115548	0.022513	0.0447941	0.000218252	0.0315098	0.0149907	0.043404	0.357546	0.093078	2.67384e-06	2.5929e-05	
3.68161e-05	0.0114548	0.0348819	0.021541	8.56623e-05	0.00495709	0.000495895	0.183113	0.00685789	0.00997739	0.00205465	0.197823	0.00469537	0.0214455	0.00298118	0.211168	0.23883	0.0461436	1.33007e-14	0.00145762	
0.0947382	1.11786e-14	0.00837837	0.00608734	0.0221819	0.0597317	4.96991e-05	0.0370858	0.000434398	0.0979768	0.0372938	0.0248605	0.0496272	2.9265e-05	3.50124e-06	0.352797	0.0997921	0.108932	3.08438e-30	2.09406e-07	
0.00180239	1.22743e-05	0.000376648	9.17915e-05	0.000299557	0.00114969	0.000140125	0.00319399	0.289546	0.000272856	0.00125358	0.00282311	0.00147507	0.0123754	0.679235	0.00404021	0.00104684	0.000130495	0.000722675	1.28144e-05	
0.366165	0.000931922	0.0122728	0.0170249	0.00945863	0.0466094	0.00241865	0.00742352	0.00735792	0.00192664	0.00134264	0.0230233	0.0686011	0.0119722	0.00636855	0.16827	0.172187	0.0745207	0.000306511	0.00181835	
0.267745	0.00197174	0.0148503	0.0168019	0.0129882	0.0863157	0.0111891	0.035358	0.00612969	0.0652814	0.0137445	0.000163088	0.105275	0.0400756	0.0357935	0.0692514	0.083541	0.118233	3.31774e-10	0.015292	
0.256511	0.0237641	0.008238	5.48499e-11	0.00147751	0.000473039	1.15493e-06	0.0318605	0.00038824	0.0077099	0.02408	0.0138779	0.00355199	3.98439e-07	0.0034156	0.169677	0.411157	0.0437574	1.50419e-17	5.88953e-05	
0.0104703	0.00451674	3.80248e-16	0.000126893	0.0510931	2.12373e-05	1.60049e-05	0.479613	0.00694702	0.0964996	0.0515145	0.00216142	0.000346295	0.000430008	0.000263745	0.00460353	0.0195324	0.265221	0.000173171	0.00644941	
0.0384487	0.0217164	0.00088506	0.0220784	0.129844	0.00874299	5.09011e-05	0.137628	6.75958e-05	0.304368	0.0462106	0.0127035	0.0126455	0.00961462	0.0020916	0.0926818	0.0461781	0.101423	0.0126205	9.68705e-07	
0.0770776	3.65013e-08	0.000238689	0.0012034	4.06096e-05	0.00255972	2.12421e-13	0.174923	0.010351	0.00477193	0.0239084	0.00184214	0.0251772	0.000180848	0.00643061	0.115732	0.486037	0.0639845	1.09183e-13	0.00554119	
0.0872476	0.00350293	0.00336791	0.0131994	0.00572375	0.0302976	0.0167539	0.0399697	0.00260187	0.126168	0.0177065	0.00533817	0.409869	0.0545561	0.0138502	0.0775389	0.0608771	0.0297815	0.00164287	7.11893e-06	
0.00322902	6.00443e-05	0.0216903	0.000323809	7.8344e-09	0.0329339	0.00294725	0.0215338	0.0133383	0.00131595	4.5094e-09	0.470072	0.000130115	0.0107688	0.00328738	0.245239	0.15755	0.0154184	2.20364e-41	0.000162779	
0.0964967	0.0133418	0.00696809	0.00858867	0.00486184	0.0218155	0.00126683	0.0291135	7.38825e-05	0.00403236	0.0120484	0.137564	0.0157662	0.00911711	0.00119182	0.244975	0.364134	0.028645	2.02189e-08	1.39667e-09	
0.0144529	0.0073574	0.00798509	0.0392333	0.00218472	0.820272	0.00679963	0.00629191	0.0106092	0.00277	0.00275211	0.00378106	0.00163618	0.00226585	0.0203776	0.0229438	0.0102872	0.0165746	0.000752687	0.000672995	
0.0204069	0.000465814	2.52644e-06	0.000196099	0.0178341	0.0027853	0.000760094	0.083369	1.49219e-05	0.0100772	0.07234	0.00379907	4.22163e-06	0.00522062	0.00458781	0.0295855	0.745453	0.00309795	8.74546e-09	5.16564e-17	
0.0164928	0.0253926	0.0199837	0.0143774	0.164115	0.00795856	0.136703	0.0244708	0.0098133	0.0658468	0.00219637	0.0396858	0.0203577	0.0370952	0.0281514	0.0293727	0.012211	0.0110046	0.000713032	0.334058	
0.0210445	0.256365	0.00673037	0.00073165	0.177091	0.00152319	0.0244754	0.00547309	0.0138287	0.0213837	0.000243166	0.0351689	8.24217e-05	0.00374454	3.00909e-09	0.0697	0.00553728	0.0341537	0.0385358	0.284187	
0.00663982	1.11326e-12	0.000819876	4.54809e-06	0.208788	0.00149571	0.00081709	0.300036	3.04036e-10	0.305348	0.0126401	8.29439e-07	7.7205e-06	0.00470588	0.0112663	0.00216247	0.00355316	0.126985	2.77283e-12	0.0147297	
0.0193852	0.202481	0.0778392	0.000286054	0.00920966	0.000515665	0.00456008	0.0912357	2.41938e-09	0.184326	0.0237007	0.068529	0.0101526	0.0034617	1.74276e-07	0.111894	0.188422	0.0039197	1.74511e-16	8.07874e-05	
0.00779411	0.000792465	1.20613e-08	0.00103351	0.000548543	1.47981e-05	3.89448e-12	0.00481239	0.000866794	0.00697081	0.00202242	0.0130404	2.75764e-05	0.00654446	6.35151e-05	0.420772	0.528331	0.0014419	3.88845e-27	0.00492357	
0.146744	0.00322278	0.100349	0.000176579	2.22574e-06	1.12667e-07	0.0371962	0.0976674	0.0368724	0.000855088	0.000578852	0.10939	9.31389e-13	0.0329528	0.00912574	0.0696364	0.23395	0.113668	0.00726239	0.000350955	
5.08383e-06	0.0452466	0.00419667	0.00134447	0.0241171	0.035264	0.0808577	0.0301639	0.0549663	0.0107583	6.98212e-05	0.327355	0.0203262	0.0328334	0.033657	0.170872	0.0532528	5.48964e-05	0.00428752	0.0703705	
0.0801626	8.9447e-07	0.0167974	0.043283	8.13764e-05	0.0077894	0.00578611	0.036392	0.0359314	0.0392907	0.0586072	0.121886	9.76646e-05	0.00699416	0.00754141	0.253271	0.281185	0.00485627	4.16132e-05	4.85176e-06	
0.171005	0.00814995	0.000162916	0.000196263	0.00578953	2.00206e-05	0.00385161	0.0346265	0.330265	0.0111196	1.3284e-06	0.0222706	0.000678758	1.09005e-05	0.173405	0.015887	0.105092	0.115816	2.63322e-23	0.00165109	
0.0300488	0.00413359	0.017234	0.0508423	0.0412642	0.00948475	0.0768378	0.0501685	0.100052	0.159978	0.0239207	0.0468122	0.0267323	0.139773	0.0769728	0.0518087	0.0400859	0.0465983	0.00363255	0.00361998	
0.0249582	0.00522986	0.0685938	0.152088	7.41241e-10	0.00888671	0.0607989	0.0388604	0.132156	0.0156055	0.0159702	0.194147	0.0107947	0.0430474	0.0591837	0.0569479	0.0346816	0.030492	7.32648e-05	0.0474842	
0.0260186	2.72121e-05	0.00360515	0.00202848	0.0172108	3.61792e-07	0.00196573	0.00268775	0.00021117	0.00739018	0.00779623	0.000138025	0.0370309	0.000459762	0.000469283	0.719856	0.164313	0.000203927	2.5362e-11	0.00858785	
0.0445733	0.022023	0.0272344	0.00217827	0.112234	2.16574e-06	0.000394481	0.0165551	0.0405571	0.171857	1.44629e-05	0.00459036	0.128285	0.0439648	3.64185e-11	0.32827	0.00523102	0.0328356	3.59781e-05	0.0191638	
0.0146012	0.00212293	0.0139448	0.000300112	0.00179346	0.00998419	0.117191	0.000310375	0.0280313	0.000565872	5.44297e-05	0.618699	0.0118415	0.0155339	5.17062e-05	0.0775655	0.0776211	0.00439818	6.60689e-09	0.00538924	
0.00264432	0.000110814	0.00699475	0.000114829	0.0130731	0.0010341	0.00219129	0.486217	0.0166088	0.0287304	0.00193231	0.00648274	0.000514517	0.0003304	0.00865068	0.00406742	0.259463	0.159471	0.000302391	0.00106616	
0.00166505	0.000113929	0.0102337	0.000105325	7.8303e-08	0.000500673	0.0509916	0.00258911	0.388584	0.00205551	0.00540764	0.000127572	1.29278e-06	0.115366	0.362525	0.00777204	0.0044089	0.00173696	3.70536e-07	0.0458152	
0.000854996	0.10032	0.00232185	0.00244177	0.0273291	0.00966366	0.155541	0.0323588	0.0485263	0.0747511	0.00220017	0.0590186	0.0128194	0.0792302	0.20336	0.0790411	0.0270682	0.0172531	0.00127695	0.0646246	
0.0352992	1.54501e-07	0.0216748	0.00545872	0.0149822	1.06584e-05	0.005738	0.216071	2.43867e-05	0.0287555	0.0737643	0.150631	0.0692094	5.19762e-05	9.61021e-05	0.0500508	0.12425	0.20284	0.00107977	1.21611e-05	
0.0179034	0.0886572	0.0127053	0.000185733	1.16306e-06	0.00537877	0.130128	0.00709524	0.0258766	0.009068	0.00212849	0.00095298	0.0656043	0.0244609	0.585991	0.00154453	0.00289594	0.0181389	1.45375e-16	0.00128316	
0.12193	5.73978e-05	0.00552579	0.0135245	0.0747017	0.0111026	0.0308689	0.137758	0.0615165	0.0582233	0.00694608	0.00913916	0.00875924	0.0220895	0.00543388	0.109601	0.163011	0.124477	2.02233e-05	0.0353137	
0.317785	0.0356474	0.000312931	0.0010041	1.4457e-05	0.0142572	0.00278054	0.015434	0.00558422	0.0646485	0.0160417	0.000112919	0.00208122	0.0216494	6.83052e-10	0.19331	0.227898	0.0814318	5.81463e-08	6.02008e-06	
0.17521	6.10477e-10	0.115519	0.0915236	8.18418e-07	0.098069	0.00394389	0.00996763	0.0111261	0.000264008	0.00479906	0.0991861	0.0124505	0.00207219	0.0029734	0.229759	0.109612	0.0290302	2.46997e-06	0.00448968	
0.00193251	0.00555569	0.000413941	0.00678461	0.00933442	5.17641e-07	0.0331473	0.004774	0.0118981	0.00211733	4.89591e-06	0.730869	9.33727e-06	0.00107405	0.00181927	0.186013	0.00359651	0.000588585	2.51984e-15	6.64954e-05	
0.0170558	0.0451767	0.00332385	0.00784164	4.75063e-09	0.00106123	0.0137821	0.0300392	0.0010976	0.312805	0.0589671	0.0806814	0.0108186	0.0275603	0.00359649	0.347723	0.0306151	2.56959e-08	2.66111e-05	0.00782891	
0.0222007	7.29008e-05	0.00118049	0.0812613	0.00148815	0.00223079	0.00286109	0.109703	0.143879	0.210122	0.116198	0.0238857	3.21945e-05	0.172475	0.0641073	0.00239042	0.0182036	0.00192951	9.99011e-18	0.0257786	
0.0572517	0.000512627	1.41552e-07	0.0017666	0.0477931	4.76523e-07	2.58162e-05	0.00107375	0.0973961	0.0826905	0.0305911	0.016767	0.0508475	0.0452795	0.0813373	0.361655	0.109121	0.0158576	3.37487e-05	3.82409e-09	
0.00374859	0.0248683	0.000167914	0.0193362	9.53429e-07	0.0031041	0.0107138	0.169408	0.0710577	0.292477	0.00511239	0.236158	0.00011465	0.000362245	0.00223949	0.0316529	0.0263239	0.102267	7.73953e-11	0.000887612	
0.00212064	0.0183399	0.010856	0.0422181	0.00655633	0.0221748	0.0470255	0.00779208	0.113055	0.0326981	0.00305741	0.0390558	0.0266799	0.235916	0.265396	0.0623188	0.04847	5.28523e-05	0.00505028	0.0111673	
0.00619384	0.00458512	0.031075	0.00419391	0.0388345	0.00502134	0.0136461	0.22037	0.0267608	0.0304389	0.0627521	0.168694	4.37005e-05	0.016297	0.00019136	0.102501	0.150413	0.117662	0.000325787	1.2299e-09	
0.00665328	0.0108256	0.0956389	0.0107807	0.0147733	8.05786e-07	0.157481	0.0102516	0.129428	0.0210543	2.28599e-05	0.272592	6.92688e-06	0.0493694	0.102893	0.046162	0.00508755	0.00794566	1.64368e-07	0.0590337	
0.00539401	1.23069e-08	1.36735e-05	1.83469e-06	0.28791	0.0163464	0.0136845	0.143478	0.000996932	0.175972	1.81105e-10	0.00408925	0.0450146	4.00306e-06	0.00066277	0.0715	0.00694911	0.122272	1.2401e-15	0.10571	
0.0394284	0.000514669	0.050982	0.000790672	0.0124572	4.96175e-06	0.0652487	0.279001	4.14448e-05	0.0304392	0.000201878	0.356421	0.0012617	0.000448512	5.44107e-08	0.00162223	0.139709	0.0175727	1.67263e-07	0.0038537	
0.0387964	0.0203615	3.44818e-06	2.02705e-10	0.0525463	0.0119096	0.24173	0.0217168	0.00160903	0.101706	0.0197741	0.0490353	0.0423385	0.217757	1.85167e-05	0.087511	0.0243111	0.0238273	1.35273e-18	0.0450475	
0.0228757	0.0651782	0.0438117	0.00785006	0.112955	0.0299003	0.000258038	0.0560521	0.0347818	0.0813728	0.0143207	0.0418837	0.0137763	1.02452e-08	0.0254768	0.261104	0.0512499	0.0542028	0.00960008	0.0733507	
0.0953209	2.23616e-17	8.25093e-07	0.0252584	0.00200657	2.80244e-05	0.0170409	0.154078	0.180075	0.0503559	0.0444906	0.0179946	8.27153e-06	0.0304728	0.0229347	0.0821346	0.208916	0.0687916	2.57629e-20	9.18121e-05	
0.0766074	9.99538e-08	1.74112e-05	0.00807052	0.0115142	0.100954	0.0180567	0.000574558	0.0475136	0.0137428	0.00543404	2.5633e-05	0.118287	0.000763249	0.187899	0.160215	0.219506	0.00010294	8.49526e-13	0.0307151	
0.0785756	0.0700216	0.0463612	0.0613877	0.131692	6.79629e-06	2.50382e-05	0.000295064	0.12725	1.80485e-06	0.000964869	0.240137	7.16059e-05	0.105535	0.0125547	0.0035739	5.82492e-05	0.000478919	0.0272879	0.0937214	
0.0622641	0.000424877	0.0460533	0.0104886	5.78834e-05	0.28068	9.70684e-05	0.0150687	0.0333193	0.0286775	0.00909765	0.12327	0.00328772	0.00610418	0.0321544	0.272066	0.0272605	0.0383204	1.75268e-12	0.0113082	
0.0700526	0.0298439	0.00176919	0.000400761	0.000282718	0.0892828	0.186441	0.000345058	0.0145222	0.000184238	4.12407e-05	0.00258311	0.00296166	3.04781e-06	0.585352	0.00461159	0.00276402	0.00584674	0.00169358	0.00101784	
0.0240503	0.0647787	0.000250883	2.88259e-08	0.100422	0.00295971	0.00246364	0.125288	0.0111225	0.185657	0.185972	0.0107414	0.00204764	5.15567e-10	0.017498	0.0263187	0.0702411	0.0979061	3.36641e-10	0.0722819	
0.0222479	3.10639e-07	7.78761e-05	0.00173337	0.0927406	0.0468375	0.0818272	0.114517	0.0134639	0.22085	0.0506858	0.116021	2.79706e-10	0.0119095	4.76055e-06	0.00629319	0.0209883	0.114988	4.18937e-05	0.084772	
0.0171377	6.29463e-10	0.46906	0.0317207	9.39367e-05	1.23495e-05	0.000158005	0.064009	0.0533937	0.121868	0.000369738	0.1338	1.43342e-05	4.65234e-05	0.0258824	0.0261384	0.0121953	0.0440444	5.81107e-17	5.46948e-05	
0.00594868	0.0306575	0.00473178	0.0272051	0.000164463	0.596257	0.00950647	0.000625026	8.87656e-05	0.0205706	0.00120418	0.0182367	0.00527781	1.27799e-10	0.00364456	0.245561	1.71584e-06	0.0111177	1.85878e-06	0.019199	
0.0884589	0.0236656	1.10666e-10	0.000200891	0.0140932	0.322308	1.00011e-06	0.00566209	0.000908573	0.00895699	0.00118259	4.3008e-07	1.5597e-05	0.014567	6.34104e-06	0.43797	0.0779468	1.38286e-06	3.20145e-17	0.00405426	
9.47272e-05	1.9264e-05	0.213482	1.38384e-10	1.08918e-05	0.249255	0.047491	0.000534731	6.01077e-05	0.00709179	0.0015745	0.376376	0.00360625	4.7514e-06	0.000196069	0.0940975	0.00265366	0.000384544	4.87304e-05	0.00301846	
0.23746	0.00521644	0.00899084	0.00542971	0.000247828	0.646795	0.000583289	0.00436368	0.00133126	5.74011e-05	0.00360776	3.59155e-07	0.000164956	0.00546875	0.0103809	0.0366915	0.0318181	0.00105217	7.84878e-06	0.000332889	
0.0105892	0.00354161	0.241302	0.125539	0.00373233	0.312961	0.00567896	0.010145	0.0377646	0.00292484	0.00390176	0.144887	0.00280753	0.0128719	0.0155521	0.0418273	0.000127683	0.0234801	0.000148684	0.000217646	
0.0116668	4.56245e-05	0.349023	8.20534e-07	0.00115623	0.000115899	0.00165435	0.00303468	0.00279879	0.00187031	0.00135137	0.509708	4.9114e-05	9.76483e-05	6.7484e-05	0.0735865	0.0371593	0.000316473	0.00574056	0.000557536	
0.000883967	0.000240487	0.000189058	0.0331858	0.0369147	0.259069	0.00298901	0.00512517	0.0047063	0.251745	0.00574539	0.0633943	0.0451877	0.0408261	0.0251114	0.00200592	0.103522	0.0221535	6.78779e-08	0.0970054	
0.0434974	0.000842867	0.0252431	0.00081852	2.31921e-10	0.0386371	0.0291529	5.48944e-05	5.64501e-05	0.0344387	6.55715e-05	0.00366837	0.331989	0.0428913	0.323981	0.0981243	0.0178215	0.00560647	0.00307784	3.23692e-05	
0.0704157	0.0075613	0.0593676	0.0904335	0.0129864	0.00438238	0.0066585	1.72366e-05	0.0227587	0.056529	0.00217091	0.0287072	0.388525	0.0731892	0.0149818	0.125107	0.030119	0.00586648	4.63815e-27	0.000223271	
0.280055	0.00864704	7.28935e-19	0.0568519	0.0164942	0.189357	6.16657e-06	0.0277171	0.0133293	0.0330646	0.0335428	0.0127535	9.04834e-05	0.00149214	0.0754103	0.109612	0.038099	0.103476	1.09956e-07	8.28325e-07	
0.000121078	0.00578069	0.00125648	0.000562729	0.0003117	0.0587055	0.00910984	0.0110648	0.357924	2.17566e-05	0.000802643	0.299351	4.71256e-05	0.000226407	0.00462752	0.214086	0.0311066	0.000996821	1.20652e-09	0.00389719	
0.00325688	2.91684e-05	3.07873e-06	1.1238e-05	0.00150281	0.0155471	0.18313	4.48764e-05	0.0446231	0.0255642	0.000266559	0.00881416	0.00106353	0.0768535	0.595097	0.0167015	0.0159885	0.00363718	0.00786343	1.50992e-06	
0.00278767	0.000170124	0.0163043	0.0159939	6.40981e-05	0.00868259	0.0402665	0.000133072	0.239992	0.00504926	1.8e-05	0.287115	7.53768e-05	0.00634942	0.00392656	0.0898709	0.155518	0.127684	3.48385e-07	4.98272e-11	
0.117714	0.0178155	0.0100641	0.000185497	0.00933851	1.67503e-05	0.000329236	0.000181621	0.0990712	0.000336343	0.00435415	0.234151	0.0240485	0.0342248	6.54615e-07	0.082762	0.335542	0.000416938	0.000233963	0.0292134	
