CATSBDP
1	-1	19136
1
1.8
0	0
0	0
../../data/clustal34_ag_lt0.26.phy
4
0
Universal

0
0
0
0
10	0
0
(((((Qwaq_sco:0.135102246860829,((Syne_gif:0.0333195410483599,(Syne_umb:0.0165217203683448,Syne_jap:0.0166777660353501):0.0323785925560715):0.00938362111695165,Syne_ito:0.03536286960022):0.13030802704368):0.00444857315627683,((((Hedic_le:0.0678529663096024,(Aula_tav:0.0403192621372827,Isoc_cen:0.0559943779849985):0.0149145752007427):0.0038871367204197,Aylax_hy:0.0493486424717785):0.0676871775072834,Phana_JH:0.143069399977644):0.0112676656213111,(Escha_ac:0.847520958328846,(((Cecin_ib:0.390017274634228,(Nasoniav:1.29224628899117,(Orussusa:0.865821319828261,Micropld:1.51876948499951):0.159534444465782):0.601342947887708):0.163315485553708,(Pedia_ac:0.17841842548889,Dipl_spi:0.21808999468806):0.0287974229236492):0.0260113352951785,(Parn_nig:0.124402253814328,((Callas_no:0.186079902143462,((Lepto_bo:0.119688849206987,(Lepto_cl:0.0825343176775766,Lepto_he:0.124064509823253):0.0381742640104962):0.174819458257319,Gana_sp1:0.208963664581345):0.205099005172477):0.00791561733660908,(Phaen_vi:0.125010645893885,Allox_ar:0.192866620004561):0.0435863867976359):0.0227121383285783):0.038282730204323):0.0132507877282335):0.081619002452548):0.00864475066073332):0.0158891131902469,(Peric_JH:0.0750778942934493,Diast_ki:0.0581172397624754):0.0673197940963481):0.00504306592624834,(Prot_spe:0.107850189676096,(((Bior_pal:0.07455744908646,(Andr_qln:0.104959221091541,Beloc_tr:0.0394111631806383):0.0056299310973551):0.0184022271639609,(Andr_gro:0.0873151632406011,(Andr_qrm:0.033336235283739,Andr_cur:0.0395250445059035):0.00904675312664044):0.00435521936568693):0.0354105535049477,Calli_sp:0.143491566558303):0.0250293065406898):0.015186401277001):0.00366513306817782,Cerop_ma:0.124023182063974,Irae_his:0.0990880439410955);
(((((Qwaq_sco:0.135102246860829,((Syne_gif:0.0333195410483599,(Syne_umb:0.0165217203683448,Syne_jap:0.0166777660353501):0.0323785925560715):0.00938362111695165,Syne_ito:0.03536286960022):0.13030802704368):0.00444857315627683,((((Hedic_le:0.0678529663096024,(Aula_tav:0.0403192621372827,Isoc_cen:0.0559943779849985):0.0149145752007427):0.0038871367204197,Aylax_hy:0.0493486424717785):0.0676871775072834,Phana_JH:0.143069399977644):0.0112676656213111,(Escha_ac:0.847520958328846,(((Cecin_ib:0.390017274634228,(Nasoniav:1.29224628899117,(Orussusa:0.865821319828261,Micropld:1.51876948499951):0.159534444465782):0.601342947887708):0.163315485553708,(Pedia_ac:0.17841842548889,Dipl_spi:0.21808999468806):0.0287974229236492):0.0260113352951785,(Parn_nig:0.124402253814328,((Callas_no:0.186079902143462,((Lepto_bo:0.119688849206987,(Lepto_cl:0.0825343176775766,Lepto_he:0.124064509823253):0.0381742640104962):0.174819458257319,Gana_sp1:0.208963664581345):0.205099005172477):0.00791561733660908,(Phaen_vi:0.125010645893885,Allox_ar:0.192866620004561):0.0435863867976359):0.0227121383285783):0.038282730204323):0.0132507877282335):0.081619002452548):0.00864475066073332):0.0158891131902469,(Peric_JH:0.0750778942934493,Diast_ki:0.0581172397624754):0.0673197940963481):0.00504306592624834,(Prot_spe:0.107850189676096,(((Bior_pal:0.07455744908646,(Andr_qln:0.104959221091541,Beloc_tr:0.0394111631806383):0.0056299310973551):0.0184022271639609,(Andr_gro:0.0873151632406011,(Andr_qrm:0.033336235283739,Andr_cur:0.0395250445059035):0.00904675312664044):0.00435521936568693):0.0354105535049477,Calli_sp:0.143491566558303):0.0250293065406898):0.015186401277001):0.00366513306817782,Cerop_ma:0.124023182063974,Irae_his:0.0990880439410955);
1
9.38607
0.595514
5000
29.2052
0.342138	0.150239	0.162802	0.198886	0.195491	0.254395	0.188695	0.360183	0.303245	0.337874	0.177729	0.297088	0.174205	0.208147	0.247114	0.493665	0.362294	0.33212	0.0486731	0.154352	

9.40203e-05	6.82464e-05	0.000621441	0.000579566	2.04007e-05	0.0030957	0.00055341	0.00418701	3.21006e-07	0.000139295	1.65322e-06	0.987642	1.88348e-08	7.20539e-08	5.70229e-08	0.00147932	0.000524613	0.000536788	2.95691e-08	0.000456344	
0.0461124	0.00680075	0.0172915	0.0167685	0.0208857	0.00336298	0.0178949	0.0242295	0.0289029	0.08164	0.00779852	0.0424059	0.173386	0.0297794	0.0229054	0.310241	0.117956	0.0220776	0.00179437	0.00776639	
0.00272857	2.46004e-06	1.23375e-09	0.00169195	2.89727e-07	0.000930561	0.0329787	0.000294279	0.00293165	0.00725509	0.000169753	0.000160642	0.00475913	0.936761	2.83274e-05	0.00216562	0.00512103	0.00201716	3.87583e-06	5.09946e-11	
0.00065743	0.000949876	0.0264392	0.920862	0.00134765	0.00790897	0.000199294	0.00178093	0.00151999	0.00490845	0.000967717	0.000757798	4.28231e-08	0.0220706	0.00177625	0.00038449	0.00198227	0.00544915	4.03965e-15	3.80217e-05	
0.00977914	0.00047774	0.000919996	3.59394e-05	0.00209531	0.0015393	2.76658e-11	0.197464	7.26051e-08	0.0281626	0.00612592	0.000264894	0.00184102	5.84318e-09	3.86561e-05	1.5097e-05	0.00529517	0.744503	2.11606e-09	0.00144233	
0.0162758	0.00425994	0.0468778	0.0172286	0.0274678	0.000160631	0.0154724	0.222064	0.0543317	0.0646862	0.0952475	0.150883	0.000310814	0.0165657	0.0180021	0.0638614	0.0757229	0.0995925	8.62037e-54	0.0109893	
0.00316346	2.51374e-07	0.000343265	0.0031614	0.00373295	0.00198781	1.54227e-07	0.0926001	0.00439505	0.109086	0.682716	0.00022041	0.00184225	0.000735545	0.000199247	0.0121162	0.0361919	0.0442597	1.48188e-19	0.00324869	
0.01124	0.00610256	0.346818	0.151832	0.00465471	0.0463846	0.0227893	0.0117987	0.0437231	0.0102706	0.000425255	0.192025	0.0123386	0.00928971	0.00212897	0.0648984	0.0243527	0.0195544	2.91581e-18	0.0193734	
0.0510474	0.0114958	0.000517192	0.00229674	0.00019653	0.000888531	9.55183e-05	0.0379967	0.0766379	3.13529e-06	0.0288071	0.010797	0.000676298	0.0534745	0.0385363	0.196791	0.470568	0.0188538	1.28794e-17	0.000320296	
0.000190881	0.00348551	9.42261e-06	4.35981e-06	0.0340928	0.000796718	0.00987722	0.00282033	0.0022902	0.00180163	3.35328e-07	0.00280135	1.32419e-05	2.00859e-05	0.00226845	0.000569694	0.000260788	0.00184388	0.000105377	0.936748	
0.021816	0.00104766	0.271688	0.468008	0.00122814	0.026833	0.00905223	0.00761812	0.0380413	0.00648385	0.00187587	0.0472334	0.00517243	0.041104	0.00809763	0.0177921	0.0122612	0.0106755	0.000390822	0.00358072	
0.00890224	5.14689e-08	0.212855	0.73982	5.52339e-05	0.00594403	1.83091e-05	0.000769931	0.0104069	0.000342127	2.68702e-09	0.00129662	0.00223416	0.0111617	0.000277884	0.00275464	0.00100322	0.00215766	5.20334e-16	4.86028e-10	
0.000447361	1.49383e-05	0.0105577	2.83703e-14	2.5888e-05	0.000130983	0.0366037	0.000200408	0.0225861	6.72173e-06	8.35364e-05	0.779012	0.00150206	4.62749e-05	1.73993e-05	0.102234	0.034421	0.000287961	1.35346e-19	0.0118226	
0.0141592	4.12449e-05	0.0204231	0.000260443	0.0227792	0.00542318	0.00451518	0.433025	0.000497519	0.1942	0.0220256	0.0127959	0.0299962	0.0100735	0.0178922	0.00187857	0.0177015	0.191225	2.39166e-12	0.00108771	
0.00727088	0.00307424	0.00267286	0.00237146	0.000373225	0.957228	2.12858e-05	0.00201768	0.00166635	0.0012681	5.20731e-13	0.00177378	9.23118e-05	0.000739492	0.00247089	0.0152238	0.000876177	0.000212953	3.83571e-11	0.000646038	
0.0010051	0.00222821	0.000224339	1.38732e-08	3.11162e-07	4.4591e-05	3.70752e-05	0.0344075	0.00490841	0.0208039	0.927266	0.000367254	9.51746e-06	5.34658e-13	0.00505208	0.00265023	2.63126e-06	0.000815688	0.000174782	1.91813e-06	
0.10727	7.89573e-07	0.00163085	0.00837374	0.00146038	0.0082977	1.16887e-05	0.171227	0.0103547	0.013357	0.0153076	0.00966644	0.0173702	6.46477e-06	0.00655151	0.0965455	0.451043	0.0806409	0.000175263	0.000708875	
0.211273	0.000841778	0.175404	0.103024	0.00039508	0.0705524	0.00579636	0.00441801	2.44314e-05	0.00479886	0.00808292	0.0930218	0.00280048	0.00645728	8.29362e-06	0.214629	0.0697059	0.0241339	3.50759e-05	0.00459728	
0.0750487	0.000854426	0.00704571	0.0205335	0.0185975	0.0383465	0.00408241	0.194254	0.0129128	0.12587	0.100757	0.0221853	0.0218906	0.0106357	0.0149262	0.041264	0.0769001	0.203118	0.00152734	0.00925007	
3.52396e-11	0.02488	0.000740539	0.0101324	0.00843788	0.0196573	0.0341919	0.0144899	0.0142704	0.00579507	0.000284241	0.0306332	0.307667	0.0220828	0.020732	0.469972	0.0155874	5.08172e-07	3.24177e-10	0.000445422	
0.0569445	0.000205646	0.0429408	0.105396	0.00283118	0.44742	0.00541982	0.0077355	0.03843	0.0184634	0.00480161	0.0185404	0.00998812	0.0160063	0.112509	0.0653257	0.0154745	0.0298611	0.00128173	0.000425368	
0.139627	0.0883959	0.000596397	7.16522e-07	0.0124267	0.00724332	3.9481e-16	0.123947	0.00994034	0.167677	4.19211e-05	0.0189641	0.014706	0.000165274	9.91281e-09	0.0807137	0.0412435	0.287763	0.000806791	0.00574114	
0.0670759	0.00314885	0.0305061	0.0664181	0.00552224	0.0133559	0.00597982	0.00185428	0.0279568	0.0494135	0.000174146	0.0289651	0.409436	0.0933122	0.0255408	0.109378	0.0363016	0.0236151	0.000740385	0.00130555	
0.0105129	0.00164192	2.39901e-08	0.00357538	0.0210195	0.00475286	0.00108929	0.242133	1.05887e-06	0.346406	0.298156	0.00694474	0.000204127	0.000857628	0.00139515	0.00713887	0.00343612	0.0487483	0.00198695	3.24278e-08	
0.898154	8.39534e-10	3.90089e-08	0.00121723	0.00122303	0.0130062	4.64346e-07	1.87737e-05	0.000758592	0.00264879	1.54618e-05	8.21528e-06	0.000750482	0.00073088	0.000161155	0.035698	0.0236865	0.0218352	8.68466e-05	4.60867e-09	
0.25256	0.0056622	0.00565235	0.00023448	0.025255	0.0122637	0.00804197	0.0526773	0.00427824	0.0393196	8.96944e-05	0.0509881	0.0446947	0.0181927	0.00247426	0.162733	0.189867	0.119305	1.0287e-08	0.0057115	
0.21667	4.71947e-08	2.90497e-06	7.33652e-06	0.000431496	0.233018	0.0147178	0.0147961	0.00099413	7.05673e-05	7.68519e-09	0.0630622	0.0796215	0.00880547	2.63935e-06	0.160634	0.0849073	0.122232	3.97584e-21	2.66888e-05	
0.000100147	0.00250206	0.00101031	0.00147645	3.15817e-05	1.8013e-05	0.00155818	0.00684541	0.351664	0.000666694	0.00163136	0.000325152	0.0011175	0.0157381	0.602698	0.00779425	2.91036e-07	0.00478005	1.59573e-20	4.27072e-05	
0.092621	0.338975	0.00293985	0.00237951	0.0527508	0.0343857	2.03693e-05	0.0123512	0.000145424	0.0215685	2.61049e-08	0.00251839	8.43717e-08	0.00191609	0.00110914	0.372032	0.0339761	0.0154959	2.83946e-11	0.0148145	
0.00863825	0.0018741	0.572478	0.13489	0.000997057	0.0226315	0.0182521	0.000645395	0.0169804	0.00366139	0.000133025	0.165015	0.00161365	0.0106833	0.00251638	0.0148483	0.0065684	0.003686	8.59115e-05	0.0138011	
0.00156693	0.00146484	0.00141833	5.09448e-05	0.0149749	0.00168707	8.87023e-07	0.0286119	0.000106681	0.848112	0.0746559	0.00109483	1.34566e-05	0.00651311	0.00224011	0.00401032	0.000559377	0.0129142	2.38469e-20	4.2874e-06	
0.0129681	0.00413154	0.00159781	0.0181232	0.050536	0.00028804	0.0014659	0.0798871	0.00393382	0.552592	0.0189642	1.44117e-07	0.0165445	0.0636304	0.00206134	0.0740516	0.00499003	0.087232	3.48646e-07	0.00700165	
0.00145195	6.93638e-05	0.00160022	0.00150777	2.51532e-05	0.00121482	0.931534	0.00121291	0.000419988	0.00493641	2.64455e-05	0.00901624	0.00218786	0.0235142	0.00219167	0.00373363	0.00334561	2.57281e-05	4.42832e-09	0.0119865	
0.00140627	0.000635471	0.00120418	1.40011e-05	6.47741e-05	0.000414763	0.000308871	0.000146217	0.917583	4.10538e-05	0.0031228	0.00607307	9.88956e-08	0.00167121	0.0619166	0.000937138	0.00299429	0.000537095	1.56444e-07	0.000928552	
0.00152542	4.98855e-08	0.963431	2.71824e-06	0.000390145	0.000253412	0.000229369	0.00156318	0.000140887	0.000134503	0.000286212	0.028668	6.8014e-05	1.97024e-06	2.97698e-06	0.000413414	0.00253752	0.000124969	1.09666e-05	0.000214865	
0.101457	9.21291e-06	3.8225e-05	0.00615168	0.008598	0.0165392	0.000822369	1.70441e-05	0.0137163	0.05899	0.00508068	0.00478172	0.314415	2.30425e-06	0.010188	0.401216	0.0530955	0.00487134	2.12781e-06	7.80874e-06	
0.00284727	0.0178818	3.77657e-05	0.00794987	0.00405694	0.0171124	0.0380428	0.00203481	0.0584425	0.0288958	0.00292743	0.0112044	5.05835e-06	0.0447976	0.736615	0.0156385	0.00269998	0.00663863	6.30908e-07	0.00217052	
0.0014286	0.000582088	2.85145e-12	2.75957e-05	0.104029	0.00356984	0.00708286	0.113734	0.0156788	0.576432	0.0542983	0.000553557	0.0152687	0.00815786	0.012951	0.00824536	0.018553	0.0411514	0.000884035	0.0173718	
0.0101285	1.50312e-16	0.00231427	7.07273e-05	0.0161766	0.00238465	0.0104062	0.105208	0.011778	0.10026	0.0999301	9.66527e-05	6.33709e-05	0.000150339	0.00180303	0.00111897	0.00413698	0.633815	0.000159022	4.90707e-12	
8.34391e-07	0.00438714	0.141804	0.0127222	1.70947e-05	0.179293	3.59747e-06	0.0314695	0.072212	0.00559322	7.34346e-09	0.148427	8.29649e-10	0.00159429	0.167872	0.2034	0.0293068	0.00128938	2.08067e-09	0.000607605	
0.00736735	0.00341949	0.00694746	0.0111218	0.00364032	0.0158566	0.00970954	0.00316572	0.28135	2.57001e-11	0.00884325	0.0171672	4.27313e-06	0.0333459	0.494677	0.0443846	0.0320496	0.00595322	0.00562368	0.0153722	
1.89321e-05	0.000470623	0.000329593	0.000217691	0.971066	0.000205898	5.18301e-06	0.000736116	0.000248156	0.00647332	0.000144263	0.000616853	0.00118955	0.000620147	0.000879835	0.00109804	0.000137545	0.000461007	0.000496566	0.0145845	
0.0304438	0.0141542	0.00873366	0.0193427	0.0435831	0.0241575	0.108764	0.037334	0.032228	0.245303	0.0478949	0.0203148	0.0505522	0.121574	0.0519223	0.0727351	0.0374935	0.0334183	3.89273e-15	5.12936e-05	
0.000284496	9.13955e-06	6.43565e-07	5.86835e-06	0.0164703	0.000241678	6.3257e-07	0.0153803	3.51537e-07	0.964624	2.54766e-08	7.52666e-09	9.72772e-05	1.2655e-10	9.94662e-09	0.000616438	2.17725e-06	0.00125451	5.03095e-18	0.00101173	
0.00808244	0.0636183	1.82353e-05	4.61206e-05	0.339363	0.00152118	0.00678627	0.0163532	0.00939078	0.125966	0.0207723	0.0188869	0.0221748	3.45712e-05	0.0120051	0.111596	0.0276814	0.0111084	4.44366e-16	0.204595	
0.00376555	0.964994	0.000991653	1.30904e-12	0.00465914	0.00199938	3.25857e-11	0.000574683	0.000746553	0.00170325	6.53505e-05	0.000111489	9.17273e-10	5.0008e-05	5.40894e-05	0.0102968	0.00180328	0.00516734	2.12788e-24	0.0030172	
0.000258575	0.00275816	0.000167327	0.000596446	0.0103355	0.000711923	0.00187369	0.0736096	0.00250863	0.842186	0.0127789	3.44674e-05	7.45078e-06	9.55329e-05	0.00490962	0.00614817	0.00338894	0.03461	0.00124575	0.00177562	
0.0434761	8.45867e-11	7.3076e-08	0.000575575	0.010987	0.00109612	0.00361649	0.38871	0.00764563	0.0588034	0.0247117	0.00936291	0.00322743	0.0014528	0.00129401	0.0096318	0.0407053	0.394157	0.000545458	1.90629e-06	
0.538165	5.89521e-06	9.44985e-05	0.00827736	0.00357765	0.018196	0.000508561	0.0358395	9.29208e-05	0.00759056	0.0145201	0.000907011	0.0142572	0.0013531	5.73666e-07	0.0474746	0.0995068	0.209633	1.19119e-10	1.96201e-08	
0.000682737	5.90185e-09	0.00105386	4.53295e-06	4.42389e-05	0.00201049	1.56237e-09	6.9957e-05	0.0142777	0.00206289	0.000445165	0.000293174	0.0004082	0.0029919	0.971308	0.00358755	0.000677007	8.2341e-05	5.87521e-45	4.14203e-08	
0.0277493	0.00186055	0.0762775	0.489233	0.0013622	0.0241008	0.00905957	0.0109067	0.126355	0.00863326	0.00316367	0.0186728	0.00572108	0.115452	0.0245514	0.0185679	0.0105747	0.0244594	4.66256e-18	0.00329919	
0.00789812	0.00208892	0.0181851	0.0677089	5.57804e-05	0.00455388	0.0106554	0.00542765	0.567836	0.00562522	0.00739825	0.0907857	0.000824945	0.0756286	0.0811227	0.0270639	0.0233785	0.0037328	1.10756e-10	2.92297e-05	
0.00834621	0.00688985	5.63197e-05	1.81049e-08	0.0466474	0.000677172	3.11159e-09	0.490086	0.00636944	0.106195	0.0510798	0.00211528	0.000663044	0.0021142	5.93977e-05	0.00276727	0.025325	0.240622	2.90558e-09	0.00998642	
0.0186953	9.45702e-05	0.0695568	0.0470718	0.00349129	0.705392	4.31277e-07	0.00390755	0.00696842	3.44231e-07	0.000284575	0.0741279	0.00833889	0.0204202	0.0159177	0.0173505	0.00564924	0.000384598	0.00234768	2.99236e-11	
0.0377221	3.05053e-09	0.0157603	0.0572216	0.000358454	0.0213437	0.00111046	0.0304356	0.359602	0.013486	0.0188831	0.0757269	0.0180558	0.0462896	0.106131	0.0655389	0.106989	0.0251989	1.7413e-07	0.00014574	
0.00320982	3.31539e-05	0.000635185	0.0313593	0.00403499	0.00804675	0.00463508	0.0181111	0.665632	0.0107984	0.00418946	0.0156141	0.00545904	0.0552958	0.142668	0.00374097	0.0159254	0.00705137	9.50371e-12	0.00356005	
0.189753	3.15383e-05	2.51114e-06	0.012146	5.86047e-06	0.0123036	0.0110348	0.0024927	0.00600748	0.00182847	0.00136644	0.0217505	0.344461	0.0413322	0.00250488	0.234487	0.111137	0.00568796	0.00113412	0.000532854	
0.0690706	0.0121898	0.0199446	0.0283766	0.00139173	0.635425	0.00178191	0.00185776	0.00446195	0.000196399	0.00161791	0.0342264	0.00669399	0.00105164	0.019917	0.128425	0.0190808	0.0142198	3.27182e-07	7.10475e-05	
0.030512	1.88135e-05	0.0468735	0.0363025	6.00747e-05	0.0280206	2.50044e-05	1.56775e-05	0.166813	0.00956317	1.60422e-05	0.271262	0.0187264	0.0262869	0.0240472	0.249101	0.0916192	0.000699343	3.80245e-14	3.77694e-05	
0.0212671	5.05314e-07	0.00240344	0.00154172	0.00879938	2.07125e-05	0.00171951	0.00252921	0.0040052	0.00587448	0.00220319	5.44719e-08	0.030832	2.16885e-06	0.00246994	0.766307	0.145461	9.51578e-08	1.78663e-13	0.00456337	
0.0298126	0.00166934	0.00463607	0.00315064	0.00102954	0.00611581	0.0116443	0.00355451	0.00358429	0.0244242	0.00151514	0.00220582	0.768322	0.0214338	0.00757522	0.080275	0.0214566	0.00530013	2.43306e-06	0.00229263	
0.00104954	0.00256685	9.5773e-07	0.00125526	0.00568673	0.000643214	0.000340231	0.00321219	0.00158075	0.00565931	0.000220206	1.21745e-05	0.00100713	0.000714528	0.000826092	0.000905026	0.000566296	9.10236e-07	0.967841	0.00591157	
0.00696687	6.97684e-09	0.0014071	0.0016733	0.241696	8.48893e-10	0.00679607	0.0258696	0.00135963	0.604513	0.0408549	0.00363806	1.14691e-08	0.00140119	7.2976e-05	0.0166187	0.0023598	0.0177092	0.0162996	0.0107647	
0.000457688	0.00172846	0.00111479	0.00287658	0.0143138	5.7412e-06	0.132348	0.0328949	0.306805	7.38551e-06	0.0254452	0.203455	1.30913e-07	0.0359299	0.16764	0.0353564	0.00888584	0.00700273	8.06173e-05	0.0236517	
0.0911162	0.0338034	0.0217496	0.0191037	0.0564406	0.0227669	0.00154286	0.0150503	0.0219592	0.0767309	0.0107269	0.02532	0.0155426	0.00896214	0.0107356	0.423529	0.0928142	0.0235742	0.00545314	0.0230785	
0.00107095	0.000191144	0.000486316	0.00203901	0.0131431	2.25966e-06	6.96556e-11	0.750014	0.00054808	0.100431	0.0465804	0.000150065	7.86662e-11	0.000247067	0.000695349	0.000687993	0.00079781	0.0812551	1.35492e-05	0.0016472	
0.00119917	1.29139e-07	0.704771	0.206158	0.000300373	0.00882076	8.2146e-13	0.00287541	0.00306394	5.16149e-05	0.000110389	0.044422	0.000105383	0.00230232	0.00125395	0.0162347	0.000357082	0.00682736	9.20818e-13	0.00114649	
0.00933314	0.00053646	7.37436e-05	0.000294554	0.0396993	6.40837e-07	0.00187484	0.315513	0.00274893	0.341004	0.0491704	1.06287e-05	5.29036e-05	0.000312591	0.00124929	4.72026e-05	0.0122648	0.222181	0.00339365	0.000239308	
0.286806	0.00693385	0.0200682	0.0448215	0.00424663	0.0373572	0.00449121	0.00382434	0.0326978	0.0165311	0.00914259	0.0276272	0.0434353	0.010855	0.0159422	0.175441	0.205114	0.0515457	3.31751e-06	0.00311616	
0.0162194	0.00186447	0.0992414	0.198951	0.00234811	0.0265678	0.0154094	0.0112989	0.247806	0.00834693	0.00550311	0.13962	0.0114244	0.0554266	0.0525888	0.0396626	0.0441584	0.0178182	1.52406e-11	0.00574466	
0.108249	0.00214196	0.0972618	0.131865	0.0189956	0.0608803	0.00646645	0.0853733	0.045566	0.0542598	0.0217699	0.0389721	0.0309747	0.0220786	0.0126037	0.0618577	0.0609279	0.133861	1.75445e-05	0.00587789	
0.0526373	0.0121777	0.00535499	0.0234898	0.0481648	0.0125621	0.0139327	0.150446	0.0832047	0.0611482	0.0314762	0.0316981	0.0155636	0.027757	0.0288274	0.0847159	0.160672	0.139368	0.00419811	0.0126062	
0.00148987	0.0251379	0.000780625	6.97257e-05	0.221597	1.35609e-10	0.0285446	0.000194862	9.79958e-09	0.00710401	0.00038585	0.00258934	2.98499e-06	0.00134331	1.42251e-07	0.0135557	2.78662e-06	0.000109777	0.0107632	0.686328	
0.143611	0.040786	0.000179992	0.00101158	0.0297758	0.00882131	0.000166422	0.00457262	0.000889451	0.0157795	2.11851e-05	0.000742968	0.00284079	3.98194e-07	0.00746193	0.726895	0.0077485	0.00186953	2.46421e-19	0.00682546	
0.00402978	0.0353059	0.0448198	0.0161108	0.00975508	0.00625965	0.228734	0.00600735	0.0792263	0.0285906	0.00243304	0.209918	0.00712233	0.0956047	0.0879584	0.0650624	0.00881682	0.0122506	1.26016e-22	0.0519942	
0.00404239	0.00137079	4.17296e-05	0.00794543	0.00448225	0.00888591	1.68542e-10	0.0172929	0.00515837	0.020824	3.9304e-07	0.0605072	1.89085e-08	9.46986e-06	0.00245341	0.36866	0.490248	0.000544332	0.00309353	0.004439	
6.38988e-06	2.67343e-09	0.000302644	0.000672065	0.71232	6.35799e-05	0.00644949	0.0302636	0.00503671	0.0487715	0.00682999	0.00155871	0.00163327	2.19034e-07	0.00053787	0.00647506	0.000432759	0.0161993	2.1693e-06	0.162445	
0.0637886	0.000342378	0.019112	0.00343511	0.020664	0.00233218	0.0261385	0.231496	0.000353524	0.0168959	0.0302276	0.117713	0.0568385	0.000208896	1.59739e-05	0.0613832	0.0864153	0.262024	0.000460907	0.000153804	
0.00185428	0.000227981	0.00184088	0.00750184	0.00285939	0.0566678	0.0220706	0.0102651	0.00108569	0.00215598	0.00473924	0.135105	0.00153445	1.02077e-06	0.0122799	0.595917	0.137946	0.00594108	8.87652e-10	6.99317e-06	
0.00392056	0.000945091	9.35715e-06	6.08516e-08	0.0018668	2.71299e-07	9.40405e-14	0.0260168	0.0769562	0.0123221	1.45185e-06	0.0144211	0.0240511	0.0310105	0.758561	0.0126252	0.00158903	0.000665142	0.0350281	9.96837e-06	
0.129694	7.98362e-06	0.109125	0.374204	4.69151e-09	0.10632	7.09951e-06	0.000343059	0.0763937	0.0101456	0.00168944	0.0137379	0.00172343	0.0243381	0.00889126	0.0575312	0.038713	0.045516	2.27855e-41	0.00161866	
0.0232262	2.44242e-05	0.0102929	0.00143836	0.0110941	0.0234542	0.124598	0.0102888	0.161715	0.0613052	3.18204e-05	0.00675634	0.000172905	0.325599	0.155117	0.0100291	0.000220838	0.00201983	1.38072e-11	0.0726155	
0.0189926	0.0246886	0.0319002	0.0185126	0.00491244	0.031858	0.0353	0.040219	0.0755802	0.0144212	0.00799591	0.31512	0.010988	0.0169991	0.0391043	0.200377	0.0845463	0.0116299	1.8777e-13	0.0168546	
0.000192261	0.00148227	3.70128e-07	0.000659157	1.85721e-06	0.00061087	2.81127e-06	0.720765	2.74544e-05	0.0197086	0.00457231	0.00117569	1.19884e-06	0.00117198	0.000173611	0.00291759	0.00120388	0.245333	2.37114e-10	1.1614e-10	
6.02267e-05	0.00406443	1.38085e-07	0.000749007	0.0285266	0.000293646	0.00929602	0.00340977	0.0757418	0.00290112	0.0242359	7.82414e-08	4.13574e-05	3.69374e-08	0.00345551	0.102369	0.69923	0.0122028	0.033348	7.40345e-05	
4.79098e-05	1.15856e-05	3.82564e-09	0.00122987	0.00488456	0.00756793	0.269819	0.000336707	0.0453446	0.000720776	0.000103199	0.000848478	0.000800608	0.0458969	0.589138	0.0129514	0.0091895	1.20051e-05	0.011097	2.44278e-08	
0.000733219	0.0277537	0.000428802	1.81292e-05	1.57049e-05	0.00822077	5.31294e-07	7.37007e-05	7.63488e-05	0.00364814	9.46546e-13	0.0149024	0.000516983	0.000182416	0.00288431	0.914848	0.0252817	4.92278e-05	2.3656e-46	0.000366327	
0.00892277	3.69616e-08	0.0240041	0.029031	0.0040699	0.000122564	0.417701	0.00257232	0.012189	0.020234	1.19881e-09	0.12468	0.0216592	0.203645	0.0362974	0.0281973	0.0151908	0.000126141	0.000138735	0.0512187	
0.291935	0.000556431	0.0112248	0.0525178	1.62978e-05	0.0171904	3.93493e-07	0.0665038	0.062264	0.0118443	0.00919413	0.0123209	0.000555526	0.0221492	0.0420411	0.0688529	0.230173	0.100528	2.60157e-10	0.000131765	
0.0329098	7.18104e-06	0.000306032	0.151047	0.000362109	0.0176423	0.040986	0.0422178	0.390024	0.0104036	0.0122178	0.036177	0.0374529	0.0878332	0.0037897	0.0177654	0.0924404	0.0263827	4.51547e-07	3.49396e-05	
0.00325991	0.000997732	0.0114915	0.00891138	5.43568e-10	0.000911401	0.0115975	0.364425	0.0303011	0.102016	0.249232	0.00323838	0.0100555	0.0196162	0.0303354	0.00704437	0.00611292	0.14037	4.98074e-07	8.31353e-05	
0.000485238	0.0139933	2.55554e-06	0.000510672	0.287363	0.00240234	9.79036e-05	0.175948	0.00426619	0.424381	0.00013774	0.00134825	0.00028623	1.75622e-06	0.00543931	7.71332e-06	0.00794184	0.072616	7.31746e-15	0.00277125	
0.0464401	0.0255053	0.0435158	0.00013137	3.91035e-06	0.192938	1.09156e-05	0.0305386	0.0177029	0.0196931	0.0005041	0.138796	0.010559	0.0126025	0.00468701	0.40378	0.0229809	0.027921	4.53513e-07	0.00168905	
0.0017732	0.000587613	6.25772e-10	0.00434007	0.00886298	0.000432565	4.41568e-14	0.324975	0.0171901	0.12932	0.121821	0.0180862	0.0108133	1.54191e-08	0.000518796	0.0174336	0.166512	0.174461	0.00286053	1.26407e-05	
0.00558274	0.00241409	0.000201374	5.88531e-07	0.0051843	0.000790221	0.00417311	0.496814	0.00931588	0.00826812	0.0473989	0.00522212	1.13975e-06	0.000308945	0.00828895	0.011439	0.136162	0.24489	0.000560194	0.0129842	
0.00130021	0.0124399	0.0125583	0.00210116	0.00628311	0.0011548	0.527822	0.000198904	0.00725691	0.00256871	0.000604644	0.0197039	0.00130216	0.0390457	0.017588	0.00440643	5.88488e-06	0.000284392	0.00265714	0.340717	
0.125991	0.00353803	0.00133246	8.95886e-06	0.00110604	0.0166449	0.000296211	0.0489609	0.0487977	0.00499529	0.0209039	0.0920791	0.0960234	0.024249	0.0233539	0.138061	0.353024	2.1323e-06	1.1682e-16	0.000631521	
0.0740957	7.49768e-08	0.000574329	0.00387213	0.0148069	0.000452127	0.000135231	0.0798108	0.000433022	0.00830812	0.00129856	0.000813171	6.84829e-05	2.12264e-11	0.000147036	0.00209186	0.00904313	0.802918	1.28576e-07	0.00113117	
0.0109446	0.0236837	0.0191577	0.0177477	0.1297	0.00328485	0.159313	0.0172109	0.0163949	0.0809165	0.00645624	0.0379668	0.0155365	0.0489258	0.0175493	0.0174793	0.00968791	0.0160315	5.02886e-06	0.352008	
0.00532885	0.0153416	0.0179309	0.00377496	0.266949	0.0161928	0.110183	0.00661549	7.07265e-08	0.290578	4.07169e-06	0.00299341	0.0323815	0.0989018	0.000285256	0.0121936	0.000634739	0.0130727	4.61698e-27	0.106638	
0.00369041	0.00180883	0.00713606	0.0442774	0.00135749	0.00242942	0.0432556	0.00659699	0.0300289	0.0202587	0.00275831	0.0125385	0.000809507	0.784582	0.0291266	0.000974056	2.97704e-07	0.00205651	0.00014398	0.00617062	
0.186103	0.000602582	0.00100036	0.00814992	0.0255737	0.0324958	8.53686e-08	0.158841	0.00491045	0.143427	0.0280893	6.99723e-06	1.20522e-06	0.00461553	0.000406326	0.0165667	0.0253593	0.363847	4.08536e-06	2.23722e-10	
0.686634	0.0068489	0.00302989	0.0019692	0.000370238	0.0108223	0.000144741	0.0024528	0.000799752	0.000124582	1.39166e-11	0.00221397	0.000161538	0.00255852	0.000254362	0.243899	0.030258	0.00722813	5.80207e-17	0.000230524	
0.00607973	0.00276917	6.73032e-06	0.000807019	0.000633359	0.000737536	6.17186e-06	0.0124859	0.000693246	9.50636e-05	2.27575e-06	0.0071189	0.000155065	0.00416244	0.00176259	0.0711634	0.891184	0.000102655	5.48062e-06	2.96949e-05	
0.029643	1.64324e-10	0.0105979	0.0374562	0.01146	0.0158268	9.32643e-08	0.253246	0.00352166	0.0928318	0.00305813	0.00862404	0.00381007	0.0125893	0.0159695	0.00884527	0.033799	0.458474	0.00019795	4.91917e-05	
0.0320237	0.000572071	0.000124744	0.000403708	0.000743997	0.00267516	4.02367e-08	0.134604	0.302857	0.0584357	0.0388158	0.0239518	0.0118543	0.000589209	0.195069	0.0204986	0.0790463	0.0910394	0.000124948	0.00657044	
0.167466	0.0106896	0.00312301	0.00109543	0.0010642	0.00909211	0.00509746	0.00640585	0.00018009	0.00510776	0.00978205	0.0344157	2.66868e-05	0.00291876	0.00154742	0.367301	0.358243	0.0164129	2.34911e-09	3.10855e-05	
0.0426769	0.0257373	0.0219353	0.00911719	0.00110463	0.12646	0.000409935	0.0048783	0.0119986	5.54474e-05	0.00349989	0.188703	0.000699313	5.032e-06	0.0287257	0.47108	0.052173	0.00620599	2.29783e-12	0.004535	
0.0455973	0.107188	0.000382306	0.0340749	0.00321301	0.00925947	0.0290276	0.08548	0.0252336	0.0280476	4.68999e-05	0.104058	0.0369724	0.00218831	0.0187804	0.355532	0.00172771	0.0767102	3.45581e-09	0.0364803	
0.262233	0.00464521	0.00120724	0.0054786	0.00720231	0.124284	0.000672779	0.0034616	0.00162216	0.00911975	7.8062e-12	0.000179283	3.01811e-10	0.0108547	0.00259883	0.401465	0.154007	0.0109689	9.09947e-25	1.07616e-09	
0.029162	0.0189846	0.00447403	0.00219405	0.232641	0.00732067	0.00940229	0.12502	0.00626071	0.253505	0.0365194	0.0151145	0.0140389	9.91158e-05	0.00429394	0.053868	0.0294394	0.110304	0.00527919	0.0420789	
0.00131788	0.0101441	0.000252872	0.0177031	5.62678e-10	0.0226067	4.41225e-11	0.0144181	0.47252	0.0125909	0.00128106	0.13177	0.00937779	0.023983	0.212415	0.0317964	0.0326876	0.0011977	0.00213123	0.00180658	
0.000181696	9.68802e-08	0.278228	0.0136445	0.000154008	0.0469348	8.60519e-13	0.00238096	0.0017431	0.00722288	3.47608e-06	0.501917	0.000477044	0.00332184	1.49414e-05	0.106487	0.0332688	0.00105492	0.00294362	2.24824e-05	
0.0795842	0.0079269	0.000364188	0.0143741	0.0013034	0.0143293	0.00654159	0.0358697	0.000570775	0.128649	0.016034	0.0011728	0.411759	0.0486894	0.0143353	0.107714	0.0729406	0.0377374	9.70457e-05	6.92296e-06	
0.00375396	0.0193775	0.0263406	0.0502425	0.00253703	0.0331859	0.0637416	0.0101433	0.100844	0.0361172	0.00788243	0.0242138	0.0320629	0.238111	0.243207	0.0523709	0.0310435	0.0133727	0.00639965	0.00505213	
0.666358	0.0346464	3.77903e-07	1.2673e-05	0.00314748	0.0438573	0.00600622	0.0289945	1.3628e-11	0.0479329	0.00226504	0.00128679	0.0102928	0.0113085	0.0026624	0.0409387	0.0145118	0.0857772	8.55173e-27	8.27614e-07	
0.0670927	0.00322867	0.0407946	0.00730278	0.0153827	0.000600145	0.00328271	0.110107	0.0205104	0.0139546	0.00143171	0.0711393	0.00100128	0.009381	0.00347783	0.102276	0.510594	0.015138	4.96121e-16	0.00330466	
0.00980682	0.00298677	0.166725	0.0261123	0.00245551	0.00619669	0.0298203	0.0099635	0.0718115	0.00747083	0.00087447	0.530839	0.000168458	0.0118517	0.0105551	0.0812128	0.0182033	0.00852104	6.47108e-09	0.00442443	
0.00451329	6.08458e-09	0.000615731	2.26218e-05	0.000380104	7.36092e-05	2.4793e-05	0.000336329	0.00401944	0.00979808	1.91485e-07	6.23811e-07	0.966109	1.29793e-08	0.00206961	0.0104778	0.000111054	0.00141714	7.96613e-22	3.02675e-05	
0.223219	0.0032265	0.00156581	5.21942e-05	0.0122122	0.0216593	5.07335e-05	0.0851034	0.0105566	0.0664177	0.0964889	0.0149966	0.000405372	0.000136764	0.0107069	0.070336	0.183725	0.198627	4.04742e-05	0.000474549	
0.0225008	3.64939e-07	0.0298734	0.184715	0.0146196	0.0126253	0.0535727	0.00621758	0.116618	0.0355031	0.00393126	0.0235578	0.0233704	0.353978	0.0592885	0.0296423	0.0175113	0.0113329	0.0011393	2.41239e-06	
0.127504	0.00334751	0.201901	0.00125628	0.0153487	0.0270657	0.00181731	0.000394605	0.0357519	0.135109	1.67566e-05	1.11025e-05	0.0304634	2.54608e-06	0.00695894	0.0196418	0.00104396	0.372598	0.0195715	0.000196091	
0.0352217	0.00104672	0.234664	0.0843802	0.0409397	0.0114839	0.111075	0.0601458	0.0865811	0.0119692	0.035915	0.155848	0.00693956	0.00134063	0.0268925	0.00449471	0.0102995	0.0183125	1.18515e-07	0.0624502	
0.112169	2.13896e-08	0.00704107	0.0354447	0.000515434	0.0143477	2.58633e-05	0.0535778	0.0440771	0.0843448	0.062341	0.0575486	0.00942241	0.00913404	0.0100764	0.248032	0.238411	0.0128516	0.000640264	3.25163e-12	
0.0374039	0.00486965	0.0419	0.0061131	0.00425196	0.0301764	7.57834e-06	0.0411613	0.0141354	0.00154975	0.00260901	0.345832	0.00475114	0.0163951	3.40926e-06	0.253678	0.175781	0.0193618	3.47873e-06	1.59596e-05	
0.0212609	6.39716e-06	0.0173892	5.86567e-08	3.47929e-06	0.027423	0.0137056	0.433323	0.0177329	0.218661	0.0547629	0.000792065	0.00151116	0.0012907	0.00225975	0.132109	0.00310563	2.47928e-07	0.0546585	5.29651e-06	
0.000184446	0.171419	0.0233999	0.0101678	0.000158136	0.000955025	0.195077	0.00093733	0.0244073	0.0332358	2.46014e-05	0.0859936	0.0406916	0.0322711	0.180425	0.121479	0.0223305	0.0157681	1.87197e-07	0.0410744	
0.00443699	0.00355157	0.00267415	0.441595	0.148207	1.71676e-05	0.0266915	0.0709892	0.0091556	0.174243	0.0140672	0.058922	7.58185e-05	1.31213e-06	0.0090183	0.0204801	0.009678	0.00540319	0.000594751	0.000198078	
0.373141	1.17653e-06	0.0444756	0.028355	0.00691755	0.0930471	0.00165592	0.0252269	0.000143518	0.0116827	0.0169848	3.07334e-05	0.0462825	1.15347e-08	0.00720363	0.0760151	0.0652024	0.202931	2.68737e-15	0.000703077	
0.404815	1.0192e-05	2.30965e-09	4.04786e-07	4.39437e-08	0.122997	0.0156217	0.0445761	0.0236256	0.014539	0.000218819	0.0436984	0.0371279	0.0010915	1.70021e-05	0.0226067	0.194701	0.0678765	2.73504e-20	0.00647747	
0.00957826	0.24747	0.0332191	3.00384e-06	0.132794	0.00117074	0.0302535	0.0282508	0.0103504	0.0227577	2.08634e-06	0.0416425	7.58803e-10	9.99709e-05	0.000479581	0.0330839	0.0172699	0.0477478	0.0476678	0.296158	
0.0651412	0.0609142	0.0820679	0.0259597	0.0662874	0.000196634	0.0233639	0.0543817	0.00077236	0.0172123	2.80548e-11	0.0516579	0.00634746	0.0182511	0.00661263	0.239647	0.0749927	0.0272733	6.6434e-05	0.178854	
0.0295803	9.07875e-08	1.06211e-06	5.51489e-05	1.68192e-06	0.000244764	0.000170442	0.0595621	0.000176556	0.010602	0.0894609	0.0296278	2.00435e-13	0.00348269	0.00997294	0.0484811	0.716468	0.00208288	4.11015e-17	2.9642e-05	
5.1656e-07	1.8162e-09	0.00526131	4.83225e-06	0.00556142	4.12783e-09	0.00780606	0.647999	0.000817947	0.0317713	0.0009702	0.00496613	1.42716e-05	0.000930803	0.000681253	4.12359e-06	0.220303	0.0729077	3.61278e-16	5.04478e-08	
0.187563	3.19749e-07	0.000287396	0.00160006	2.50287e-08	1.2156e-05	9.87267e-07	0.00147622	0.148142	0.176192	4.35347e-05	0.0315395	0.0805989	0.0302177	0.00229361	0.129823	0.0401228	0.169326	2.17589e-09	0.000760737	
0.0444087	9.18029e-07	0.00056143	0.034325	0.000115721	0.0389054	0.0935554	0.00922371	0.0517566	0.0219269	6.38508e-07	0.071754	0.000213864	0.201378	0.0939931	0.161836	0.128545	0.0103749	9.09991e-07	0.0371239	
0.0296991	0.0062441	0.21048	0.150926	0.0162407	0.194656	0.0142385	0.00797632	0.0521464	0.00229315	0.0058941	0.166121	2.20132e-06	0.020537	0.029954	0.0712393	0.0163278	0.00473004	3.13877e-13	0.000293357	
0.00333683	0.656853	7.36537e-05	3.95132e-05	3.94357e-06	0.0133883	0.00834399	0.000114042	0.000173019	6.05512e-06	6.32171e-05	0.015641	7.98242e-05	0.000305988	0.0233765	0.166188	0.00197411	0.00177352	0.00983784	0.0984279	
0.0102607	0.000224707	0.000913933	0.102209	0.000258496	0.800089	0.0185554	0.00143965	0.0103235	0.00170062	0.00226613	3.52172e-12	4.97899e-06	3.96319e-07	0.000384026	0.00586287	0.00101088	0.0444771	3.59205e-16	1.91921e-05	
0.00235856	0.0861317	0.0498296	0.00905053	0.00623175	0.0777965	0.0698805	0.0665221	0.0471519	0.00252885	0.00371562	0.0270233	0.0234582	0.0153002	0.292237	0.0212945	0.0167288	0.0427178	0.0994908	0.040552	
0.476313	2.36904e-06	0.000107212	1.08105e-05	6.26911e-05	0.0157438	6.87552e-06	0.00157332	6.26677e-07	0.00298455	0.00663395	0.0106487	0.00618987	0.000163097	4.36783e-06	0.0409521	0.392362	0.0416698	0.00456898	1.65565e-06	
0.0606623	0.00669266	0.0814561	2.06707e-06	0.00137185	0.000589877	0.111172	6.74441e-05	0.0995453	0.0507626	0.00162767	0.0450764	0.179116	0.0124697	0.133585	0.215496	0.000265966	4.10401e-05	5.68661e-20	1.95637e-08	
0.0101349	0.0389211	0.0298372	9.88895e-05	6.11061e-05	2.01673e-05	0.000820164	0.0130512	0.0373664	0.0042478	0.000657991	0.134285	0.000886707	0.0104637	0.0380211	0.592632	0.087468	0.000818598	5.68871e-12	0.000208197	
0.0110811	0.00898509	0.000102068	0.0145953	0.00260792	0.0486074	0.0210956	0.00104558	0.0223862	0.000843972	0.00267291	0.530937	0.00706199	0.00944493	6.71908e-06	0.309564	0.00423174	0.000129463	3.39223e-05	0.0045671	
0.0287815	0.00093556	0.0117203	0.0082651	5.02128e-06	0.00652001	0.0730696	0.00526559	0.0189069	0.0235349	0.0150548	0.0109064	0.102336	0.637171	0.0122602	0.0213855	0.0154427	0.00843869	3.2587e-10	3.02174e-07	
0.000169084	4.93953e-11	0.0121592	2.51532e-05	0.071432	0.00754813	0.00905756	0.0405481	0.0193622	0.41411	0.0148224	0.0136493	0.116998	0.0025557	0.00545816	0.189709	0.0140204	0.0467305	0.0216453	5.74028e-07	
0.0627496	0.0154848	4.04595e-06	0.0275693	0.413025	0.00707976	0.0470789	0.00693659	0.000190735	9.45143e-07	0.000232879	0.000142034	0.0512942	0.0104465	7.09369e-05	0.0993663	0.0303426	0.0108981	0.000823111	0.216264	
0.0121344	0.229171	0.00420158	0.00822092	0.0656442	0.0428017	0.0473671	0.0794221	0.0209663	0.0958403	2.32362e-06	0.0330069	4.33845e-06	0.028443	0.0646004	0.0761762	0.0185496	0.0121499	1.81695e-07	0.161298	
0.00034953	0.00089497	0.0135235	1.87542e-08	0.0142199	0.0075592	0.55625	5.46925e-07	0.0141634	0.0240252	3.84629e-05	0.226065	8.42815e-07	0.00700412	0.002921	0.0170565	5.36787e-06	1.72101e-05	3.74363e-05	0.115868	
0.246546	1.63577e-05	0.0913619	0.0159181	1.2074e-06	0.0553903	9.34712e-05	0.13413	0.0137646	0.0156284	0.00127858	0.0587778	0.000275979	0.0070833	0.0244316	0.0857768	0.0396292	0.209792	1.46674e-07	0.000103879	
0.0136678	0.014978	0.247621	4.58475e-05	0.00156047	0.578549	0.000223368	0.000300454	0.0127419	0.00237184	0.0186096	0.0129253	0.00466973	0.00020179	3.34828e-12	0.0799159	0.000459394	0.0111586	3.75095e-07	5.03461e-08	
0.00209521	0.00627603	1.59723e-05	0.000160982	0.00332795	0.363953	3.52599e-05	0.00502735	1.66247e-05	0.00168251	1.43685e-05	0.117761	2.6806e-06	0.000551027	1.70107e-06	0.430417	0.0641351	0.000177599	1.92523e-07	0.00434794	
0.00182248	0.0967715	0.0753116	0.00238344	5.2805e-05	0.00147038	0.197698	0.00245704	0.00540578	0.00469276	0.00486993	0.0461489	1.95315e-09	0.00216487	0.000513431	0.0902527	0.000976042	4.65594e-05	3.5513e-22	0.466961	
0.0883366	0.00032647	0.0170069	0.168966	2.80864e-05	0.00117021	0.00029118	0.162958	0.0304093	0.0216459	0.0381549	0.00319947	3.52113e-05	0.0131851	0.013734	0.00160665	0.104479	0.332321	4.27956e-12	0.00214578	
0.00716722	0.000404173	0.000164251	2.90702e-06	1.26677e-08	0.000192257	4.99059e-05	0.135221	0.0171289	0.189039	1.06647e-05	1.9127e-05	0.0465865	0.000574755	0.0339246	0.0730003	0.00404361	0.29584	0.000304406	0.196325	
0.385199	3.75508e-05	7.21477e-07	0.00161909	0.00383088	0.483645	0.0135262	1.11298e-05	0.000510716	0.0199527	0.00355542	9.62784e-05	0.000910604	7.0438e-05	0.0132513	0.0567155	0.0110713	0.00335382	6.35267e-20	0.00264293	
0.204707	0.000190787	1.21593e-09	0.176083	0.00164492	0.0300068	0.00161601	0.145094	0.0236717	0.0345288	1.40088e-07	0.0128196	0.0739228	0.000123493	0.00133366	0.0965504	0.0716483	0.125977	1.41778e-08	8.19819e-05	
0.0107331	0.0977318	3.98366e-10	0.00246849	0.00458058	0.0226182	0.00114512	0.0153747	0.0389732	0.00194931	6.6274e-09	0.0438266	1.9838e-07	0.0144044	0.000176885	0.503087	0.21576	0.0211682	0.00576898	0.000233096	
9.4297e-05	0.0341272	7.88558e-06	7.41704e-05	0.750066	0.0021087	0.00308738	0.0108332	7.32407e-05	0.125678	0.000461844	0.000173112	8.89268e-08	1.43864e-09	4.80974e-06	0.0204624	0.000711743	0.0116227	6.89956e-08	0.0404132	
0.190624	0.0562429	8.14525e-10	0.0460729	0.00244969	0.571447	0.00105363	0.0155556	0.000164471	0.00272884	0.00842188	0.00074521	0.000361885	0.0143756	0.000799309	0.00346339	0.0149514	0.0695442	3.44039e-13	0.000997786	
0.00195512	1.10122e-05	1.47352e-05	8.96318e-13	0.00556985	5.7185e-05	1.90381e-05	0.0840443	0.109503	0.369301	0.116707	0.000526758	0.0140136	0.0216437	0.12877	0.0256303	0.0872526	0.000140306	1.42277e-11	0.0348402	
0.10891	5.5063e-07	0.000495129	0.140095	1.07798e-10	0.0016691	0.0343837	0.019565	0.17257	0.0424377	0.000505148	0.00170334	0.0569776	0.0895303	0.00252744	0.268058	0.00909177	0.0203369	1.08888e-12	0.0311432	
0.375377	2.14261e-08	0.00130544	8.49987e-06	2.73874e-05	0.00822	0.00105899	0.0680117	0.00295042	0.00619399	1.72201e-05	0.000819574	2.80595e-09	0.00190835	0.000356411	0.027462	0.0224439	0.483329	1.65194e-10	0.000510442	
0.209723	0.055244	0.00437561	0.000668587	0.00231376	5.09788e-06	0.000265337	0.0436217	0.000128058	0.00341867	0.0335652	0.0121753	0.00497267	0.00252223	0.00250113	0.161248	0.340303	0.122936	9.26056e-08	1.26154e-05	
0.0374511	0.00442231	0.0793872	0.107873	0.00255063	0.00173889	0.0664882	0.0188319	0.131804	0.049139	0.000392298	0.13817	0.000739547	0.192688	0.00857626	0.0422335	0.0651168	0.0208219	4.04251e-13	0.0315759	
0.00117085	1.54608e-09	0.00674339	0.000245536	2.0583e-06	1.32254e-06	0.0287365	0.0133118	0.091368	0.00969118	0.000116369	0.27772	0.000307972	0.0536396	0.0498838	0.0123377	0.453717	0.000682058	3.42201e-07	0.000324908	
0.00213183	0.0576017	0.000488798	0.0198423	0.114899	0.0231004	0.00829208	0.0125677	0.00705051	0.0938314	0.0221227	0.00332266	0.0122128	0.0273481	0.0141046	0.0435999	5.57101e-11	0.0107288	0.468392	0.058363	
0.0722818	3.37702e-10	0.00449305	0.000155047	0.00473092	0.00237764	6.33831e-05	0.000287759	0.00777095	0.140049	1.36327e-06	0.0143371	7.25383e-07	0.00489714	4.01601e-05	0.648637	0.0914434	0.00832611	2.93475e-23	0.000107412	
0.0673133	9.06466e-06	0.00689004	0.0206354	0.0483839	3.97294e-05	0.0343867	0.0350365	0.0432821	0.390246	0.0279613	0.0483358	0.010033	0.0835127	0.0157324	0.0752724	0.0260338	0.0668431	8.08781e-08	5.30881e-05	
