36
Allox_ar   0.0000000 0.1624745 0.1779560 0.1910888 0.1590819 0.1599836 0.1603395 0.1646834 0.1762314 0.1447398 0.1807568 0.1646639 0.1603244 0.1784503 0.3046026 0.2052417 0.1694923 0.1464421 0.1691940 0.2182274 0.2152899 0.2248097 0.1262319 0.1756705 0.1680321 0.1142633 0.1680446 0.1657662 0.1694844 0.1755986 0.1729695 0.1741215 0.1768981 0.4637854 0.4408045 0.5360246 
Andr_cur   0.1624745 0.0000000 0.0468567 0.0639318 0.0281293 0.0967303 0.0963373 0.0442535 0.0561769 0.1583929 0.0809514 0.0910845 0.0894973 0.1638289 0.2913103 0.2110053 0.1045084 0.0780304 0.1043448 0.2253206 0.2256709 0.2327326 0.1269924 0.1559732 0.0979151 0.1477779 0.1040850 0.0787101 0.0994577 0.1086702 0.1076476 0.1094511 0.1100094 0.4559247 0.4286702 0.5260714 
Andr_gro   0.1779560 0.0468567 0.0000000 0.0781324 0.0467521 0.1139467 0.1132215 0.0591118 0.0643295 0.1706436 0.0901414 0.1064677 0.1056914 0.1810241 0.3153056 0.2302239 0.1167246 0.0819102 0.1204207 0.2467478 0.2460018 0.2555884 0.1466821 0.1701187 0.1106716 0.1646155 0.1137133 0.0908161 0.1160723 0.1248647 0.1231963 0.1265237 0.1286127 0.4869294 0.4576261 0.5604928 
Andr_qln   0.1910888 0.0639318 0.0781324 0.0000000 0.0669017 0.1251339 0.1241368 0.0564464 0.0665329 0.1823755 0.1060066 0.1176861 0.1172498 0.1913606 0.3237849 0.2426181 0.1309876 0.0935823 0.1338305 0.2546985 0.2547535 0.2606063 0.1547685 0.1830093 0.1263560 0.1751936 0.1266835 0.1086972 0.1284238 0.1360260 0.1351010 0.1365517 0.1389860 0.4980088 0.4683742 0.5708385 
Andr_qrm   0.1590819 0.0281293 0.0467521 0.0669017 0.0000000 0.0940190 0.0934374 0.0411343 0.0573515 0.1531979 0.0784038 0.0844827 0.0874958 0.1614094 0.2870707 0.2039756 0.1003196 0.0703953 0.1016538 0.2185014 0.2201320 0.2292427 0.1274248 0.1551173 0.0933392 0.1435630 0.1011301 0.0751042 0.0969237 0.1060078 0.1039348 0.1063368 0.1079431 0.4489463 0.4260619 0.5197234 
Aula_tav   0.1599836 0.0967303 0.1139467 0.1251339 0.0940190 0.0000000 0.0403856 0.0998180 0.1007499 0.1522305 0.1145961 0.0978145 0.0958299 0.1576708 0.2819366 0.1971870 0.0472872 0.0808373 0.0382986 0.2180331 0.2180166 0.2271698 0.1216186 0.1500547 0.1007133 0.1432294 0.0936789 0.1006112 0.0980592 0.1063203 0.1052800 0.1074410 0.1091195 0.4458498 0.4234266 0.5167635 
Aylax_hy   0.1603395 0.0963373 0.1132215 0.1241368 0.0934374 0.0403856 0.0000000 0.0988970 0.1009177 0.1522291 0.1135853 0.0964342 0.0945298 0.1587383 0.2839505 0.2025044 0.0463318 0.0781065 0.0475057 0.2191703 0.2195277 0.2290320 0.1233844 0.1516149 0.0990566 0.1439285 0.0932466 0.0986650 0.0965782 0.1059675 0.1045087 0.1068730 0.1086714 0.4500761 0.4269838 0.5224274 
Beloc_tr   0.1646834 0.0442535 0.0591118 0.0564464 0.0411343 0.0998180 0.0988970 0.0000000 0.0457192 0.1586470 0.0886982 0.0937171 0.0927284 0.1661195 0.2929518 0.2101035 0.1070123 0.0791343 0.1081836 0.2237543 0.2269634 0.2336755 0.1306303 0.1580820 0.0993159 0.1482546 0.1080299 0.0828927 0.1024565 0.1101430 0.1084465 0.1116837 0.1133734 0.4583947 0.4315562 0.5289403 
Bior_pal   0.1762314 0.0561769 0.0643295 0.0665329 0.0573515 0.1007499 0.1009177 0.0457192 0.0000000 0.1685275 0.1013371 0.0979452 0.0944739 0.1750259 0.2863696 0.2102629 0.1052539 0.0813794 0.1087782 0.2241229 0.2278951 0.2397793 0.1417528 0.1663881 0.1099365 0.1551929 0.1163462 0.0998525 0.1100330 0.1124951 0.1092975 0.1138579 0.1173764 0.4883729 0.4806995 0.5622334 
Callas_no  0.1447398 0.1583929 0.1706436 0.1823755 0.1531979 0.1522305 0.1522291 0.1586470 0.1685275 0.0000000 0.1744638 0.1559724 0.1555265 0.1687121 0.3040530 0.1963570 0.1611001 0.1361486 0.1598975 0.2073704 0.2051724 0.2160818 0.1157164 0.1652136 0.1614467 0.1273966 0.1610905 0.1625179 0.1616800 0.1655041 0.1635595 0.1641853 0.1670757 0.4734569 0.4453545 0.5445167 
Calli_sp   0.1807568 0.0809514 0.0901414 0.1060066 0.0784038 0.1145961 0.1135853 0.0886982 0.1013371 0.1744638 0.0000000 0.1079690 0.1067546 0.1821226 0.3129154 0.2301903 0.1222302 0.0843453 0.1226493 0.2435951 0.2434671 0.2536596 0.1461452 0.1743188 0.1131806 0.1656703 0.1233209 0.0969269 0.1185491 0.1281831 0.1259736 0.1282438 0.1303154 0.4776048 0.4546670 0.5594887 
Cerop_ma   0.1646639 0.0910845 0.1064677 0.1176861 0.0844827 0.0978145 0.0964342 0.0937171 0.0979452 0.1559724 0.1079690 0.0000000 0.0894850 0.1638307 0.2971789 0.2122004 0.1043502 0.0750148 0.1046679 0.2271034 0.2282264 0.2351227 0.1332306 0.1567304 0.0948404 0.1487210 0.1048124 0.0912177 0.1020220 0.1080018 0.1064126 0.1086868 0.1108969 0.4649491 0.4378008 0.5351918 
Diast_ki   0.1603244 0.0894973 0.1056914 0.1172498 0.0874958 0.0958299 0.0945298 0.0927284 0.0944739 0.1555265 0.1067546 0.0894850 0.0000000 0.1607400 0.2891560 0.2051414 0.1034074 0.0772067 0.1032550 0.2211932 0.2208148 0.2310593 0.1271630 0.1528857 0.0507151 0.1443332 0.1037143 0.0901279 0.0969039 0.1069009 0.1054100 0.1081379 0.1089274 0.4501202 0.4236654 0.5168481 
Dipl_spi   0.1784503 0.1638289 0.1810241 0.1913606 0.1614094 0.1576708 0.1587383 0.1661195 0.1750259 0.1687121 0.1821226 0.1638307 0.1607400 0.0000000 0.3032867 0.2190386 0.1674132 0.1438904 0.1635276 0.2345241 0.2366371 0.2435654 0.1429596 0.1409866 0.1674503 0.1648553 0.1634429 0.1675472 0.1655522 0.1725184 0.1708583 0.1720178 0.1751697 0.4559068 0.4300499 0.5269619 
Escha_ac   0.3046026 0.2913103 0.3153056 0.3237849 0.2870707 0.2819366 0.2839505 0.2929518 0.2863696 0.3040530 0.3129154 0.2971789 0.2891560 0.3032867 0.0000000 0.3326006 0.2991607 0.2661263 0.2915239 0.3427249 0.3465740 0.3499807 0.2751391 0.3051268 0.2977592 0.2942319 0.2919719 0.3048691 0.2931164 0.2986030 0.2958047 0.2955556 0.3000764 0.5551604 0.5409653 0.6192689 
Gana_sp1   0.2052417 0.2110053 0.2302239 0.2426181 0.2039756 0.1971870 0.2025044 0.2101035 0.2102629 0.1963570 0.2301903 0.2122004 0.2051414 0.2190386 0.3326006 0.0000000 0.2108867 0.1872031 0.2090984 0.1652799 0.1717606 0.1765983 0.1784241 0.2190889 0.2149932 0.1884195 0.2171489 0.2151000 0.2122829 0.2124129 0.2065284 0.2134586 0.2106528 0.4855967 0.4628801 0.5620703 
Hedic_le   0.1694923 0.1045084 0.1167246 0.1309876 0.1003196 0.0472872 0.0463318 0.1070123 0.1052539 0.1611001 0.1222302 0.1043502 0.1034074 0.1674132 0.2991607 0.2108867 0.0000000 0.0862620 0.0530104 0.2302284 0.2281416 0.2383182 0.1316030 0.1577956 0.1084284 0.1531663 0.0988983 0.1072832 0.1059534 0.1139511 0.1125180 0.1144846 0.1151182 0.4688920 0.4463080 0.5466509 
Irae_his   0.1464421 0.0780304 0.0819102 0.0935823 0.0703953 0.0808373 0.0781065 0.0791343 0.0813794 0.1361486 0.0843453 0.0750148 0.0772067 0.1438904 0.2661263 0.1872031 0.0862620 0.0000000 0.0881435 0.2083249 0.2036137 0.2125765 0.1110967 0.1340455 0.0765527 0.1282695 0.0845711 0.0761094 0.0844611 0.0974188 0.0970163 0.0989838 0.1010010 0.4306354 0.3971117 0.4945696 
Isoc_cen   0.1691940 0.1043448 0.1204207 0.1338305 0.1016538 0.0382986 0.0475057 0.1081836 0.1087782 0.1598975 0.1226493 0.1046679 0.1032550 0.1635276 0.2915239 0.2090984 0.0530104 0.0881435 0.0000000 0.2257922 0.2269736 0.2369047 0.1313949 0.1598890 0.1074088 0.1515513 0.1016410 0.1095073 0.1062167 0.1141005 0.1127029 0.1142121 0.1165414 0.4557783 0.4337756 0.5298048 
Lepto_bo   0.2182274 0.2253206 0.2467478 0.2546985 0.2185014 0.2180331 0.2191703 0.2237543 0.2241229 0.2073704 0.2435951 0.2271034 0.2211932 0.2345241 0.3427249 0.1652799 0.2302284 0.2083249 0.2257922 0.0000000 0.0889712 0.0990818 0.1940325 0.2377642 0.2286789 0.2017888 0.2304050 0.2322192 0.2284362 0.2308614 0.2285497 0.2284261 0.2301220 0.5036478 0.4750823 0.5637599 
Lepto_cl   0.2152899 0.2256709 0.2460018 0.2547535 0.2201320 0.2180166 0.2195277 0.2269634 0.2278951 0.2051724 0.2434671 0.2282264 0.2208148 0.2366371 0.3465740 0.1717606 0.2281416 0.2036137 0.2269736 0.0889712 0.0000000 0.0796374 0.1919349 0.2395731 0.2321218 0.2030890 0.2293004 0.2339506 0.2287784 0.2307633 0.2292443 0.2286360 0.2318793 0.5105576 0.4855847 0.5690153 
Lepto_he   0.2248097 0.2327326 0.2555884 0.2606063 0.2292427 0.2271698 0.2290320 0.2336755 0.2397793 0.2160818 0.2536596 0.2351227 0.2310593 0.2435654 0.3499807 0.1765983 0.2383182 0.2125765 0.2369047 0.0990818 0.0796374 0.0000000 0.2019637 0.2461745 0.2404953 0.2119422 0.2370437 0.2416732 0.2372904 0.2390248 0.2363423 0.2365935 0.2386377 0.5078841 0.4829301 0.5642457 
Parn_nig   0.1262319 0.1269924 0.1466821 0.1547685 0.1274248 0.1216186 0.1233844 0.1306303 0.1417528 0.1157164 0.1461452 0.1332306 0.1271630 0.1429596 0.2751391 0.1784241 0.1316030 0.1110967 0.1313949 0.1940325 0.1919349 0.2019637 0.0000000 0.1334692 0.1341382 0.1089458 0.1309021 0.1291678 0.1309525 0.1391551 0.1386345 0.1411139 0.1427246 0.4409585 0.4084560 0.5078185 
Pedia_ac   0.1756705 0.1559732 0.1701187 0.1830093 0.1551173 0.1500547 0.1516149 0.1580820 0.1663881 0.1652136 0.1743188 0.1567304 0.1528857 0.1409866 0.3051268 0.2190889 0.1577956 0.1340455 0.1598890 0.2377642 0.2395731 0.2461745 0.1334692 0.0000000 0.1581395 0.1512541 0.1594242 0.1557580 0.1565852 0.1652396 0.1620887 0.1651985 0.1673844 0.4708708 0.4430927 0.5552254 
Peric_JH   0.1680321 0.0979151 0.1106716 0.1263560 0.0933392 0.1007133 0.0990566 0.0993159 0.1099365 0.1614467 0.1131806 0.0948404 0.0507151 0.1674503 0.2977592 0.2149932 0.1084284 0.0765527 0.1074088 0.2286789 0.2321218 0.2404953 0.1341382 0.1581395 0.0000000 0.1522857 0.1084510 0.0984693 0.1042853 0.1121126 0.1105313 0.1134432 0.1137868 0.4636520 0.4411816 0.5357149 
Phaen_vi   0.1142633 0.1477779 0.1646155 0.1751936 0.1435630 0.1432294 0.1439285 0.1482546 0.1551929 0.1273966 0.1656703 0.1487210 0.1443332 0.1648553 0.2942319 0.1884195 0.1531663 0.1282695 0.1515513 0.2017888 0.2030890 0.2119422 0.1089458 0.1512541 0.1522857 0.0000000 0.1537599 0.1551745 0.1520581 0.1583482 0.1556205 0.1576080 0.1604213 0.4600885 0.4326483 0.5320100 
Phana_JH   0.1680446 0.1040850 0.1137133 0.1266835 0.1011301 0.0936789 0.0932466 0.1080299 0.1163462 0.1610905 0.1233209 0.1048124 0.1037143 0.1634429 0.2919719 0.2171489 0.0988983 0.0845711 0.1016410 0.2304050 0.2293004 0.2370437 0.1309021 0.1594242 0.1084510 0.1537599 0.0000000 0.1086188 0.1069183 0.1164124 0.1148753 0.1171869 0.1183132 0.4733445 0.4391157 0.5372741 
Prot_spe   0.1657662 0.0787101 0.0908161 0.1086972 0.0751042 0.1006112 0.0986650 0.0828927 0.0998525 0.1625179 0.0969269 0.0912177 0.0901279 0.1675472 0.3048691 0.2151000 0.1072832 0.0761094 0.1095073 0.2322192 0.2339506 0.2416732 0.1291678 0.1557580 0.0984693 0.1551745 0.1086188 0.0000000 0.0995024 0.1096037 0.1069482 0.1110525 0.1123810 0.4537304 0.4302026 0.5349435 
Qwaq_sco   0.1694844 0.0994577 0.1160723 0.1284238 0.0969237 0.0980592 0.0965782 0.1024565 0.1100330 0.1616800 0.1185491 0.1020220 0.0969039 0.1655522 0.2931164 0.2122829 0.1059534 0.0844611 0.1062167 0.2284362 0.2287784 0.2372904 0.1309525 0.1565852 0.1042853 0.1520581 0.1069183 0.0995024 0.0000000 0.1103062 0.1090822 0.1118477 0.1135538 0.4633121 0.4391624 0.5374310 
Syne_gif   0.1755986 0.1086702 0.1248647 0.1360260 0.1060078 0.1063203 0.1059675 0.1101430 0.1124951 0.1655041 0.1281831 0.1080018 0.1069009 0.1725184 0.2986030 0.2124129 0.1139511 0.0974188 0.1141005 0.2308614 0.2307633 0.2390248 0.1391551 0.1652396 0.1121126 0.1583482 0.1164124 0.1096037 0.1103062 0.0000000 0.0304268 0.0308475 0.0306564 0.4614184 0.4389273 0.5370802 
Syne_ito   0.1729695 0.1076476 0.1231963 0.1351010 0.1039348 0.1052800 0.1045087 0.1084465 0.1092975 0.1635595 0.1259736 0.1064126 0.1054100 0.1708583 0.2958047 0.2065284 0.1125180 0.0970163 0.1127029 0.2285497 0.2292443 0.2363423 0.1386345 0.1620887 0.1105313 0.1556205 0.1148753 0.1069482 0.1090822 0.0304268 0.0000000 0.0360916 0.0343420 0.4554353 0.4363650 0.5342007 
Syne_jap   0.1741215 0.1094511 0.1265237 0.1365517 0.1063368 0.1074410 0.1068730 0.1116837 0.1138579 0.1641853 0.1282438 0.1086868 0.1081379 0.1720178 0.2955556 0.2134586 0.1144846 0.0989838 0.1142121 0.2284261 0.2286360 0.2365935 0.1411139 0.1651985 0.1134432 0.1576080 0.1171869 0.1110525 0.1118477 0.0308475 0.0360916 0.0000000 0.0131795 0.4563429 0.4373626 0.5297933 
Syne_umb   0.1768981 0.1100094 0.1286127 0.1389860 0.1079431 0.1091195 0.1086714 0.1133734 0.1173764 0.1670757 0.1303154 0.1108969 0.1089274 0.1751697 0.3000764 0.2106528 0.1151182 0.1010010 0.1165414 0.2301220 0.2318793 0.2386377 0.1427246 0.1673844 0.1137868 0.1604213 0.1183132 0.1123810 0.1135538 0.0306564 0.0343420 0.0131795 0.0000000 0.4620497 0.4422381 0.5348166 
Nasoniav   0.4637854 0.4559247 0.4869294 0.4980088 0.4489463 0.4458498 0.4500761 0.4583947 0.4883729 0.4734569 0.4776048 0.4649491 0.4501202 0.4559068 0.5551604 0.4855967 0.4688920 0.4306354 0.4557783 0.5036478 0.5105576 0.5078841 0.4409585 0.4708708 0.4636520 0.4600885 0.4733445 0.4537304 0.4633121 0.4614184 0.4554353 0.4563429 0.4620497 0.0000000 0.4883645 0.5720958 
Orussusa   0.4408045 0.4286702 0.4576261 0.4683742 0.4260619 0.4234266 0.4269838 0.4315562 0.4806995 0.4453545 0.4546670 0.4378008 0.4236654 0.4300499 0.5409653 0.4628801 0.4463080 0.3971117 0.4337756 0.4750823 0.4855847 0.4829301 0.4084560 0.4430927 0.4411816 0.4326483 0.4391157 0.4302026 0.4391624 0.4389273 0.4363650 0.4373626 0.4422381 0.4883645 0.0000000 0.5156171 
Micropld   0.5360246 0.5260714 0.5604928 0.5708385 0.5197234 0.5167635 0.5224274 0.5289403 0.5622334 0.5445167 0.5594887 0.5351918 0.5168481 0.5269619 0.6192689 0.5620703 0.5466509 0.4945696 0.5298048 0.5637599 0.5690153 0.5642457 0.5078185 0.5552254 0.5357149 0.5320100 0.5372741 0.5349435 0.5374310 0.5370802 0.5342007 0.5297933 0.5348166 0.5720958 0.5156171 0.0000000 
