37
Allox_ar   0.0000000 0.1669899 0.1776762 0.1911913 0.1648445 0.1629847 0.1615209 0.1646205 0.1867761 0.1478475 0.1879939 0.2539382 0.1679953 0.1634799 0.1821097 0.3121192 0.2114063 0.1798962 0.1520021 0.1755496 0.2241974 0.2233960 0.2381126 0.1287317 0.1828092 0.1753007 0.1149681 0.1776259 0.1710524 0.1722076 0.1774902 0.1738769 0.1774574 0.1783616 0.4451549 0.4493872 0.5510871 
Andr_cur   0.1669899 0.0000000 0.0508987 0.0678419 0.0369809 0.0985345 0.0963319 0.0485747 0.0686201 0.1585037 0.0895416 0.2387877 0.0960731 0.0905860 0.1648848 0.2965855 0.2161168 0.1106455 0.0866745 0.1081703 0.2275249 0.2309694 0.2416664 0.1233232 0.1623162 0.1049922 0.1474531 0.1093962 0.0792192 0.1017699 0.1119477 0.1105694 0.1127257 0.1125371 0.4282180 0.4302436 0.5355785 
Andr_gro   0.1776762 0.0508987 0.0000000 0.0812278 0.0551699 0.1144862 0.1109211 0.0624369 0.0803672 0.1662491 0.0907868 0.2443536 0.1094402 0.1061544 0.1778196 0.3203857 0.2322897 0.1176444 0.0809189 0.1220526 0.2460516 0.2487103 0.2631377 0.1444165 0.1733649 0.1177696 0.1614450 0.1129687 0.0853708 0.1169180 0.1262905 0.1240887 0.1284719 0.1296527 0.4522935 0.4552751 0.5661958 
Andr_qln   0.1911913 0.0678419 0.0812278 0.0000000 0.0696003 0.1221794 0.1196026 0.0557569 0.0783766 0.1819159 0.1110666 0.2576357 0.1165184 0.1136253 0.1875385 0.3282594 0.2427922 0.1342311 0.0936957 0.1337012 0.2511864 0.2539451 0.2617365 0.1454440 0.1829359 0.1286007 0.1697101 0.1287144 0.1074549 0.1261963 0.1339796 0.1326476 0.1355341 0.1358697 0.4668355 0.4690428 0.5805651 
Andr_qrm   0.1648445 0.0369809 0.0551699 0.0696003 0.0000000 0.0947350 0.0917715 0.0441798 0.0771017 0.1536636 0.0879444 0.2285153 0.0865559 0.0900559 0.1626134 0.2930619 0.2095274 0.1062403 0.0721886 0.1048711 0.2191464 0.2252209 0.2378559 0.1236253 0.1642503 0.1004649 0.1423772 0.1046972 0.0765235 0.1007313 0.1082737 0.1053361 0.1092204 0.1096577 0.4223597 0.4228683 0.5250449 
Aula_tav   0.1629847 0.0985345 0.1144862 0.1221794 0.0947350 0.0000000 0.0417314 0.0975912 0.1099628 0.1508084 0.1215104 0.2356584 0.0984206 0.0973954 0.1578553 0.2879129 0.1994227 0.0522476 0.0867317 0.0412037 0.2205451 0.2234968 0.2366183 0.1165171 0.1539351 0.1058363 0.1415140 0.0981491 0.0994005 0.0997419 0.1063402 0.1060018 0.1090179 0.1089028 0.4197513 0.4281922 0.5348678 
Aylax_hy   0.1615209 0.0963319 0.1109211 0.1196026 0.0917715 0.0417314 0.0000000 0.0947970 0.1059462 0.1496062 0.1183360 0.2337405 0.0953402 0.0942190 0.1572418 0.2899353 0.2043049 0.0492601 0.0816885 0.0507081 0.2201535 0.2247795 0.2360994 0.1167588 0.1552340 0.1025874 0.1413439 0.0955514 0.0966925 0.0960686 0.1035905 0.1032052 0.1068070 0.1071969 0.4237855 0.4315169 0.5392770 
Beloc_tr   0.1646205 0.0485747 0.0624369 0.0557569 0.0441798 0.0975912 0.0947970 0.0000000 0.0555341 0.1559781 0.0956617 0.2372879 0.0953199 0.0913633 0.1630140 0.2974415 0.2108935 0.1089824 0.0809691 0.1086148 0.2220210 0.2297814 0.2397371 0.1229960 0.1606842 0.1028205 0.1452477 0.1094980 0.0832715 0.1013739 0.1092636 0.1074582 0.1114154 0.1117034 0.4284088 0.4313918 0.5357224 
Bior_pal   0.1867761 0.0686201 0.0803672 0.0783766 0.0771017 0.1099628 0.1059462 0.0555341 0.0000000 0.1774046 0.1215516 0.2833057 0.1148144 0.1053342 0.1848322 0.3135726 0.2259447 0.1171698 0.0951147 0.1205758 0.2323171 0.2427826 0.2632566 0.1412472 0.1857556 0.1231477 0.1634234 0.1307133 0.1207009 0.1229404 0.1266910 0.1219085 0.1284306 0.1298751 0.4759319 0.5342094 0.6067645 
Callas_no  0.1478475 0.1585037 0.1662491 0.1819159 0.1536636 0.1508084 0.1496062 0.1559781 0.1774046 0.0000000 0.1778197 0.2491824 0.1554534 0.1550500 0.1668081 0.3105299 0.1998101 0.1643161 0.1397593 0.1624842 0.2118906 0.2089539 0.2242331 0.1128600 0.1711615 0.1641425 0.1276579 0.1652555 0.1609916 0.1611666 0.1621258 0.1607594 0.1615469 0.1632081 0.4460352 0.4400637 0.5531454 
Calli_sp   0.1879939 0.0895416 0.0907868 0.1110666 0.0879444 0.1215104 0.1183360 0.0956617 0.1215516 0.1778197 0.0000000 0.2595745 0.1150342 0.1145375 0.1873529 0.3267707 0.2399323 0.1331986 0.0935658 0.1303088 0.2511824 0.2520779 0.2689992 0.1429039 0.1837070 0.1227127 0.1676663 0.1305983 0.1023893 0.1259351 0.1341876 0.1328842 0.1362815 0.1367966 0.4649140 0.4738554 0.5886414 
Cecin_ib   0.2539382 0.2387877 0.2443536 0.2576357 0.2285153 0.2356584 0.2337405 0.2372879 0.2833057 0.2491824 0.2595745 0.0000000 0.2396885 0.2350454 0.2369317 0.3971050 0.3014740 0.2542167 0.2122030 0.2464502 0.3078563 0.3065054 0.3187913 0.2077496 0.2446940 0.2425488 0.2395232 0.2472078 0.2387260 0.2417153 0.2401510 0.2421722 0.2450640 0.2409953 0.4641623 0.4405633 0.5535230 
Cerop_ma   0.1679953 0.0960731 0.1094402 0.1165184 0.0865559 0.0984206 0.0953402 0.0953199 0.1148144 0.1554534 0.1150342 0.2396885 0.0000000 0.0907082 0.1604326 0.3030750 0.2157875 0.1100644 0.0757205 0.1066493 0.2275019 0.2311203 0.2401706 0.1297903 0.1628104 0.1010853 0.1481128 0.1086026 0.0922702 0.1054699 0.1094706 0.1073654 0.1102170 0.1114976 0.4420620 0.4373792 0.5428775 
Diast_ki   0.1634799 0.0905860 0.1061544 0.1136253 0.0900559 0.0973954 0.0942190 0.0913633 0.1053342 0.1550500 0.1145375 0.2350454 0.0907082 0.0000000 0.1587772 0.2967406 0.2083924 0.1087386 0.0754968 0.1070041 0.2227619 0.2240078 0.2391319 0.1218786 0.1575229 0.0584699 0.1445944 0.1082739 0.0891578 0.0968522 0.1079330 0.1056967 0.1089772 0.1073947 0.4272631 0.4275433 0.5277940 
Dipl_spi   0.1821097 0.1648848 0.1778196 0.1875385 0.1626134 0.1578553 0.1572418 0.1630140 0.1848322 0.1668081 0.1873529 0.2369317 0.1604326 0.1587772 0.0000000 0.3094738 0.2225682 0.1736400 0.1448894 0.1632830 0.2364080 0.2427741 0.2520213 0.1404428 0.1488749 0.1700235 0.1627413 0.1718264 0.1651278 0.1666693 0.1713599 0.1687380 0.1716303 0.1729430 0.4321375 0.4323264 0.5426448 
Escha_ac   0.3121192 0.2965855 0.3203857 0.3282594 0.2930619 0.2879129 0.2899353 0.2974415 0.3135726 0.3105299 0.3267707 0.3971050 0.3030750 0.2967406 0.3094738 0.0000000 0.3417425 0.3219480 0.2812393 0.3022622 0.3470942 0.3567366 0.3624845 0.2755138 0.3169042 0.3091313 0.3026422 0.3164804 0.3128170 0.2996051 0.3031456 0.3010422 0.3053985 0.3053195 0.5416485 0.5609527 0.6417994 
Gana_sp1   0.2114063 0.2161168 0.2322897 0.2427922 0.2095274 0.1994227 0.2043049 0.2108935 0.2259447 0.1998101 0.2399323 0.3014740 0.2157875 0.2083924 0.2225682 0.3417425 0.0000000 0.2230827 0.2015691 0.2154484 0.1727360 0.1846575 0.1926048 0.1757164 0.2289890 0.2194308 0.1907979 0.2387502 0.2208730 0.2173960 0.2164529 0.2098347 0.2198066 0.2159306 0.4703551 0.4817160 0.6169835 
Hedic_le   0.1798962 0.1106455 0.1176444 0.1342311 0.1062403 0.0522476 0.0492601 0.1089824 0.1171698 0.1643161 0.1331986 0.2542167 0.1100644 0.1087386 0.1736400 0.3219480 0.2230827 0.0000000 0.0970552 0.0597556 0.2433709 0.2433471 0.2593784 0.1320890 0.1685030 0.1179962 0.1580157 0.1065383 0.1129807 0.1124257 0.1198769 0.1184132 0.1213145 0.1224949 0.4632017 0.4764368 0.5961048 
Irae_his   0.1520021 0.0866745 0.0809189 0.0936957 0.0721886 0.0867317 0.0816885 0.0809691 0.0951147 0.1397593 0.0935658 0.2122030 0.0757205 0.0754968 0.1448894 0.2812393 0.2015691 0.0970552 0.0000000 0.0974462 0.2190873 0.2117796 0.2244473 0.1089729 0.1396854 0.0790459 0.1316305 0.0915161 0.0780588 0.0877094 0.0995793 0.0982246 0.1004342 0.1011275 0.4197916 0.4071835 0.5025566 
Isoc_cen   0.1755496 0.1081703 0.1220526 0.1337012 0.1048711 0.0412037 0.0507081 0.1086148 0.1205758 0.1624842 0.1303088 0.2464502 0.1066493 0.1070041 0.1632830 0.3022622 0.2154484 0.0597556 0.0974462 0.0000000 0.2326839 0.2375227 0.2501712 0.1293495 0.1683228 0.1126772 0.1547444 0.1101608 0.1124115 0.1101124 0.1170007 0.1159343 0.1179880 0.1190096 0.4326175 0.4429948 0.5528137 
Lepto_bo   0.2241974 0.2275249 0.2460516 0.2511864 0.2191464 0.2205451 0.2201535 0.2220210 0.2323171 0.2118906 0.2511824 0.3078563 0.2275019 0.2227619 0.2364080 0.3470942 0.1727360 0.2433709 0.2190873 0.2326839 0.0000000 0.0992238 0.1128513 0.1932456 0.2434474 0.2308799 0.2034343 0.2435431 0.2347128 0.2296153 0.2289310 0.2264808 0.2288505 0.2284231 0.4699806 0.4762482 0.5808804 
Lepto_cl   0.2233960 0.2309694 0.2487103 0.2539451 0.2252209 0.2234968 0.2247795 0.2297814 0.2427826 0.2089539 0.2520779 0.3065054 0.2311203 0.2240078 0.2427741 0.3567366 0.1846575 0.2433471 0.2117796 0.2375227 0.0992238 0.0000000 0.0940389 0.1931324 0.2486269 0.2387977 0.2095743 0.2449963 0.2389589 0.2321425 0.2326552 0.2312206 0.2328952 0.2329189 0.4893124 0.4976260 0.5918404 
Lepto_he   0.2381126 0.2416664 0.2631377 0.2617365 0.2378559 0.2366183 0.2360994 0.2397371 0.2632566 0.2242331 0.2689992 0.3187913 0.2401706 0.2391319 0.2520213 0.3624845 0.1926048 0.2593784 0.2244473 0.2501712 0.1128513 0.0940389 0.0000000 0.2068203 0.2573480 0.2509903 0.2209513 0.2573094 0.2498675 0.2443424 0.2437066 0.2408121 0.2439623 0.2425348 0.4901636 0.4956555 0.5918978 
Parn_nig   0.1287317 0.1233232 0.1444165 0.1454440 0.1236253 0.1165171 0.1167588 0.1229960 0.1412472 0.1128600 0.1429039 0.2077496 0.1297903 0.1218786 0.1404428 0.2755138 0.1757164 0.1320890 0.1089729 0.1293495 0.1932456 0.1931324 0.2068203 0.0000000 0.1374256 0.1322445 0.1034754 0.1316885 0.1275032 0.1264436 0.1324567 0.1321045 0.1354914 0.1341339 0.4081441 0.4061306 0.5161799 
Pedia_ac   0.1828092 0.1623162 0.1733649 0.1829359 0.1642503 0.1539351 0.1552340 0.1606842 0.1857556 0.1711615 0.1837070 0.2446940 0.1628104 0.1575229 0.1488749 0.3169042 0.2289890 0.1685030 0.1396854 0.1683228 0.2434474 0.2486269 0.2573480 0.1374256 0.0000000 0.1681217 0.1496235 0.1704351 0.1584786 0.1622950 0.1692207 0.1641634 0.1700776 0.1694599 0.4564472 0.4574235 0.5795352 
Peric_JH   0.1753007 0.1049922 0.1177696 0.1286007 0.1004649 0.1058363 0.1025874 0.1028205 0.1231477 0.1641425 0.1227127 0.2425488 0.1010853 0.0584699 0.1700235 0.3091313 0.2194308 0.1179962 0.0790459 0.1126772 0.2308799 0.2387977 0.2509903 0.1322445 0.1681217 0.0000000 0.1550417 0.1180566 0.1034954 0.1101133 0.1179963 0.1164723 0.1190089 0.1186722 0.4428456 0.4496136 0.5496896 
Phaen_vi   0.1149681 0.1474531 0.1614450 0.1697101 0.1423772 0.1415140 0.1413439 0.1452477 0.1634234 0.1276579 0.1676663 0.2395232 0.1481128 0.1445944 0.1627413 0.3026422 0.1907979 0.1580157 0.1316305 0.1547444 0.2034343 0.2095743 0.2209513 0.1034754 0.1496235 0.1550417 0.0000000 0.1605104 0.1519511 0.1524261 0.1559353 0.1523436 0.1556017 0.1568434 0.4296906 0.4321902 0.5430549 
Phana_JH   0.1776259 0.1093962 0.1129687 0.1287144 0.1046972 0.0981491 0.0955514 0.1094980 0.1307133 0.1652555 0.1305983 0.2472078 0.1086026 0.1082739 0.1718264 0.3164804 0.2387502 0.1065383 0.0915161 0.1101608 0.2435431 0.2449963 0.2573094 0.1316885 0.1704351 0.1180566 0.1605104 0.0000000 0.1108160 0.1120694 0.1204465 0.1178296 0.1227275 0.1213283 0.4815007 0.4793462 0.5978394 
Prot_spe   0.1710524 0.0792192 0.0853708 0.1074549 0.0765235 0.0994005 0.0966925 0.0832715 0.1207009 0.1609916 0.1023893 0.2387260 0.0922702 0.0891578 0.1651278 0.3128170 0.2208730 0.1129807 0.0780588 0.1124115 0.2347128 0.2389589 0.2498675 0.1275032 0.1584786 0.1034954 0.1519511 0.1108160 0.0000000 0.0993333 0.1072789 0.1031879 0.1099654 0.1087645 0.4278455 0.4296053 0.5516854 
Qwaq_sco   0.1722076 0.1017699 0.1169180 0.1261963 0.1007313 0.0997419 0.0960686 0.1013739 0.1229404 0.1611666 0.1259351 0.2417153 0.1054699 0.0968522 0.1666693 0.2996051 0.2173960 0.1124257 0.0877094 0.1101124 0.2296153 0.2321425 0.2443424 0.1264436 0.1622950 0.1101133 0.1524261 0.1120694 0.0993333 0.0000000 0.1120775 0.1111944 0.1150667 0.1143736 0.4398083 0.4431216 0.5521850 
Syne_gif   0.1774902 0.1119477 0.1262905 0.1339796 0.1082737 0.1063402 0.1035905 0.1092636 0.1266910 0.1621258 0.1341876 0.2401510 0.1094706 0.1079330 0.1713599 0.3031456 0.2164529 0.1198769 0.0995793 0.1170007 0.2289310 0.2326552 0.2437066 0.1324567 0.1692207 0.1179963 0.1559353 0.1204465 0.1072789 0.1120775 0.0000000 0.0334167 0.0349216 0.0317844 0.4297384 0.4358669 0.5422311 
Syne_ito   0.1738769 0.1105694 0.1240887 0.1326476 0.1053361 0.1060018 0.1032052 0.1074582 0.1219085 0.1607594 0.1328842 0.2421722 0.1073654 0.1056967 0.1687380 0.3010422 0.2098347 0.1184132 0.0982246 0.1159343 0.2264808 0.2312206 0.2408121 0.1321045 0.1641634 0.1164723 0.1523436 0.1178296 0.1031879 0.1111944 0.0334167 0.0000000 0.0403616 0.0347741 0.4299068 0.4350794 0.5439918 
Syne_jap   0.1774574 0.1127257 0.1284719 0.1355341 0.1092204 0.1090179 0.1068070 0.1114154 0.1284306 0.1615469 0.1362815 0.2450640 0.1102170 0.1089772 0.1716303 0.3053985 0.2198066 0.1213145 0.1004342 0.1179880 0.2288505 0.2328952 0.2439623 0.1354914 0.1700776 0.1190089 0.1556017 0.1227275 0.1099654 0.1150667 0.0349216 0.0403616 0.0000000 0.0148849 0.4314466 0.4417050 0.5429722 
Syne_umb   0.1783616 0.1125371 0.1296527 0.1358697 0.1096577 0.1089028 0.1071969 0.1117034 0.1298751 0.1632081 0.1367966 0.2409953 0.1114976 0.1073947 0.1729430 0.3053195 0.2159306 0.1224949 0.1011275 0.1190096 0.2284231 0.2329189 0.2425348 0.1341339 0.1694599 0.1186722 0.1568434 0.1213283 0.1087645 0.1143736 0.0317844 0.0347741 0.0148849 0.0000000 0.4329771 0.4414777 0.5441382 
Nasoniav   0.4451549 0.4282180 0.4522935 0.4668355 0.4223597 0.4197513 0.4237855 0.4284088 0.4759319 0.4460352 0.4649140 0.4641623 0.4420620 0.4272631 0.4321375 0.5416485 0.4703551 0.4632017 0.4197916 0.4326175 0.4699806 0.4893124 0.4901636 0.4081441 0.4564472 0.4428456 0.4296906 0.4815007 0.4278455 0.4398083 0.4297384 0.4299068 0.4314466 0.4329771 0.0000000 0.4694680 0.5696040 
Orussusa   0.4493872 0.4302436 0.4552751 0.4690428 0.4228683 0.4281922 0.4315169 0.4313918 0.5342094 0.4400637 0.4738554 0.4405633 0.4373792 0.4275433 0.4323264 0.5609527 0.4817160 0.4764368 0.4071835 0.4429948 0.4762482 0.4976260 0.4956555 0.4061306 0.4574235 0.4496136 0.4321902 0.4793462 0.4296053 0.4431216 0.4358669 0.4350794 0.4417050 0.4414777 0.4694680 0.0000000 0.5233645 
Micropld   0.5510871 0.5355785 0.5661958 0.5805651 0.5250449 0.5348678 0.5392770 0.5357224 0.6067645 0.5531454 0.5886414 0.5535230 0.5428775 0.5277940 0.5426448 0.6417994 0.6169835 0.5961048 0.5025566 0.5528137 0.5808804 0.5918404 0.5918978 0.5161799 0.5795352 0.5496896 0.5430549 0.5978394 0.5516854 0.5521850 0.5422311 0.5439918 0.5429722 0.5441382 0.5696040 0.5233645 0.0000000 
