35
Allox_ar   0.0000000 0.1627909 0.1783379 0.1915316 0.1593848 0.1602900 0.1606473 0.1650087 0.1766058 0.1449890 0.1811513 0.1649891 0.1606321 0.1788345 0.2057553 0.1698376 0.1466974 0.1695380 0.2188109 0.2158572 0.2254304 0.1264199 0.1760424 0.1683713 0.1144164 0.1683839 0.1660960 0.1698296 0.1759702 0.1733297 0.1744866 0.1772754 0.4665887 0.4433285 0.5397966 
Andr_cur   0.1627909 0.0000000 0.0468816 0.0639782 0.0281382 0.0968391 0.0964452 0.0442757 0.0562132 0.1586930 0.0810270 0.0911807 0.0895902 0.1641508 0.2115494 0.1046359 0.0781006 0.1044719 0.2259443 0.2262966 0.2333998 0.1271826 0.1562639 0.0980266 0.1480379 0.1042114 0.0787815 0.0995729 0.1088083 0.1077830 0.1095912 0.1101510 0.4586309 0.4310525 0.5297027 
Andr_gro   0.1783379 0.0468816 0.0000000 0.0782027 0.0467769 0.1140989 0.1133717 0.0591517 0.0643777 0.1709938 0.0902357 0.1066001 0.1058219 0.1814199 0.2308762 0.1168855 0.0819877 0.1205913 0.2475013 0.2467507 0.2563994 0.1469382 0.1704667 0.1108150 0.1649406 0.1138648 0.0909118 0.1162313 0.1250485 0.1233751 0.1267126 0.1288081 0.4900282 0.4603532 0.5646229 
Andr_qln   0.1915316 0.0639782 0.0782027 0.0000000 0.0669530 0.1253185 0.1243184 0.0564830 0.0665837 0.1827774 0.1061379 0.1178488 0.1174123 0.1918047 0.2433456 0.1311904 0.0936840 0.1340425 0.2555035 0.2555589 0.2614508 0.1550546 0.1834141 0.1265443 0.1755634 0.1268729 0.1088354 0.1286185 0.1362452 0.1353172 0.1367726 0.1392152 0.5012540 0.4712350 0.5751244 
Andr_qrm   0.1593848 0.0281382 0.0467769 0.0669530 0.0000000 0.0941217 0.0935388 0.0411534 0.0573892 0.1534780 0.0784747 0.0845653 0.0875844 0.1617215 0.2044826 0.1004369 0.0704522 0.1017742 0.2190864 0.2207262 0.2298892 0.1276164 0.1554048 0.0934404 0.1438080 0.1012493 0.0751691 0.0970330 0.1061390 0.1040609 0.1064689 0.1080793 0.4515676 0.4284143 0.5232648 
Aula_tav   0.1602900 0.0968391 0.1140989 0.1253185 0.0941217 0.0000000 0.0404041 0.0999340 0.1008682 0.1525070 0.1147501 0.0979259 0.0959366 0.1579682 0.1976596 0.0473126 0.0809127 0.0383152 0.2186155 0.2185990 0.2278041 0.1217927 0.1503231 0.1008315 0.1434732 0.0937808 0.1007291 0.0981711 0.1064523 0.1054095 0.1075760 0.1092588 0.4484339 0.4257490 0.5202638 
Aylax_hy   0.1606473 0.0964452 0.1133717 0.1243184 0.0935388 0.0404041 0.0000000 0.0990109 0.1010363 0.1525056 0.1137365 0.0965424 0.0946337 0.1590398 0.2030039 0.0463562 0.0781768 0.0475313 0.2197590 0.2201185 0.2296773 0.1235637 0.1518891 0.0991708 0.1441748 0.0933476 0.0987783 0.0966867 0.1060987 0.1046362 0.1070065 0.1088095 0.4527110 0.4293468 0.5260065 
Beloc_tr   0.1650087 0.0442757 0.0591517 0.0564830 0.0411534 0.0999340 0.0990109 0.0000000 0.0457429 0.1589481 0.0887894 0.0938191 0.0928282 0.1664507 0.2106428 0.1071461 0.0792065 0.1083204 0.2243690 0.2275966 0.2343483 0.1308320 0.1583809 0.0994308 0.1485164 0.1081663 0.0829721 0.1025789 0.1102850 0.1085840 0.1118298 0.1135241 0.4611312 0.4339719 0.5326122 
Bior_pal   0.1766058 0.0562132 0.0643777 0.0665837 0.0573892 0.1008682 0.1010363 0.0457429 0.0000000 0.1688688 0.1014568 0.0980568 0.0945776 0.1753950 0.2108030 0.1053833 0.0814559 0.1089166 0.2247397 0.2285337 0.2404892 0.1419914 0.1667204 0.1100779 0.1554806 0.1165050 0.0999687 0.1101746 0.1126433 0.1094373 0.1140099 0.1175392 0.4914905 0.4837173 0.5663896 
Callas_no  0.1449890 0.1586930 0.1709938 0.1827774 0.1534780 0.1525070 0.1525056 0.1589481 0.1688688 0.0000000 0.1748304 0.1562632 0.1558155 0.1690541 0.1968255 0.1614110 0.1363683 0.1602036 0.2078951 0.2056857 0.2166535 0.1158735 0.1655411 0.1617589 0.1275882 0.1614013 0.1628345 0.1619932 0.1658328 0.1638802 0.1645086 0.1674109 0.4763819 0.4479326 0.5484113 
Calli_sp   0.1811513 0.0810270 0.0902357 0.1061379 0.0784747 0.1147501 0.1137365 0.0887894 0.1014568 0.1748304 0.0000000 0.1081053 0.1068878 0.1825234 0.2308423 0.1224061 0.0844276 0.1228264 0.2443287 0.2442000 0.2544578 0.1463993 0.1746848 0.1133307 0.1659997 0.1235000 0.0970362 0.1187143 0.1283770 0.1261607 0.1284379 0.1305161 0.4805828 0.4573578 0.5636038 
Cerop_ma   0.1649891 0.0911807 0.1066001 0.1178488 0.0845653 0.0979259 0.0965424 0.0938191 0.0980568 0.1562632 0.1081053 0.0000000 0.0895778 0.1641526 0.2127509 0.1044773 0.0750796 0.1047958 0.2277374 0.2288669 0.2358042 0.1334407 0.1570240 0.0949449 0.1489845 0.1049407 0.0913143 0.1021433 0.1081382 0.1065449 0.1088249 0.1110408 0.4677669 0.4402894 0.5389518 
Diast_ki   0.1606321 0.0895902 0.1058219 0.1174123 0.0875844 0.0959366 0.0946337 0.0928282 0.0945776 0.1558155 0.1068878 0.0895778 0.0000000 0.1610494 0.2056544 0.1035321 0.0772754 0.1033794 0.2217933 0.2214128 0.2317165 0.1273538 0.1531647 0.0507443 0.1445810 0.1038399 0.0902221 0.0970131 0.1070344 0.1055397 0.1082746 0.1090662 0.4527557 0.4259905 0.5203496 
Dipl_spi   0.1788345 0.1641508 0.1814199 0.1918047 0.1617215 0.1579682 0.1590398 0.1664507 0.1753950 0.1690541 0.1825234 0.1641526 0.1610494 0.0000000 0.2196266 0.1677498 0.1441365 0.1638483 0.2352020 0.2373277 0.2442989 0.1432025 0.1412226 0.1677870 0.1651814 0.1637632 0.1678844 0.1658811 0.1728766 0.1712094 0.1723739 0.1755394 0.4586127 0.4324481 0.5306058 
Gana_sp1   0.2057553 0.2115494 0.2308762 0.2433456 0.2044826 0.1976596 0.2030039 0.2106428 0.2108030 0.1968255 0.2308423 0.2127509 0.2056544 0.2196266 0.0000000 0.2114301 0.1876274 0.2096323 0.1656077 0.1721155 0.1769743 0.1788082 0.2196772 0.2155588 0.1888495 0.2177264 0.2156662 0.2128338 0.2129646 0.2070488 0.2140159 0.2111950 0.4886781 0.4656721 0.5662241 
Hedic_le   0.1698376 0.1046359 0.1168855 0.1311904 0.1004369 0.0473126 0.0463562 0.1071461 0.1053833 0.1614110 0.1224061 0.1044773 0.1035321 0.1677498 0.2114301 0.0000000 0.0863481 0.0530424 0.2308807 0.2287816 0.2390192 0.1318078 0.1580934 0.1085658 0.1534463 0.0990122 0.1074177 0.1060845 0.1141034 0.1126663 0.1146382 0.1152736 0.4717592 0.4488976 0.5505765 
Irae_his   0.1466974 0.0781006 0.0819877 0.0936840 0.0704522 0.0809127 0.0781768 0.0792065 0.0814559 0.1363683 0.0844276 0.0750796 0.0772754 0.1441365 0.1876274 0.0863481 0.0000000 0.0882335 0.2088547 0.2041189 0.2131290 0.1112412 0.1342582 0.0766202 0.1284638 0.0846538 0.0761762 0.0845436 0.0975292 0.0971258 0.0990979 0.1011199 0.4330403 0.3991445 0.4977691 
Isoc_cen   0.1695380 0.1044719 0.1205913 0.1340425 0.1017742 0.0383152 0.0475313 0.1083204 0.1089166 0.1602036 0.1228264 0.1047958 0.1033794 0.1638483 0.2096323 0.0530424 0.0882335 0.0000000 0.2264186 0.2276068 0.2375970 0.1315990 0.1601950 0.1075437 0.1518253 0.1017614 0.1096476 0.1063485 0.1142531 0.1128517 0.1143650 0.1167018 0.4584826 0.4362170 0.5334890 
Lepto_bo   0.2188109 0.2259443 0.2475013 0.2555035 0.2190864 0.2186155 0.2197590 0.2243690 0.2247397 0.2078951 0.2443287 0.2277374 0.2217933 0.2352020 0.1656077 0.2308807 0.2088547 0.2264186 0.0000000 0.0890629 0.0991961 0.1944896 0.2384617 0.2293221 0.2022846 0.2310583 0.2328833 0.2290779 0.2315174 0.2291921 0.2290678 0.2307737 0.5069687 0.4780280 0.5679390 
Lepto_cl   0.2158572 0.2262966 0.2467507 0.2555589 0.2207262 0.2185990 0.2201185 0.2275966 0.2285337 0.2056857 0.2442000 0.2288669 0.2214128 0.2373277 0.1721155 0.2287816 0.2041189 0.2276068 0.0890629 0.0000000 0.0797106 0.1923818 0.2402818 0.2327853 0.2035915 0.2299473 0.2346251 0.2294221 0.2314187 0.2298908 0.2292789 0.2325414 0.5139725 0.4886659 0.5732736 
Lepto_he   0.2254304 0.2333998 0.2563994 0.2614508 0.2298892 0.2278041 0.2296773 0.2343483 0.2404892 0.2166535 0.2544578 0.2358042 0.2317165 0.2442989 0.1769743 0.2390192 0.2131290 0.2375970 0.0991961 0.0797106 0.0000000 0.2024604 0.2469245 0.2412096 0.2124913 0.2377368 0.2423949 0.2379851 0.2397300 0.2370311 0.2372840 0.2393406 0.5112626 0.4859768 0.5684321 
Parn_nig   0.1264199 0.1271826 0.1469382 0.1550546 0.1276164 0.1217927 0.1235637 0.1308320 0.1419914 0.1158735 0.1463993 0.1334407 0.1273538 0.1432025 0.1788082 0.1318078 0.1112412 0.1315990 0.1944896 0.1923818 0.2024604 0.0000000 0.1336800 0.1343512 0.1090846 0.1311046 0.1293649 0.1311553 0.1393848 0.1388625 0.1413504 0.1429667 0.4434843 0.4106112 0.5111960 
Pedia_ac   0.1760424 0.1562639 0.1704667 0.1834141 0.1554048 0.1503231 0.1518891 0.1583809 0.1667204 0.1655411 0.1746848 0.1570240 0.1531647 0.1412226 0.2196772 0.1580934 0.1342582 0.1601950 0.2384617 0.2402818 0.2469245 0.1336800 0.0000000 0.1584387 0.1515270 0.1597284 0.1560479 0.1568783 0.1655672 0.1624035 0.1655259 0.1677208 0.4737630 0.4456438 0.5592771 
Peric_JH   0.1683713 0.0980266 0.1108150 0.1265443 0.0934404 0.1008315 0.0991708 0.0994308 0.1100779 0.1617589 0.1133307 0.0949449 0.0507443 0.1677870 0.2155588 0.1085658 0.0766202 0.1075437 0.2293221 0.2327853 0.2412096 0.1343512 0.1584387 0.0000000 0.1525625 0.1085885 0.0985822 0.1044122 0.1122598 0.1106743 0.1135940 0.1139386 0.4664536 0.4437101 0.5394824 
Phaen_vi   0.1144164 0.1480379 0.1649406 0.1755634 0.1438080 0.1434732 0.1441748 0.1485164 0.1554806 0.1275882 0.1659997 0.1489845 0.1445810 0.1651814 0.1888495 0.1534463 0.1284638 0.1518253 0.2022846 0.2035915 0.2124913 0.1090846 0.1515270 0.1525625 0.0000000 0.1540422 0.1554622 0.1523340 0.1586482 0.1559099 0.1579051 0.1607294 0.4628458 0.4350766 0.5357255 
Phana_JH   0.1683839 0.1042114 0.1138648 0.1268729 0.1012493 0.0937808 0.0933476 0.1081663 0.1165050 0.1614013 0.1235000 0.1049407 0.1038399 0.1637632 0.2177264 0.0990122 0.0846538 0.1017614 0.2310583 0.2299473 0.2377368 0.1311046 0.1597284 0.1085885 0.1540422 0.0000000 0.1087568 0.1070519 0.1165724 0.1150300 0.1173491 0.1184777 0.4762681 0.4416197 0.5410639 
Prot_spe   0.1660960 0.0787815 0.0909118 0.1088354 0.0751691 0.1007291 0.0987783 0.0829721 0.0999687 0.1628345 0.0970362 0.0913143 0.0902221 0.1678844 0.2156662 0.1074177 0.0761762 0.1096476 0.2328833 0.2346251 0.2423949 0.1293649 0.1560479 0.0985822 0.1554622 0.1087568 0.0000000 0.0996177 0.1097443 0.1070819 0.1111969 0.1125289 0.4564097 0.4326026 0.5387000 
Qwaq_sco   0.1698296 0.0995729 0.1162313 0.1286185 0.0970330 0.0981711 0.0966867 0.1025789 0.1101746 0.1619932 0.1187143 0.1021433 0.0970131 0.1658811 0.2128338 0.1060845 0.0845436 0.1063485 0.2290779 0.2294221 0.2379851 0.1311553 0.1568783 0.1044122 0.1523340 0.1070519 0.0996177 0.0000000 0.1104486 0.1092214 0.1119942 0.1137049 0.4661095 0.4416669 0.5412231 
Syne_gif   0.1759702 0.1088083 0.1250485 0.1362452 0.1061390 0.1064523 0.1060987 0.1102850 0.1126433 0.1658328 0.1283770 0.1081382 0.1070344 0.1728766 0.2129646 0.1141034 0.0975292 0.1142531 0.2315174 0.2314187 0.2397300 0.1393848 0.1655672 0.1122598 0.1586482 0.1165724 0.1097443 0.1104486 0.0000000 0.0304372 0.0308582 0.0306669 0.4641922 0.4414292 0.5408673 
Syne_ito   0.1733297 0.1077830 0.1233751 0.1353172 0.1040609 0.1054095 0.1046362 0.1085840 0.1094373 0.1638802 0.1261607 0.1065449 0.1055397 0.1712094 0.2070488 0.1126663 0.0971258 0.1128517 0.2291921 0.2298908 0.2370311 0.1388625 0.1624035 0.1106743 0.1559099 0.1150300 0.1070819 0.1092214 0.0304372 0.0000000 0.0361063 0.0343553 0.4581354 0.4388367 0.5379475 
Syne_jap   0.1744866 0.1095912 0.1267126 0.1367726 0.1064689 0.1075760 0.1070065 0.1118298 0.1140099 0.1645086 0.1284379 0.1088249 0.1082746 0.1723739 0.2140159 0.1146382 0.0990979 0.1143650 0.2290678 0.2292789 0.2372840 0.1413504 0.1655259 0.1135940 0.1579051 0.1173491 0.1111969 0.1119942 0.0308582 0.0361063 0.0000000 0.0131814 0.4590542 0.4398460 0.5334773 
Syne_umb   0.1772754 0.1101510 0.1288081 0.1392152 0.1080793 0.1092588 0.1088095 0.1135241 0.1175392 0.1674109 0.1305161 0.1110408 0.1090662 0.1755394 0.2111950 0.1152736 0.1011199 0.1167018 0.2307737 0.2325414 0.2393406 0.1429667 0.1677208 0.1139386 0.1607294 0.1184777 0.1125289 0.1137049 0.0306669 0.0343553 0.0131814 0.0000000 0.4648314 0.4447791 0.5385712 
Nasoniav   0.4665887 0.4586309 0.4900282 0.5012540 0.4515676 0.4484339 0.4527110 0.4611312 0.4914905 0.4763819 0.4805828 0.4677669 0.4527557 0.4586127 0.4886781 0.4717592 0.4330403 0.4584826 0.5069687 0.5139725 0.5112626 0.4434843 0.4737630 0.4664536 0.4628458 0.4762681 0.4564097 0.4661095 0.4641922 0.4581354 0.4590542 0.4648314 0.0000000 0.4914820 0.5764010 
Orussusa   0.4433285 0.4310525 0.4603532 0.4712350 0.4284143 0.4257490 0.4293468 0.4339719 0.4837173 0.4479326 0.4573578 0.4402894 0.4259905 0.4324481 0.4656721 0.4488976 0.3991445 0.4362170 0.4780280 0.4886659 0.4859768 0.4106112 0.4456438 0.4437101 0.4350766 0.4416197 0.4326026 0.4416669 0.4414292 0.4388367 0.4398460 0.4447791 0.4914820 0.0000000 0.5191016 
Micropld   0.5397966 0.5297027 0.5646229 0.5751244 0.5232648 0.5202638 0.5260065 0.5326122 0.5663896 0.5484113 0.5636038 0.5389518 0.5203496 0.5306058 0.5662241 0.5505765 0.4977691 0.5334890 0.5679390 0.5732736 0.5684321 0.5111960 0.5592771 0.5394824 0.5357255 0.5410639 0.5387000 0.5412231 0.5408673 0.5379475 0.5334773 0.5385712 0.5764010 0.5191016 0.0000000 
