36
Allox_ar   0.0000000 0.1625894 0.1780943 0.1912488 0.1591919 0.1600948 0.1604512 0.1648014 0.1763670 0.1448305 0.1808996 0.2501290 0.1647819 0.1604361 0.1785894 0.2054270 0.1696174 0.1465349 0.1693187 0.2184376 0.2154943 0.2250330 0.1263005 0.1758052 0.1681551 0.1143193 0.1681676 0.1658858 0.1696095 0.1757332 0.1731000 0.1742538 0.1770347 0.4647717 0.4416938 0.5373475 
Andr_cur   0.1625894 0.0000000 0.0468659 0.0639489 0.0281326 0.0967702 0.0963769 0.0442617 0.0561903 0.1585018 0.0809791 0.2417380 0.0911198 0.0895314 0.1639457 0.2112014 0.1045551 0.0780562 0.1043914 0.2255450 0.2258960 0.2329724 0.1270618 0.1560788 0.0979560 0.1478724 0.1041313 0.0787363 0.0994999 0.1087207 0.1076971 0.1095023 0.1100611 0.4568773 0.4295102 0.5273450 
Andr_gro   0.1780943 0.0468659 0.0000000 0.0781582 0.0467613 0.1140023 0.1132764 0.0591265 0.0643468 0.1707706 0.0901760 0.2517344 0.1065161 0.1057392 0.1811673 0.2304585 0.1167840 0.0819387 0.1204830 0.2470182 0.2462706 0.2558791 0.1467753 0.1702449 0.1107241 0.1647334 0.1137686 0.0908512 0.1161300 0.1249318 0.1232615 0.1265926 0.1286840 0.4880184 0.4585860 0.5619402 
Andr_qln   0.1912488 0.0639489 0.0781582 0.0000000 0.0669206 0.1252012 0.1242030 0.0564599 0.0665516 0.1825209 0.1060547 0.2626376 0.1177455 0.1173098 0.1915211 0.2428793 0.1310615 0.0936196 0.1339078 0.2549871 0.2550422 0.2609089 0.1548724 0.1831558 0.1264247 0.1753275 0.1267526 0.1087478 0.1284948 0.1361059 0.1351798 0.1366321 0.1390695 0.4991486 0.4693805 0.5723401 
Andr_qrm   0.1591919 0.0281326 0.0467613 0.0669206 0.0000000 0.0940566 0.0934746 0.0411414 0.0573654 0.1532997 0.0784298 0.2347118 0.0845130 0.0875283 0.1615226 0.2041585 0.1003625 0.0704162 0.1016979 0.2187120 0.2203460 0.2294752 0.1274947 0.1552217 0.0933763 0.1436522 0.1011738 0.0751281 0.0969638 0.1060558 0.1039810 0.1063852 0.1079929 0.4498694 0.4268915 0.5209661 
Aula_tav   0.1600948 0.0967702 0.1140023 0.1252012 0.0940566 0.0000000 0.0403925 0.0998605 0.1007933 0.1523310 0.1146524 0.2334131 0.0978553 0.0958690 0.1577788 0.1973577 0.0472965 0.0808650 0.0383048 0.2182428 0.2182264 0.2273980 0.1216822 0.1501523 0.1007566 0.1433181 0.0937162 0.1006544 0.0981002 0.1063686 0.1053274 0.1074904 0.1091705 0.4467600 0.4242459 0.5179919 
Aylax_hy   0.1604512 0.0963769 0.1132764 0.1242030 0.0934746 0.0403925 0.0000000 0.0989387 0.1009611 0.1523295 0.1136406 0.2317212 0.0964738 0.0945679 0.1588478 0.2026846 0.0463408 0.0781324 0.0475152 0.2193823 0.2197404 0.2292641 0.1234498 0.1517146 0.0990984 0.1440182 0.0932836 0.0987065 0.0966179 0.1060155 0.1045554 0.1069219 0.1087220 0.4510039 0.4278171 0.5236832 
Beloc_tr   0.1648014 0.0442617 0.0591265 0.0564599 0.0411414 0.0998605 0.0989387 0.0000000 0.0457280 0.1587563 0.0887317 0.2415852 0.0937545 0.0927650 0.1662396 0.2102979 0.1070612 0.0791608 0.1082336 0.2239755 0.2271912 0.2339173 0.1307039 0.1581905 0.0993580 0.1483498 0.1080798 0.0829218 0.1025013 0.1101950 0.1084968 0.1117371 0.1134285 0.4593578 0.4324079 0.5302280 
Bior_pal   0.1763670 0.0561903 0.0643468 0.0665516 0.0573654 0.1007933 0.1009611 0.0457280 0.0000000 0.1686513 0.1013809 0.2418996 0.0979861 0.0945119 0.1751596 0.2104576 0.1053012 0.0814075 0.1088288 0.2243449 0.2281248 0.2400343 0.1418396 0.1665086 0.1099882 0.1552974 0.1164042 0.0998951 0.1100848 0.1125493 0.1093486 0.1139135 0.1174364 0.4894684 0.4817603 0.5636899 
Callas_no  0.1448305 0.1585018 0.1707706 0.1825209 0.1532997 0.1523310 0.1523295 0.1587563 0.1686513 0.0000000 0.1745966 0.2445523 0.1560780 0.1556315 0.1688361 0.1965262 0.1612129 0.1362286 0.1600086 0.2075596 0.2053576 0.2162878 0.1157738 0.1653324 0.1615600 0.1274665 0.1612033 0.1626328 0.1617937 0.1656233 0.1636759 0.1643026 0.1671972 0.4744855 0.4462626 0.5458822 
Calli_sp   0.1808996 0.0809791 0.0901760 0.1060547 0.0784298 0.1146524 0.1136406 0.0887317 0.1013809 0.1745966 0.0000000 0.2532789 0.1080189 0.1068034 0.1822676 0.2304247 0.1222944 0.0843755 0.1227140 0.2438584 0.2437302 0.2539458 0.1462376 0.1744514 0.1132355 0.1657898 0.1233862 0.0969669 0.1186094 0.1282538 0.1260418 0.1283146 0.1303886 0.4786519 0.4556143 0.5609309 
Cecin_ib   0.2501290 0.2417380 0.2517344 0.2626376 0.2347118 0.2334131 0.2317212 0.2415852 0.2418996 0.2445523 0.2532789 0.0000000 0.2400374 0.2371659 0.2374545 0.2909651 0.2418137 0.2106075 0.2397426 0.3004415 0.2995595 0.3058442 0.2161538 0.2363752 0.2408532 0.2388712 0.2350401 0.2429798 0.2430575 0.2427815 0.2462255 0.2457834 0.2469175 0.4821571 0.4355845 0.5389618 
Cerop_ma   0.1647819 0.0911198 0.1065161 0.1177455 0.0845130 0.0978553 0.0964738 0.0937545 0.0979861 0.1560780 0.1080189 0.2400374 0.0000000 0.0895190 0.1639475 0.2123988 0.1043967 0.0750386 0.1047147 0.2273314 0.2284568 0.2353676 0.1333072 0.1568370 0.0948787 0.1488168 0.1048594 0.0912531 0.1020664 0.1080517 0.1064610 0.1087373 0.1109495 0.4659404 0.4386778 0.5365105 
Diast_ki   0.1604361 0.0895314 0.1057392 0.1173098 0.0875283 0.0958690 0.0945679 0.0927650 0.0945119 0.1556315 0.1068034 0.2371659 0.0895190 0.0000000 0.1608523 0.2053265 0.1034530 0.0772319 0.1033005 0.2214093 0.2210300 0.2312956 0.1272326 0.1529871 0.0507259 0.1444234 0.1037603 0.0901625 0.0969439 0.1069498 0.1054575 0.1081879 0.1089781 0.4510482 0.4244856 0.5180769 
Dipl_spi   0.1785894 0.1639457 0.1811673 0.1915211 0.1615226 0.1577788 0.1588478 0.1662396 0.1751596 0.1688361 0.1822676 0.2374545 0.1639475 0.1608523 0.0000000 0.2192503 0.1675353 0.1439799 0.1636440 0.2347678 0.2368852 0.2438287 0.1430480 0.1410725 0.1675724 0.1649736 0.1635591 0.1676695 0.1656715 0.1726482 0.1709855 0.1721468 0.1753036 0.4568593 0.4308955 0.5282398 
Gana_sp1   0.2054270 0.2112014 0.2304585 0.2428793 0.2041585 0.1973577 0.2026846 0.2102979 0.2104576 0.1965262 0.2304247 0.2909651 0.2123988 0.2053265 0.2192503 0.0000000 0.2110825 0.1873565 0.2092909 0.1653988 0.1718892 0.1767345 0.1785632 0.2193008 0.2151969 0.1885750 0.2173569 0.2153040 0.2124814 0.2126118 0.2067161 0.2136594 0.2108483 0.4866796 0.4638625 0.5635260 
Hedic_le   0.1696174 0.1045551 0.1167840 0.1310615 0.1003625 0.0472965 0.0463408 0.1070612 0.1053012 0.1612129 0.1222944 0.2418137 0.1043967 0.1034530 0.1675353 0.2110825 0.0000000 0.0862936 0.0530222 0.2304630 0.2283718 0.2385700 0.1316777 0.1579038 0.1084787 0.1532680 0.0989400 0.1073324 0.1060014 0.1140068 0.1125722 0.1145407 0.1151750 0.4699005 0.4472201 0.5480272 
Irae_his   0.1465349 0.0780562 0.0819387 0.0936196 0.0704162 0.0808650 0.0781324 0.0791608 0.0814075 0.1362286 0.0843755 0.2106075 0.0750386 0.0772319 0.1439799 0.1873565 0.0862936 0.0000000 0.0881766 0.2085160 0.2037960 0.2127756 0.1111496 0.1341230 0.0765775 0.1283404 0.0846015 0.0761340 0.0844914 0.0974592 0.0970565 0.0990256 0.1010446 0.4314833 0.3978302 0.4956936 
Isoc_cen   0.1693187 0.1043914 0.1204830 0.1339078 0.1016979 0.0383048 0.0475152 0.1082336 0.1088288 0.1600086 0.1227140 0.2397426 0.1047147 0.1033005 0.1636440 0.2092909 0.0530222 0.0881766 0.0000000 0.2260175 0.2272014 0.2371534 0.1314693 0.1600001 0.1074582 0.1516509 0.1016851 0.1095586 0.1062650 0.1141563 0.1127573 0.1142680 0.1165996 0.4567303 0.4346362 0.5310967 
Lepto_bo   0.2184376 0.2255450 0.2470182 0.2549871 0.2187120 0.2182428 0.2193823 0.2239755 0.2243449 0.2075596 0.2438584 0.3004415 0.2273314 0.2214093 0.2347678 0.1653988 0.2304630 0.2085160 0.2260175 0.0000000 0.0890048 0.0991237 0.1941976 0.2380148 0.2289102 0.2019678 0.2306399 0.2324579 0.2286670 0.2310973 0.2287807 0.2286569 0.2303564 0.5048139 0.4761181 0.5652244 
Lepto_cl   0.2154943 0.2258960 0.2462706 0.2550422 0.2203460 0.2182264 0.2197404 0.2271912 0.2281248 0.2053576 0.2437302 0.2995595 0.2284568 0.2210300 0.2368852 0.1718892 0.2283718 0.2037960 0.2272014 0.0890048 0.0000000 0.0796643 0.1920964 0.2398276 0.2323603 0.2032704 0.2295330 0.2341930 0.2290099 0.2309989 0.2294768 0.2288672 0.2321173 0.5117564 0.4866676 0.5705073 
Lepto_he   0.2250330 0.2329724 0.2558791 0.2609089 0.2294752 0.2273980 0.2292641 0.2339173 0.2400343 0.2162878 0.2539458 0.3058442 0.2353676 0.2312956 0.2438287 0.1767345 0.2385700 0.2127756 0.2371534 0.0991237 0.0796643 0.0000000 0.2021429 0.2464436 0.2407518 0.2121401 0.2372927 0.2419324 0.2375400 0.2392781 0.2365898 0.2368416 0.2388902 0.5090702 0.4840010 0.5657127 
Parn_nig   0.1263005 0.1270618 0.1467753 0.1548724 0.1274947 0.1216822 0.1234498 0.1307039 0.1418396 0.1157738 0.1462376 0.2161538 0.1333072 0.1272326 0.1430480 0.1785632 0.1316777 0.1111496 0.1314693 0.1941976 0.1920964 0.2021429 0.0000000 0.1335460 0.1342158 0.1089965 0.1309759 0.1292396 0.1310264 0.1392387 0.1387175 0.1412000 0.1428127 0.4418485 0.4092171 0.5090043 
Pedia_ac   0.1758052 0.1560788 0.1702449 0.1831558 0.1552217 0.1501523 0.1517146 0.1581905 0.1665086 0.1653324 0.1744514 0.2363752 0.1568370 0.1529871 0.1410725 0.2193008 0.1579038 0.1341230 0.1600001 0.2380148 0.2398276 0.2464436 0.1335460 0.0000000 0.1582482 0.1513533 0.1595347 0.1558633 0.1566916 0.1653585 0.1622029 0.1653173 0.1675064 0.4718880 0.4439914 0.5566455 
Peric_JH   0.1681551 0.0979560 0.1107241 0.1264247 0.0933763 0.1007566 0.0990984 0.0993580 0.1099882 0.1615600 0.1132355 0.2408532 0.0948787 0.0507259 0.1675724 0.2151969 0.1084787 0.0765775 0.1074582 0.2289102 0.2323603 0.2407518 0.1342158 0.1582482 0.0000000 0.1523863 0.1085013 0.0985107 0.1043317 0.1121664 0.1105835 0.1134983 0.1138423 0.4646378 0.4420725 0.5370362 
Phaen_vi   0.1143193 0.1478724 0.1647334 0.1753275 0.1436522 0.1433181 0.1440182 0.1483498 0.1552974 0.1274665 0.1657898 0.2388712 0.1488168 0.1444234 0.1649736 0.1885750 0.1532680 0.1283404 0.1516509 0.2019678 0.2032704 0.2121401 0.1089965 0.1513533 0.1523863 0.0000000 0.1538624 0.1552790 0.1521584 0.1584572 0.1557256 0.1577159 0.1605331 0.4610589 0.4335043 0.5333138 
Phana_JH   0.1681676 0.1041313 0.1137686 0.1267526 0.1011738 0.0937162 0.0932836 0.1080798 0.1164042 0.1612033 0.1233862 0.2350401 0.1048594 0.1037603 0.1635591 0.2173569 0.0989400 0.0846015 0.1016851 0.2306399 0.2295330 0.2372927 0.1309759 0.1595347 0.1085013 0.1538624 0.0000000 0.1086693 0.1069672 0.1164705 0.1149318 0.1172458 0.1183733 0.4743726 0.4399980 0.5386031 
Prot_spe   0.1658858 0.0787363 0.0908512 0.1087478 0.0751281 0.1006544 0.0987065 0.0829218 0.0998951 0.1626328 0.0969669 0.2429798 0.0912531 0.0901625 0.1676695 0.2153040 0.1073324 0.0761340 0.1095586 0.2324579 0.2341930 0.2419324 0.1292396 0.1558633 0.0985107 0.1552790 0.1086693 0.0000000 0.0995446 0.1096551 0.1069971 0.1111053 0.1124351 0.4546736 0.4310488 0.5362610 
Qwaq_sco   0.1696095 0.0994999 0.1161300 0.1284948 0.0969638 0.0981002 0.0966179 0.1025013 0.1100848 0.1617937 0.1186094 0.2430575 0.1020664 0.0969439 0.1656715 0.2124814 0.1060014 0.0844914 0.1062650 0.2286670 0.2290099 0.2375400 0.1310264 0.1566916 0.1043317 0.1521584 0.1069672 0.0995446 0.0000000 0.1103583 0.1091331 0.1119012 0.1136090 0.4642964 0.4400449 0.5387608 
Syne_gif   0.1757332 0.1087207 0.1249318 0.1361059 0.1060558 0.1063686 0.1060155 0.1101950 0.1125493 0.1656233 0.1282538 0.2427815 0.1080517 0.1069498 0.1726482 0.2126118 0.1140068 0.0974592 0.1141563 0.2310973 0.2309989 0.2392781 0.1392387 0.1653585 0.1121664 0.1584572 0.1164705 0.1096551 0.1103583 0.0000000 0.0304307 0.0308515 0.0306603 0.4623945 0.4398089 0.5384083 
Syne_ito   0.1731000 0.1076971 0.1232615 0.1351798 0.1039810 0.1053274 0.1045554 0.1084968 0.1093486 0.1636759 0.1260418 0.2462255 0.1064610 0.1054575 0.1709855 0.2067161 0.1125722 0.0970565 0.1127573 0.2287807 0.2294768 0.2365898 0.1387175 0.1622029 0.1105835 0.1557256 0.1149318 0.1069971 0.1091331 0.0304307 0.0000000 0.0360970 0.0343469 0.4563858 0.4372362 0.5355154 
Syne_jap   0.1742538 0.1095023 0.1265926 0.1366321 0.1063852 0.1074904 0.1069219 0.1117371 0.1139135 0.1643026 0.1283146 0.2457834 0.1087373 0.1081879 0.1721468 0.2136594 0.1145407 0.0990256 0.1142680 0.2286569 0.2288672 0.2368416 0.1412000 0.1653173 0.1134983 0.1577159 0.1172458 0.1111053 0.1119012 0.0308515 0.0360970 0.0000000 0.0131802 0.4572973 0.4382378 0.5310852 
Syne_umb   0.1770347 0.1100611 0.1286840 0.1390695 0.1079929 0.1091705 0.1087220 0.1134285 0.1174364 0.1671972 0.1303886 0.2469175 0.1109495 0.1089781 0.1753036 0.2108483 0.1151750 0.1010446 0.1165996 0.2303564 0.2321173 0.2388902 0.1428127 0.1675064 0.1138423 0.1605331 0.1183733 0.1124351 0.1136090 0.0306603 0.0343469 0.0131802 0.0000000 0.4630286 0.4431333 0.5361334 
Nasoniav   0.4647717 0.4568773 0.4880184 0.4991486 0.4498694 0.4467600 0.4510039 0.4593578 0.4894684 0.4744855 0.4786519 0.4821571 0.4659404 0.4510482 0.4568593 0.4866796 0.4699005 0.4314833 0.4567303 0.5048139 0.5117564 0.5090702 0.4418485 0.4718880 0.4646378 0.4610589 0.4743726 0.4546736 0.4642964 0.4623945 0.4563858 0.4572973 0.4630286 0.0000000 0.4894600 0.5736042 
Orussusa   0.4416938 0.4295102 0.4585860 0.4693805 0.4268915 0.4242459 0.4278171 0.4324079 0.4817603 0.4462626 0.4556143 0.4355845 0.4386778 0.4244856 0.4308955 0.4638625 0.4472201 0.3978302 0.4346362 0.4761181 0.4866676 0.4840010 0.4092171 0.4439914 0.4420725 0.4335043 0.4399980 0.4310488 0.4400449 0.4398089 0.4372362 0.4382378 0.4431333 0.4894600 0.0000000 0.5168401 
Micropld   0.5373475 0.5273450 0.5619402 0.5723401 0.5209661 0.5179919 0.5236832 0.5302280 0.5636899 0.5458822 0.5609309 0.5389618 0.5365105 0.5180769 0.5282398 0.5635260 0.5480272 0.4956936 0.5310967 0.5652244 0.5705073 0.5657127 0.5090043 0.5566455 0.5370362 0.5333138 0.5386031 0.5362610 0.5387608 0.5384083 0.5355154 0.5310852 0.5361334 0.5736042 0.5168401 0.0000000 
