37
Allox_ar   0.0000000 0.2122255 0.2459503 0.2363552 0.2409468 0.2110402 0.2013454 0.2090850 0.2315629 0.1825692 0.2337856 0.3368758 0.2049470 0.2094566 0.2411236 0.3611012 0.2179477 0.2200066 0.2243545 0.2197041 0.2478190 0.2622806 0.2547786 0.1745433 0.2083585 0.2172411 0.1494409 0.2301204 0.2236474 0.2229454 0.2135497 0.2160797 0.2287401 0.2187904 0.5367513 0.4945119 0.5390689 
Andr_cur   0.2122255 0.0000000 0.0793820 0.0817058 0.0740435 0.1400024 0.1299492 0.0723629 0.0719538 0.2140620 0.1079937 0.3319857 0.1143465 0.1230838 0.2408406 0.3481017 0.2294606 0.1503765 0.1380161 0.1440110 0.2750183 0.2936191 0.2843480 0.1870705 0.1946091 0.1335483 0.2078851 0.1457270 0.1213728 0.1483767 0.1412891 0.1442444 0.1548718 0.1492661 0.5490134 0.4969509 0.5500471 
Andr_gro   0.2459503 0.0793820 0.0000000 0.1134305 0.0922093 0.1603975 0.1582705 0.0857312 0.0831582 0.2404499 0.1492511 0.3488693 0.1433741 0.1503821 0.2641268 0.3829314 0.2886970 0.1781085 0.1657770 0.1712451 0.3118276 0.3314848 0.3236318 0.2191158 0.2296361 0.1612469 0.2326966 0.1735765 0.1490996 0.1744065 0.1716166 0.1753241 0.1873415 0.1786255 0.5914791 0.5440038 0.5822213 
Andr_qln   0.2363552 0.0817058 0.1134305 0.0000000 0.1193953 0.1604720 0.1544850 0.0735504 0.1001709 0.2287133 0.1293793 0.3451464 0.1322021 0.1413796 0.2559177 0.3791864 0.2674251 0.1720071 0.1533857 0.1592519 0.3042659 0.3170823 0.3106591 0.2066546 0.2131794 0.1581312 0.2213026 0.1780427 0.1383591 0.1578924 0.1587509 0.1587958 0.1688866 0.1640434 0.5900160 0.5378914 0.5922821 
Andr_qrm   0.2409468 0.0740435 0.0922093 0.1193953 0.0000000 0.1656805 0.1609077 0.0884654 0.0651132 0.2472616 0.1412691 0.3382761 0.1460757 0.1553873 0.2756826 0.3626114 0.2979303 0.1813082 0.1457924 0.1779990 0.3076970 0.2985435 0.3190787 0.2227068 0.2113158 0.1623539 0.2262444 0.1427419 0.1453623 0.1836717 0.1755970 0.1795994 0.1920681 0.1849946 0.6043166 0.5342434 0.5721827 
Aula_tav   0.2110402 0.1400024 0.1603975 0.1604720 0.1656805 0.0000000 0.0574410 0.1256547 0.1451336 0.1839795 0.1618986 0.3221465 0.1279775 0.1351248 0.2014447 0.3473633 0.2421378 0.0713930 0.1373041 0.0587425 0.2559189 0.2896170 0.2657199 0.1638241 0.1920833 0.1350837 0.1869151 0.1296283 0.1300489 0.1273560 0.1237361 0.1221453 0.1526745 0.1253993 0.5289644 0.4749736 0.5270974 
Aylax_hy   0.2013454 0.1299492 0.1582705 0.1544850 0.1609077 0.0574410 0.0000000 0.1229337 0.1496217 0.1841396 0.1539664 0.3130500 0.1187134 0.1251111 0.2112587 0.3315056 0.2238978 0.0680249 0.1398325 0.0629036 0.2503011 0.2795927 0.2608321 0.1603198 0.1828686 0.1294698 0.1932529 0.1350725 0.1264836 0.1210699 0.1229774 0.1204522 0.1435872 0.1242124 0.5205702 0.4680739 0.5218565 
Beloc_tr   0.2090850 0.0723629 0.0857312 0.0735504 0.0884654 0.1256547 0.1229337 0.0000000 0.0827525 0.1904723 0.1285412 0.3117414 0.1222571 0.1327964 0.2173461 0.3388583 0.2279203 0.1349489 0.1541649 0.1314268 0.2559310 0.2890159 0.2617589 0.1722076 0.1999715 0.1459129 0.2078562 0.1627036 0.1270998 0.1322855 0.1360278 0.1309115 0.1603566 0.1341688 0.5176948 0.4671020 0.5045751 
Bior_pal   0.2315629 0.0719538 0.0831582 0.1001709 0.0651132 0.1451336 0.1496217 0.0827525 0.0000000 0.2273596 0.1340044 0.3000456 0.1311053 0.1434614 0.2434554 0.3114843 0.2171053 0.1782253 0.1320664 0.1620006 0.2875078 0.2755798 0.2974168 0.2070617 0.1910108 0.1536143 0.2146541 0.1196980 0.1075046 0.1754458 0.1615953 0.1687759 0.1853626 0.1732031 0.5580653 0.4756910 0.5248746 
Callas_no  0.1825692 0.2140620 0.2404499 0.2287133 0.2472616 0.1839795 0.1841396 0.1904723 0.2273596 0.0000000 0.2312251 0.3207881 0.1941068 0.2012514 0.2087668 0.3641336 0.2022446 0.1990142 0.2256390 0.1888947 0.2265330 0.2567446 0.2367811 0.1400006 0.1950716 0.2126142 0.1681123 0.2300640 0.2093427 0.1890482 0.1901582 0.1848426 0.2130767 0.1870800 0.5308945 0.4794890 0.5299176 
Calli_sp   0.2337856 0.1079937 0.1492511 0.1293793 0.1412691 0.1618986 0.1539664 0.1285412 0.1340044 0.2312251 0.0000000 0.3428818 0.1287483 0.1368005 0.2526498 0.3807131 0.2642586 0.1747336 0.1629105 0.1619141 0.3012466 0.3110580 0.3084378 0.2020838 0.2064777 0.1604366 0.2234946 0.1712059 0.1396049 0.1613694 0.1562834 0.1595493 0.1576525 0.1646865 0.5962447 0.5302707 0.5754745 
Cecin_ib   0.3368758 0.3319857 0.3488693 0.3451464 0.3382761 0.3221465 0.3130500 0.3117414 0.3000456 0.3207881 0.3428818 0.0000000 0.3062962 0.3058919 0.3344620 0.4295949 0.3555365 0.3318679 0.3056789 0.3052316 0.3866836 0.3738605 0.3837694 0.3066700 0.2800444 0.3362379 0.3199791 0.3267407 0.3163479 0.3221833 0.3079319 0.3141348 0.3261215 0.3173038 0.5912300 0.5168172 0.5579717 
Cerop_ma   0.2049470 0.1143465 0.1433741 0.1322021 0.1460757 0.1279775 0.1187134 0.1222571 0.1311053 0.1941068 0.1287483 0.3062962 0.0000000 0.1045697 0.2158785 0.3368527 0.2395517 0.1381641 0.1273031 0.1266921 0.2690331 0.2768750 0.2794381 0.1721449 0.1745717 0.1204092 0.1853703 0.1443323 0.1111341 0.1293813 0.1211504 0.1237961 0.1342924 0.1291064 0.5460791 0.4881699 0.5444938 
Diast_ki   0.2094566 0.1230838 0.1503821 0.1413796 0.1553873 0.1351248 0.1251111 0.1327964 0.1434614 0.2012514 0.1368005 0.3058919 0.1045697 0.0000000 0.2235410 0.3426790 0.2429357 0.1456943 0.1341656 0.1314292 0.2738083 0.2827199 0.2840211 0.1760186 0.1825235 0.0804330 0.1893538 0.1513208 0.1155238 0.1323603 0.1292507 0.1333730 0.1435008 0.1355955 0.5520059 0.4958897 0.5518487 
Dipl_spi   0.2411236 0.2408406 0.2641268 0.2559177 0.2756826 0.2014447 0.2112587 0.2173461 0.2434554 0.2087668 0.2526498 0.3344620 0.2158785 0.2235410 0.0000000 0.3752936 0.2680657 0.2228549 0.2469714 0.2062579 0.2823410 0.3016207 0.2865578 0.1828156 0.1790888 0.2391326 0.2152394 0.2539896 0.2243772 0.2161518 0.2160013 0.2118516 0.2448689 0.2181965 0.5279294 0.4808675 0.5349023 
Escha_ac   0.3611012 0.3481017 0.3829314 0.3791864 0.3626114 0.3473633 0.3315056 0.3388583 0.3114843 0.3641336 0.3807131 0.4295949 0.3368527 0.3426790 0.3752936 0.0000000 0.3303618 0.3541794 0.3428375 0.3456836 0.4032168 0.3990871 0.4056906 0.3442008 0.3206778 0.3635095 0.3560122 0.3183849 0.3230487 0.3483933 0.3422911 0.3490497 0.3570583 0.3499823 0.6291234 0.5758569 0.6061172 
Gana_sp1   0.2179477 0.2294606 0.2886970 0.2674251 0.2979303 0.2421378 0.2238978 0.2279203 0.2171053 0.2022446 0.2642586 0.3555365 0.2395517 0.2429357 0.2680657 0.3303618 0.0000000 0.2497565 0.2722535 0.2352890 0.1778089 0.1954066 0.1809995 0.2062183 0.2319922 0.2709461 0.2255011 0.2665884 0.2563189 0.2449144 0.2395334 0.2391962 0.2621714 0.2389383 0.5104127 0.4489937 0.5066011 
Hedic_le   0.2200066 0.1503765 0.1781085 0.1720071 0.1813082 0.0713930 0.0680249 0.1349489 0.1782253 0.1990142 0.1747336 0.3318679 0.1381641 0.1456943 0.2228549 0.3541794 0.2497565 0.0000000 0.1542445 0.0779675 0.2654647 0.2985410 0.2742890 0.1743702 0.2041743 0.1544009 0.2127869 0.1560084 0.1564236 0.1361718 0.1370775 0.1338884 0.1648750 0.1385683 0.5337673 0.4833681 0.5392879 
Irae_his   0.2243545 0.1380161 0.1657770 0.1533857 0.1457924 0.1373041 0.1398325 0.1541649 0.1320664 0.2256390 0.1629105 0.3056789 0.1273031 0.1341656 0.2469714 0.3428375 0.2722535 0.1542445 0.0000000 0.1540867 0.2941995 0.2866853 0.3024915 0.2049762 0.1907444 0.1286651 0.1952046 0.1219106 0.1117178 0.1550069 0.1543102 0.1587373 0.1695776 0.1631939 0.5840944 0.5299072 0.5953821 
Isoc_cen   0.2197041 0.1440110 0.1712451 0.1592519 0.1779990 0.0587425 0.0629036 0.1314268 0.1620006 0.1888947 0.1619141 0.3052316 0.1266921 0.1314292 0.2062579 0.3456836 0.2352890 0.0779675 0.1540867 0.0000000 0.2578595 0.2835653 0.2680405 0.1601982 0.1914558 0.1445494 0.2016270 0.1556606 0.1432766 0.1238413 0.1241746 0.1208348 0.1511303 0.1257335 0.5197692 0.4730160 0.5260968 
Lepto_bo   0.2478190 0.2750183 0.3118276 0.3042659 0.3076970 0.2559189 0.2503011 0.2559310 0.2875078 0.2265330 0.3012466 0.3866836 0.2690331 0.2738083 0.2823410 0.4032168 0.1778089 0.2654647 0.2941995 0.2578595 0.0000000 0.1209175 0.1116437 0.2220290 0.2697629 0.2873989 0.2464546 0.3035987 0.2877874 0.2671391 0.2613765 0.2554511 0.2874299 0.2601915 0.5501806 0.5019050 0.5487468 
Lepto_cl   0.2622806 0.2936191 0.3314848 0.3170823 0.2985435 0.2896170 0.2795927 0.2890159 0.2755798 0.2567446 0.3110580 0.3738605 0.2768750 0.2827199 0.3016207 0.3990871 0.1954066 0.2985410 0.2866853 0.2835653 0.1209175 0.0000000 0.1153980 0.2513624 0.2606150 0.2959939 0.2536009 0.2936283 0.2946555 0.2942180 0.2856224 0.2815757 0.2986323 0.2878372 0.5873329 0.5314862 0.5881982 
Lepto_he   0.2547786 0.2843480 0.3236318 0.3106591 0.3190787 0.2657199 0.2608321 0.2617589 0.2974168 0.2367811 0.3084378 0.3837694 0.2794381 0.2840211 0.2865578 0.4056906 0.1809995 0.2742890 0.3024915 0.2680405 0.1116437 0.1153980 0.0000000 0.2373566 0.2758971 0.2946225 0.2520131 0.3065455 0.2894274 0.2748932 0.2699972 0.2636078 0.2942312 0.2681427 0.5294478 0.4905609 0.5343520 
Parn_nig   0.1745433 0.1870705 0.2191158 0.2066546 0.2227068 0.1638241 0.1603198 0.1722076 0.2070617 0.1400006 0.2020838 0.3066700 0.1721449 0.1760186 0.1828156 0.3442008 0.2062183 0.1743702 0.2049762 0.1601982 0.2220290 0.2513624 0.2373566 0.0000000 0.1658751 0.1904469 0.1549494 0.2076469 0.1843812 0.1696984 0.1693216 0.1654224 0.1951404 0.1678070 0.5129730 0.4638895 0.5205693 
Pedia_ac   0.2083585 0.1946091 0.2296361 0.2131794 0.2113158 0.1920833 0.1828686 0.1999715 0.1910108 0.1950716 0.2064777 0.2800444 0.1745717 0.1825235 0.1790888 0.3206778 0.2319922 0.2041743 0.1907444 0.1914558 0.2697629 0.2606150 0.2758971 0.1658751 0.0000000 0.1996765 0.1905885 0.1906069 0.1827674 0.1959200 0.1898051 0.1933463 0.2044603 0.1961281 0.5250782 0.4691894 0.5224023 
Peric_JH   0.2172411 0.1335483 0.1612469 0.1581312 0.1623539 0.1350837 0.1294698 0.1459129 0.1536143 0.2126142 0.1604366 0.3362379 0.1204092 0.0804330 0.2391326 0.3635095 0.2709461 0.1544009 0.1286651 0.1445494 0.2873989 0.2959939 0.2946225 0.1904469 0.1996765 0.0000000 0.2036109 0.1537238 0.1322251 0.1515938 0.1418648 0.1462735 0.1550626 0.1478667 0.5727921 0.5119979 0.5838140 
Phaen_vi   0.1494409 0.2078851 0.2326966 0.2213026 0.2262444 0.1869151 0.1932529 0.2078562 0.2146541 0.1681123 0.2234946 0.3199791 0.1853703 0.1893538 0.2152394 0.3560122 0.2255011 0.2127869 0.1952046 0.2016270 0.2464546 0.2536009 0.2520131 0.1549494 0.1905885 0.2036109 0.0000000 0.2077133 0.1890407 0.2070782 0.1982704 0.1991661 0.2124809 0.2049163 0.5505348 0.4909218 0.5453528 
Phana_JH   0.2301204 0.1457270 0.1735765 0.1780427 0.1427419 0.1296283 0.1350725 0.1627036 0.1196980 0.2300640 0.1712059 0.3267407 0.1443323 0.1513208 0.2539896 0.3183849 0.2665884 0.1560084 0.1219106 0.1556606 0.3035987 0.2936283 0.3065455 0.2076469 0.1906069 0.1537238 0.2077133 0.0000000 0.1353345 0.1616479 0.1589283 0.1646609 0.1777901 0.1711949 0.5458575 0.5089994 0.5734307 
Prot_spe   0.2236474 0.1213728 0.1490996 0.1383591 0.1453623 0.1300489 0.1264836 0.1270998 0.1075046 0.2093427 0.1396049 0.3163479 0.1111341 0.1155238 0.2243772 0.3230487 0.2563189 0.1564236 0.1117178 0.1432766 0.2877874 0.2946555 0.2894274 0.1843812 0.1827674 0.1322251 0.1890407 0.1353345 0.0000000 0.1417940 0.1392787 0.1436138 0.1528131 0.1467157 0.5374624 0.5041786 0.5615040 
Qwaq_sco   0.2229454 0.1483767 0.1744065 0.1578924 0.1836717 0.1273560 0.1210699 0.1322855 0.1754458 0.1890482 0.1613694 0.3221833 0.1293813 0.1323603 0.2161518 0.3483933 0.2449144 0.1361718 0.1550069 0.1238413 0.2671391 0.2942180 0.2748932 0.1696984 0.1959200 0.1515938 0.2070782 0.1616479 0.1417940 0.0000000 0.1277182 0.1231790 0.1388669 0.1275044 0.5465956 0.4870547 0.5393529 
Syne_gif   0.2135497 0.1412891 0.1716166 0.1587509 0.1755970 0.1237361 0.1229774 0.1360278 0.1615953 0.1901582 0.1562834 0.3079319 0.1211504 0.1292507 0.2160013 0.3422911 0.2395334 0.1370775 0.1543102 0.1241746 0.2613765 0.2856224 0.2699972 0.1693216 0.1898051 0.1418648 0.1982704 0.1589283 0.1392787 0.1277182 0.0000000 0.0316006 0.0485372 0.0337585 0.5305253 0.4761100 0.5300394 
Syne_ito   0.2160797 0.1442444 0.1753241 0.1587958 0.1795994 0.1221453 0.1204522 0.1309115 0.1687759 0.1848426 0.1595493 0.3141348 0.1237961 0.1333730 0.2118516 0.3490497 0.2391962 0.1338884 0.1587373 0.1208348 0.2554511 0.2815757 0.2636078 0.1654224 0.1933463 0.1462735 0.1991661 0.1646609 0.1436138 0.1231790 0.0316006 0.0000000 0.0555570 0.0354334 0.5280864 0.4752788 0.5260322 
Syne_jap   0.2287401 0.1548718 0.1873415 0.1688866 0.1920681 0.1526745 0.1435872 0.1603566 0.1853626 0.2130767 0.1576525 0.3261215 0.1342924 0.1435008 0.2448689 0.3570583 0.2621714 0.1648750 0.1695776 0.1511303 0.2874299 0.2986323 0.2942312 0.1951404 0.2044603 0.1550626 0.2124809 0.1777901 0.1528131 0.1388669 0.0485372 0.0555570 0.0000000 0.0323562 0.5607965 0.4975609 0.5533818 
Syne_umb   0.2187904 0.1492661 0.1786255 0.1640434 0.1849946 0.1253993 0.1242124 0.1341688 0.1732031 0.1870800 0.1646865 0.3173038 0.1291064 0.1355955 0.2181965 0.3499823 0.2389383 0.1385683 0.1631939 0.1257335 0.2601915 0.2878372 0.2681427 0.1678070 0.1961281 0.1478667 0.2049163 0.1711949 0.1467157 0.1275044 0.0337585 0.0354334 0.0323562 0.0000000 0.5339144 0.4756438 0.5256682 
Nasoniav   0.5367513 0.5490134 0.5914791 0.5900160 0.6043166 0.5289644 0.5205702 0.5176948 0.5580653 0.5308945 0.5962447 0.5912300 0.5460791 0.5520059 0.5279294 0.6291234 0.5104127 0.5337673 0.5840944 0.5197692 0.5501806 0.5873329 0.5294478 0.5129730 0.5250782 0.5727921 0.5505348 0.5458575 0.5374624 0.5465956 0.5305253 0.5280864 0.5607965 0.5339144 0.0000000 0.5501016 0.5841263 
Orussusa   0.4945119 0.4969509 0.5440038 0.5378914 0.5342434 0.4749736 0.4680739 0.4671020 0.4756910 0.4794890 0.5302707 0.5168172 0.4881699 0.4958897 0.4808675 0.5758569 0.4489937 0.4833681 0.5299072 0.4730160 0.5019050 0.5314862 0.4905609 0.4638895 0.4691894 0.5119979 0.4909218 0.5089994 0.5041786 0.4870547 0.4761100 0.4752788 0.4975609 0.4756438 0.5501016 0.0000000 0.5196797 
Micropld   0.5390689 0.5500471 0.5822213 0.5922821 0.5721827 0.5270974 0.5218565 0.5045751 0.5248746 0.5299176 0.5754745 0.5579717 0.5444938 0.5518487 0.5349023 0.6061172 0.5066011 0.5392879 0.5953821 0.5260968 0.5487468 0.5881982 0.5343520 0.5205693 0.5224023 0.5838140 0.5453528 0.5734307 0.5615040 0.5393529 0.5300394 0.5260322 0.5533818 0.5256682 0.5841263 0.5196797 0.0000000 
