37
Allox_ar   0.0000000 0.1816778 0.1802991 0.1934073 0.1850253 0.1823440 0.1794665 0.1876753 0.1848084 0.1591730 0.1930067 0.2722543 0.1945626 0.1911600 0.2024966 0.3049895 0.2255071 0.1852800 0.1718577 0.1960083 0.2205094 0.2175288 0.2231079 0.1406699 0.1823354 0.1887208 0.1239682 0.1904184 0.1765674 0.1889745 0.1964036 0.1923307 0.1982175 0.1973974 0.3984997 0.3765617 0.4466469 
Andr_cur   0.1816778 0.0000000 0.0263460 0.0408714 0.0179828 0.1009703 0.0966048 0.0370370 0.0372851 0.1770127 0.0699267 0.2582128 0.0968358 0.0951124 0.1827403 0.2844957 0.2296643 0.1055981 0.0798615 0.1103261 0.2314836 0.2337323 0.2366012 0.1441267 0.1621798 0.0979098 0.1674076 0.1074545 0.0688860 0.1013751 0.1164816 0.1110616 0.1182124 0.1163923 0.3831330 0.3606807 0.4336138 
Andr_gro   0.1802991 0.0263460 0.0000000 0.0424650 0.0289792 0.1031514 0.0986659 0.0393515 0.0411366 0.1789946 0.0716728 0.2550819 0.1026622 0.0988436 0.1833255 0.2838569 0.2314624 0.1080140 0.0813205 0.1137787 0.2288647 0.2296909 0.2342198 0.1453644 0.1632853 0.0986596 0.1661813 0.1100362 0.0730127 0.1054431 0.1161020 0.1148217 0.1186363 0.1169930 0.3816669 0.3574024 0.4212365 
Andr_qln   0.1934073 0.0408714 0.0424650 0.0000000 0.0433035 0.1131508 0.1087080 0.0347780 0.0380194 0.1885973 0.0823147 0.2630567 0.1111310 0.1098400 0.1950472 0.2905945 0.2396743 0.1171309 0.0929828 0.1208465 0.2392940 0.2422433 0.2469312 0.1562141 0.1726042 0.1094282 0.1817617 0.1197143 0.0849864 0.1163977 0.1278365 0.1268358 0.1307502 0.1288658 0.3884594 0.3730444 0.4411945 
Andr_qrm   0.1850253 0.0179828 0.0289792 0.0433035 0.0000000 0.1031169 0.0990251 0.0396181 0.0421771 0.1821332 0.0735861 0.2588339 0.0999109 0.0989665 0.1873263 0.2855190 0.2351354 0.1077862 0.0837256 0.1137397 0.2333995 0.2370960 0.2373306 0.1484915 0.1678489 0.1023711 0.1682795 0.1103300 0.0750324 0.1059315 0.1180858 0.1147709 0.1207822 0.1191220 0.3805529 0.3600054 0.4262210 
Aula_tav   0.1823440 0.1009703 0.1031514 0.1131508 0.1031169 0.0000000 0.0391993 0.1100421 0.1049058 0.1763601 0.1123948 0.2541638 0.1100265 0.1087546 0.1795697 0.2827704 0.2247627 0.0489093 0.0907245 0.0379127 0.2315249 0.2348924 0.2374090 0.1432027 0.1600047 0.1055007 0.1690118 0.1026422 0.0999392 0.1079966 0.1190799 0.1178421 0.1225587 0.1211522 0.3807272 0.3666142 0.4355836 
Aylax_hy   0.1794665 0.0966048 0.0986659 0.1087080 0.0990251 0.0391993 0.0000000 0.1056561 0.1015600 0.1739215 0.1073613 0.2513556 0.1067881 0.1054961 0.1770783 0.2816612 0.2254828 0.0449843 0.0862914 0.0451983 0.2272780 0.2313395 0.2348008 0.1396014 0.1575137 0.1018736 0.1651813 0.0972790 0.0935419 0.1032451 0.1144146 0.1134633 0.1176930 0.1167226 0.3793690 0.3635908 0.4333898 
Beloc_tr   0.1876753 0.0370370 0.0393515 0.0347780 0.0396181 0.1100421 0.1056561 0.0000000 0.0364299 0.1847970 0.0802217 0.2629370 0.1084582 0.1056238 0.1897061 0.2880895 0.2410176 0.1139392 0.0882189 0.1203137 0.2378528 0.2407006 0.2431856 0.1531392 0.1687628 0.1062057 0.1756203 0.1149135 0.0812084 0.1132837 0.1244466 0.1224651 0.1275760 0.1251911 0.3857205 0.3683750 0.4343692 
Bior_pal   0.1848084 0.0372851 0.0411366 0.0380194 0.0421771 0.1049058 0.1015600 0.0364299 0.0000000 0.1839969 0.0792142 0.2710891 0.1064010 0.1023204 0.1801215 0.2733323 0.2186750 0.1067770 0.0850285 0.1122790 0.2274346 0.2288667 0.2342753 0.1456445 0.1587512 0.1021849 0.1681474 0.1089623 0.0892011 0.1148020 0.1243503 0.1202098 0.1232438 0.1208940 0.4129025 0.3887574 0.4598552 
Callas_no  0.1591730 0.1770127 0.1789946 0.1885973 0.1821332 0.1763601 0.1739215 0.1847970 0.1839969 0.0000000 0.1869751 0.2666159 0.1861037 0.1862191 0.1940494 0.3132519 0.2178084 0.1794816 0.1655502 0.1888424 0.2149106 0.2175272 0.2247969 0.1333438 0.1762539 0.1853891 0.1522300 0.1829823 0.1752630 0.1786260 0.1944179 0.1897867 0.1957298 0.1943218 0.4063472 0.3745241 0.4469562 
Calli_sp   0.1930067 0.0699267 0.0716728 0.0823147 0.0735861 0.1123948 0.1073613 0.0802217 0.0792142 0.1869751 0.0000000 0.2653139 0.1117937 0.1074520 0.1900034 0.2928938 0.2418153 0.1162767 0.0911003 0.1202038 0.2397838 0.2444208 0.2482361 0.1562217 0.1737991 0.1081599 0.1736004 0.1179884 0.0822687 0.1163943 0.1288389 0.1264945 0.1307841 0.1283652 0.3894372 0.3687741 0.4336435 
Cecin_ib   0.2722543 0.2582128 0.2550819 0.2630567 0.2588339 0.2541638 0.2513556 0.2629370 0.2710891 0.2666159 0.2653139 0.0000000 0.2563781 0.2612829 0.2545641 0.3686145 0.3160010 0.2552765 0.2390157 0.2786214 0.3049132 0.3115088 0.3150990 0.2402209 0.2434974 0.2558763 0.2668249 0.2506975 0.2598039 0.2614240 0.2666845 0.2610961 0.2686533 0.2659741 0.3930359 0.3676283 0.4352447 
Cerop_ma   0.1945626 0.0968358 0.1026622 0.1111310 0.0999109 0.1100265 0.1067881 0.1084582 0.1064010 0.1861037 0.1117937 0.2563781 0.0000000 0.1018729 0.1924247 0.2971664 0.2422467 0.1157306 0.0859904 0.1217404 0.2460003 0.2488765 0.2515767 0.1557396 0.1755985 0.1063759 0.1819041 0.1168152 0.0868442 0.1157808 0.1258465 0.1204989 0.1283660 0.1274131 0.4011529 0.3770552 0.4453331 
Diast_ki   0.1911600 0.0951124 0.0988436 0.1098400 0.0989665 0.1087546 0.1054961 0.1056238 0.1023204 0.1862191 0.1074520 0.2612829 0.1018729 0.0000000 0.1889383 0.2956160 0.2393163 0.1116684 0.0850112 0.1171922 0.2418153 0.2440317 0.2481264 0.1519742 0.1673537 0.0575218 0.1782495 0.1125578 0.0899676 0.1112648 0.1231789 0.1189375 0.1254619 0.1239837 0.3921295 0.3683489 0.4431533 
Dipl_spi   0.2024966 0.1827403 0.1833255 0.1950472 0.1873263 0.1795697 0.1770783 0.1897061 0.1801215 0.1940494 0.1900034 0.2545641 0.1924247 0.1889383 0.0000000 0.3025445 0.2423889 0.1814798 0.1658854 0.1914650 0.2438565 0.2479209 0.2522427 0.1624945 0.1398428 0.1871558 0.1911472 0.1825731 0.1788095 0.1867397 0.1996643 0.1957122 0.2002628 0.1991621 0.3850731 0.3691722 0.4343074 
Escha_ac   0.3049895 0.2844957 0.2838569 0.2905945 0.2855190 0.2827704 0.2816612 0.2880895 0.2733323 0.3132519 0.2928938 0.3686145 0.2971664 0.2956160 0.3025445 0.0000000 0.3409961 0.2795559 0.2677190 0.2938339 0.3411763 0.3493644 0.3497281 0.2766829 0.2935928 0.2917305 0.3007644 0.2888417 0.2932377 0.2868075 0.2966378 0.2946506 0.3005139 0.2978418 0.4751794 0.4626221 0.5052283 
Gana_sp1   0.2255071 0.2296643 0.2314624 0.2396743 0.2351354 0.2247627 0.2254828 0.2410176 0.2186750 0.2178084 0.2418153 0.3160010 0.2422467 0.2393163 0.2423889 0.3409961 0.0000000 0.2294820 0.2072958 0.2345776 0.1712185 0.1756598 0.1818509 0.2003139 0.2276005 0.2342171 0.2138583 0.2411566 0.2327550 0.2384493 0.2456705 0.2395149 0.2448136 0.2457451 0.4465577 0.4121547 0.5122353 
Hedic_le   0.1852800 0.1055981 0.1080140 0.1171309 0.1077862 0.0489093 0.0449843 0.1139392 0.1067770 0.1794816 0.1162767 0.2552765 0.1157306 0.1116684 0.1814798 0.2795559 0.2294820 0.0000000 0.0931815 0.0549735 0.2309017 0.2337755 0.2364613 0.1463934 0.1616126 0.1091011 0.1720674 0.1038619 0.1022979 0.1107735 0.1216625 0.1206497 0.1253431 0.1242520 0.3774927 0.3618622 0.4274800 
Irae_his   0.1718577 0.0798615 0.0813205 0.0929828 0.0837256 0.0907245 0.0862914 0.0882189 0.0850285 0.1655502 0.0911003 0.2390157 0.0859904 0.0850112 0.1658854 0.2677190 0.2072958 0.0931815 0.0000000 0.0993684 0.2168910 0.2138582 0.2174902 0.1334430 0.1525974 0.0878206 0.1597320 0.0928244 0.0687507 0.0915119 0.1029996 0.1025988 0.1098341 0.1077949 0.3457943 0.3088400 0.3869272 
Isoc_cen   0.1960083 0.1103261 0.1137787 0.1208465 0.1137397 0.0379127 0.0451983 0.1203137 0.1122790 0.1888424 0.1202038 0.2786214 0.1217404 0.1171922 0.1914650 0.2938339 0.2345776 0.0549735 0.0993684 0.0000000 0.2462064 0.2489208 0.2520766 0.1536181 0.1735116 0.1151025 0.1825533 0.1111099 0.1117268 0.1174161 0.1300687 0.1283942 0.1331141 0.1319337 0.4008523 0.3866874 0.4617037 
Lepto_bo   0.2205094 0.2314836 0.2288647 0.2392940 0.2333995 0.2315249 0.2272780 0.2378528 0.2274346 0.2149106 0.2397838 0.3049132 0.2460003 0.2418153 0.2438565 0.3411763 0.1712185 0.2309017 0.2168910 0.2462064 0.0000000 0.0867294 0.0937220 0.1994679 0.2306900 0.2387620 0.2132923 0.2308437 0.2345772 0.2354342 0.2453076 0.2406218 0.2446474 0.2438816 0.4168399 0.4035368 0.4684898 
Lepto_cl   0.2175288 0.2337323 0.2296909 0.2422433 0.2370960 0.2348924 0.2313395 0.2407006 0.2288667 0.2175272 0.2444208 0.3115088 0.2488765 0.2440317 0.2479209 0.3493644 0.1756598 0.2337755 0.2138582 0.2489208 0.0867294 0.0000000 0.0730679 0.2015366 0.2361989 0.2430014 0.2149975 0.2381188 0.2360452 0.2358843 0.2494623 0.2432153 0.2512724 0.2496568 0.4318820 0.4124433 0.4749674 
Lepto_he   0.2231079 0.2366012 0.2342198 0.2469312 0.2373306 0.2374090 0.2348008 0.2431856 0.2342753 0.2247969 0.2482361 0.3150990 0.2515767 0.2481264 0.2522427 0.3497281 0.1818509 0.2364613 0.2174902 0.2520766 0.0937220 0.0730679 0.0000000 0.2078728 0.2404256 0.2452816 0.2202799 0.2405930 0.2414074 0.2412121 0.2540297 0.2496042 0.2541540 0.2529138 0.4296786 0.4096591 0.4706447 
Parn_nig   0.1406699 0.1441267 0.1453644 0.1562141 0.1484915 0.1432027 0.1396014 0.1531392 0.1456445 0.1333438 0.1562217 0.2402209 0.1557396 0.1519742 0.1624945 0.2766829 0.2003139 0.1463934 0.1334430 0.1536181 0.1994679 0.2015366 0.2078728 0.0000000 0.1424195 0.1524013 0.1234650 0.1497257 0.1419969 0.1506097 0.1619410 0.1564622 0.1653460 0.1630883 0.3808648 0.3521128 0.4260209 
Pedia_ac   0.1823354 0.1621798 0.1632853 0.1726042 0.1678489 0.1600047 0.1575137 0.1687628 0.1587512 0.1762539 0.1737991 0.2434974 0.1755985 0.1673537 0.1398428 0.2935928 0.2276005 0.1616126 0.1525974 0.1735116 0.2306900 0.2361989 0.2404256 0.1424195 0.0000000 0.1669758 0.1673898 0.1675479 0.1588324 0.1688118 0.1793797 0.1753649 0.1806399 0.1805748 0.3710251 0.3542101 0.4114646 
Peric_JH   0.1887208 0.0979098 0.0986596 0.1094282 0.1023711 0.1055007 0.1018736 0.1062057 0.1021849 0.1853891 0.1081599 0.2558763 0.1063759 0.0575218 0.1871558 0.2917305 0.2342171 0.1091011 0.0878206 0.1151025 0.2387620 0.2430014 0.2452816 0.1524013 0.1669758 0.0000000 0.1762401 0.1117151 0.0922039 0.1147937 0.1205732 0.1205406 0.1211977 0.1207383 0.3870234 0.3693982 0.4412801 
Phaen_vi   0.1239682 0.1674076 0.1661813 0.1817617 0.1682795 0.1690118 0.1651813 0.1756203 0.1681474 0.1522300 0.1736004 0.2668249 0.1819041 0.1782495 0.1911472 0.3007644 0.2138583 0.1720674 0.1597320 0.1825533 0.2132923 0.2149975 0.2202799 0.1234650 0.1673898 0.1762401 0.0000000 0.1762672 0.1671597 0.1809919 0.1876044 0.1844274 0.1897549 0.1879569 0.4023858 0.3777143 0.4479192 
Phana_JH   0.1904184 0.1074545 0.1100362 0.1197143 0.1103300 0.1026422 0.0972790 0.1149135 0.1089623 0.1829823 0.1179884 0.2506975 0.1168152 0.1125578 0.1825731 0.2888417 0.2411566 0.1038619 0.0928244 0.1111099 0.2308437 0.2381188 0.2405930 0.1497257 0.1675479 0.1117151 0.1762672 0.0000000 0.0990058 0.1122846 0.1239894 0.1237115 0.1273960 0.1256724 0.3796912 0.3553145 0.4201843 
Prot_spe   0.1765674 0.0688860 0.0730127 0.0849864 0.0750324 0.0999392 0.0935419 0.0812084 0.0892011 0.1752630 0.0822687 0.2598039 0.0868442 0.0899676 0.1788095 0.2932377 0.2327550 0.1022979 0.0687507 0.1117268 0.2345772 0.2360452 0.2414074 0.1419969 0.1588324 0.0922039 0.1671597 0.0990058 0.0000000 0.0974593 0.1118727 0.1061940 0.1149731 0.1127477 0.3940861 0.3652317 0.4359354 
Qwaq_sco   0.1889745 0.1013751 0.1054431 0.1163977 0.1059315 0.1079966 0.1032451 0.1132837 0.1148020 0.1786260 0.1163943 0.2614240 0.1157808 0.1112648 0.1867397 0.2868075 0.2384493 0.1107735 0.0915119 0.1174161 0.2354342 0.2358843 0.2412121 0.1506097 0.1688118 0.1147937 0.1809919 0.1122846 0.0974593 0.0000000 0.1234373 0.1159752 0.1244875 0.1239698 0.3873825 0.3697375 0.4377994 
Syne_gif   0.1964036 0.1164816 0.1161020 0.1278365 0.1180858 0.1190799 0.1144146 0.1244466 0.1243503 0.1944179 0.1288389 0.2666845 0.1258465 0.1231789 0.1996643 0.2966378 0.2456705 0.1216625 0.1029996 0.1300687 0.2453076 0.2494623 0.2540297 0.1619410 0.1793797 0.1205732 0.1876044 0.1239894 0.1118727 0.1234373 0.0000000 0.0278348 0.0285904 0.0275963 0.3972596 0.3759822 0.4473241 
Syne_ito   0.1923307 0.1110616 0.1148217 0.1268358 0.1147709 0.1178421 0.1134633 0.1224651 0.1202098 0.1897867 0.1264945 0.2610961 0.1204989 0.1189375 0.1957122 0.2946506 0.2395149 0.1206497 0.1025988 0.1283942 0.2406218 0.2432153 0.2496042 0.1564622 0.1753649 0.1205406 0.1844274 0.1237115 0.1061940 0.1159752 0.0278348 0.0000000 0.0321667 0.0315819 0.3904137 0.3734163 0.4405636 
Syne_jap   0.1982175 0.1182124 0.1186363 0.1307502 0.1207822 0.1225587 0.1176930 0.1275760 0.1232438 0.1957298 0.1307841 0.2686533 0.1283660 0.1254619 0.2002628 0.3005139 0.2448136 0.1253431 0.1098341 0.1331141 0.2446474 0.2512724 0.2541540 0.1653460 0.1806399 0.1211977 0.1897549 0.1273960 0.1149731 0.1244875 0.0285904 0.0321667 0.0000000 0.0108757 0.4005461 0.3855025 0.4491761 
Syne_umb   0.1973974 0.1163923 0.1169930 0.1288658 0.1191220 0.1211522 0.1167226 0.1251911 0.1208940 0.1943218 0.1283652 0.2659741 0.1274131 0.1239837 0.1991621 0.2978418 0.2457451 0.1242520 0.1077949 0.1319337 0.2438816 0.2496568 0.2529138 0.1630883 0.1805748 0.1207383 0.1879569 0.1256724 0.1127477 0.1239698 0.0275963 0.0315819 0.0108757 0.0000000 0.3968166 0.3826011 0.4460358 
Nasoniav   0.3984997 0.3831330 0.3816669 0.3884594 0.3805529 0.3807272 0.3793690 0.3857205 0.4129025 0.4063472 0.3894372 0.3930359 0.4011529 0.3921295 0.3850731 0.4751794 0.4465577 0.3774927 0.3457943 0.4008523 0.4168399 0.4318820 0.4296786 0.3808648 0.3710251 0.3870234 0.4023858 0.3796912 0.3940861 0.3873825 0.3972596 0.3904137 0.4005461 0.3968166 0.0000000 0.3889673 0.4379024 
Orussusa   0.3765617 0.3606807 0.3574024 0.3730444 0.3600054 0.3666142 0.3635908 0.3683750 0.3887574 0.3745241 0.3687741 0.3676283 0.3770552 0.3683489 0.3691722 0.4626221 0.4121547 0.3618622 0.3088400 0.3866874 0.4035368 0.4124433 0.4096591 0.3521128 0.3542101 0.3693982 0.3777143 0.3553145 0.3652317 0.3697375 0.3759822 0.3734163 0.3855025 0.3826011 0.3889673 0.0000000 0.3881742 
Micropld   0.4466469 0.4336138 0.4212365 0.4411945 0.4262210 0.4355836 0.4333898 0.4343692 0.4598552 0.4469562 0.4336435 0.4352447 0.4453331 0.4431533 0.4343074 0.5052283 0.5122353 0.4274800 0.3869272 0.4617037 0.4684898 0.4749674 0.4706447 0.4260209 0.4114646 0.4412801 0.4479192 0.4201843 0.4359354 0.4377994 0.4473241 0.4405636 0.4491761 0.4460358 0.4379024 0.3881742 0.0000000 
