37
Allox_ar   0.00000000 0.17997348 0.19115850 0.20360064 0.18432157 0.17417872 0.17657551 0.17972289 0.18818042 0.16425054 0.19205625 0.29872429 0.18806544 0.17920099 0.20608755 0.33763385 0.21313117 0.17907195 0.17895978 0.17874311 0.23976402 0.23498247 0.24475321 0.15045211 0.18904896 0.19095121 0.12378191 0.18606411 0.19432133 0.18606229 0.18732024 0.18868271 0.19521697 0.19197113 0.54486486 0.48663365 0.59130635 
Andr_cur   0.17997348 0.00000000 0.04641088 0.06694886 0.03850084 0.10539745 0.10694971 0.05142301 0.06040190 0.17984053 0.08620898 0.28072172 0.10369034 0.09973304 0.19043454 0.32480130 0.22192874 0.11324375 0.09791287 0.11045435 0.24888209 0.24824183 0.25456566 0.15155392 0.16656726 0.11127134 0.15868440 0.11925248 0.09362450 0.11277736 0.11803656 0.11714085 0.12539895 0.12286240 0.54083004 0.47739918 0.58159654 
Andr_gro   0.19115850 0.04641088 0.00000000 0.06973947 0.05618869 0.11614999 0.11257625 0.06009802 0.06221701 0.18067055 0.09602112 0.28378145 0.10925781 0.11065661 0.19462838 0.33194450 0.23828503 0.12332559 0.09788335 0.12105827 0.26311243 0.26265800 0.26597030 0.15706043 0.17114493 0.11752422 0.16647255 0.12654120 0.10032142 0.12545951 0.12867958 0.12962109 0.13596876 0.13363513 0.56319838 0.49791069 0.61333262 
Andr_qln   0.20360064 0.06694886 0.06973947 0.00000000 0.07457800 0.12850139 0.12409966 0.05765457 0.06669216 0.19402676 0.10951545 0.29073932 0.12303503 0.12539865 0.20460958 0.33931450 0.24944135 0.13550191 0.10974246 0.13365517 0.27359595 0.27217713 0.27381810 0.16806468 0.18211987 0.13389712 0.17858398 0.13780488 0.11674266 0.13618947 0.14127088 0.14191825 0.14662214 0.14483629 0.56866563 0.50944091 0.61758663 
Andr_qrm   0.18432157 0.03850084 0.05618869 0.07457800 0.00000000 0.11073372 0.11226007 0.05759746 0.06315791 0.18549190 0.08898556 0.27992054 0.10944222 0.10707727 0.19801506 0.32187112 0.22566252 0.11842374 0.09948690 0.11626566 0.25200954 0.24239802 0.25740517 0.15905309 0.16761956 0.11900282 0.16293779 0.11768482 0.10173389 0.11959026 0.12394650 0.12484142 0.13004863 0.12811443 0.54894516 0.47702169 0.58832111 
Aula_tav   0.17417872 0.10539745 0.11614999 0.12850139 0.11073372 0.00000000 0.04764970 0.10432423 0.11530863 0.16459052 0.11990494 0.27256097 0.11423967 0.10818643 0.17301224 0.31072968 0.20851101 0.05153214 0.10285733 0.03967438 0.23245684 0.23684314 0.23884419 0.13789924 0.15825502 0.11360182 0.15344287 0.10559340 0.11900279 0.10563080 0.10984251 0.10853755 0.12042150 0.11276925 0.51691108 0.45632989 0.55962236 
Aylax_hy   0.17657551 0.10694971 0.11257625 0.12409966 0.11226007 0.04764970 0.00000000 0.10733408 0.10849261 0.16197404 0.12239638 0.26602122 0.10882738 0.10835450 0.17198032 0.30539185 0.21618933 0.05382311 0.09710317 0.05165688 0.23822098 0.24122889 0.24034130 0.13516412 0.15434703 0.11411918 0.15249832 0.10861799 0.10957365 0.10700759 0.11226177 0.11196782 0.12169451 0.11527763 0.52356168 0.46714929 0.57031551 
Beloc_tr   0.17972289 0.05142301 0.06009802 0.05765457 0.05759746 0.10432423 0.10733408 0.00000000 0.05608768 0.17441520 0.09362232 0.27985688 0.11081736 0.10555804 0.18442566 0.32180788 0.21806117 0.11070989 0.10199342 0.10921950 0.24260222 0.24780043 0.24861415 0.14957419 0.16890864 0.11518306 0.15935728 0.12188265 0.10432081 0.11230234 0.11703588 0.11597646 0.12805704 0.11975935 0.52937709 0.46340868 0.56553148 
Bior_pal   0.18818042 0.06040190 0.06221701 0.06669216 0.06315791 0.11530863 0.10849261 0.05608768 0.00000000 0.18105293 0.10654293 0.26162940 0.10815490 0.11024215 0.18214226 0.29394914 0.22120143 0.12352900 0.09131792 0.11814862 0.24519416 0.23660260 0.24245771 0.15126004 0.15990554 0.11742572 0.15736825 0.11666580 0.09930240 0.12457901 0.12630904 0.12588473 0.13443471 0.13036078 0.53017826 0.47164585 0.57455964 
Callas_no  0.16425054 0.17984053 0.18067055 0.19402676 0.18549190 0.16459052 0.16197404 0.17441520 0.18105293 0.00000000 0.19240254 0.28063810 0.17851375 0.17907680 0.18967699 0.33303204 0.20772633 0.16925500 0.17140008 0.16824769 0.22833403 0.23136752 0.23225589 0.13206747 0.17485309 0.18775062 0.13671903 0.18436179 0.18639708 0.17682137 0.17937619 0.17674524 0.19083384 0.18180199 0.55129634 0.48538439 0.59077061 
Calli_sp   0.19205625 0.08620898 0.09602112 0.10951545 0.08898556 0.11990494 0.12239638 0.09362232 0.10654293 0.19240254 0.00000000 0.29142691 0.12009117 0.11470700 0.20225855 0.33703073 0.23229120 0.12656738 0.11058460 0.12469582 0.26079639 0.26117623 0.26582338 0.16694868 0.17883807 0.12638461 0.16906984 0.12887680 0.11138234 0.12681322 0.13171356 0.13396773 0.13678654 0.13831518 0.55467283 0.49128830 0.59444212 
Cecin_ib   0.29872429 0.28072172 0.28378145 0.29073932 0.27992054 0.27256097 0.26602122 0.27985688 0.26162940 0.28063810 0.29142691 0.00000000 0.27576759 0.27704551 0.28216590 0.41798880 0.33356032 0.27845143 0.25536938 0.27598811 0.35446314 0.34578122 0.34932567 0.26198877 0.25814288 0.28610517 0.27153895 0.27110366 0.28518235 0.28382191 0.28667603 0.28732950 0.29727619 0.29108625 0.57632158 0.51016039 0.62674489 
Cerop_ma   0.18806544 0.10369034 0.10925781 0.12303503 0.10944222 0.11423967 0.10882738 0.11081736 0.10815490 0.17851375 0.12009117 0.27576759 0.00000000 0.10432145 0.18613345 0.32261081 0.23318625 0.11995404 0.09540737 0.11774873 0.25666967 0.25707745 0.25972440 0.15559306 0.16614710 0.11524085 0.16269834 0.12512178 0.10623130 0.12072944 0.12348066 0.12132413 0.13094924 0.12853538 0.54947744 0.49037274 0.59522576 
Diast_ki   0.17920099 0.09973304 0.11065661 0.12539865 0.10707727 0.10818643 0.10835450 0.10555804 0.11024215 0.17907680 0.11470700 0.27704551 0.10432145 0.00000000 0.18839514 0.32228213 0.22255672 0.11382546 0.09738696 0.11154232 0.24396719 0.24576031 0.25425060 0.15230518 0.16665373 0.06406782 0.15887705 0.11736937 0.10794780 0.11121760 0.11744054 0.11588053 0.12550171 0.12270637 0.53193852 0.47213621 0.56915759 
Dipl_spi   0.20608755 0.19043454 0.19462838 0.20460958 0.19801506 0.17301224 0.17198032 0.18442566 0.18214226 0.18967699 0.20225855 0.28216590 0.18613345 0.18839514 0.00000000 0.33150216 0.23893205 0.17985872 0.17828564 0.17553741 0.25914020 0.26403302 0.26225313 0.16296563 0.15281099 0.19729409 0.17955780 0.18967382 0.19707755 0.18698446 0.19001475 0.18967856 0.20384138 0.19489070 0.53804214 0.47770666 0.57990774 
Escha_ac   0.33763385 0.32480130 0.33194450 0.33931450 0.32187112 0.31072968 0.30539185 0.32180788 0.29394914 0.33303204 0.33703073 0.41798880 0.32261081 0.32228213 0.33150216 0.00000000 0.35190874 0.31789823 0.28984018 0.31333089 0.38405926 0.38049039 0.38786772 0.31213671 0.31610872 0.33331261 0.31721976 0.29994054 0.32476645 0.32491690 0.32014900 0.32388678 0.33305686 0.32975706 0.64804082 0.59594980 0.68862472 
Gana_sp1   0.21313117 0.22192874 0.23828503 0.24944135 0.22566252 0.20851101 0.21618933 0.21806117 0.22120143 0.20772633 0.23229120 0.33356032 0.23318625 0.22255672 0.23893205 0.35190874 0.00000000 0.21396538 0.21715292 0.21333957 0.17844763 0.18424920 0.18934716 0.19894564 0.22968150 0.23744682 0.19368855 0.22322246 0.24517128 0.22576727 0.22497986 0.21941307 0.23325615 0.22599714 0.54264550 0.48730240 0.58391739 
Hedic_le   0.17907195 0.11324375 0.12332559 0.13550191 0.11842374 0.05153214 0.05382311 0.11070989 0.12352900 0.16925500 0.12656738 0.27845143 0.11995404 0.11382546 0.17985872 0.31789823 0.21396538 0.00000000 0.10660182 0.05599575 0.23865008 0.24298144 0.24544297 0.14584863 0.16442054 0.12072146 0.15905451 0.11189729 0.12501744 0.11071865 0.11519688 0.11407874 0.12739651 0.11874584 0.52475976 0.46351253 0.56451754 
Irae_his   0.17895978 0.09791287 0.09788335 0.10974246 0.09948690 0.10285733 0.09710317 0.10199342 0.09131792 0.17140008 0.11058460 0.25536938 0.09540737 0.09738696 0.17828564 0.28984018 0.21715292 0.10660182 0.00000000 0.10766604 0.24834176 0.24017253 0.25033047 0.14212862 0.14853051 0.10329380 0.15442207 0.09828647 0.08468583 0.11105266 0.11774601 0.11873987 0.12649688 0.12488139 0.53507293 0.47170322 0.57949747 
Isoc_cen   0.17874311 0.11045435 0.12105827 0.13365517 0.11626566 0.03967438 0.05165688 0.10921950 0.11814862 0.16824769 0.12469582 0.27598811 0.11774873 0.11154232 0.17553741 0.31333089 0.21333957 0.05599575 0.10766604 0.00000000 0.23387832 0.23839748 0.24037203 0.14377037 0.16363952 0.11792131 0.15808877 0.11164041 0.12359558 0.10944002 0.11374119 0.11364669 0.12548655 0.11723797 0.51622111 0.45521716 0.55372157 
Lepto_bo   0.23976402 0.24888209 0.26311243 0.27359595 0.25200954 0.23245684 0.23822098 0.24260222 0.24519416 0.22833403 0.26079639 0.35446314 0.25666967 0.24396719 0.25914020 0.38405926 0.17844763 0.23865008 0.24834176 0.23387832 0.00000000 0.10919107 0.11455671 0.21831006 0.25478582 0.25758300 0.21840620 0.24981847 0.26994388 0.24591212 0.24706519 0.24267419 0.25757358 0.24808227 0.57966030 0.51788154 0.60711382 
Lepto_cl   0.23498247 0.24824183 0.26265800 0.27217713 0.24239802 0.23684314 0.24122889 0.24780043 0.23660260 0.23136752 0.26117623 0.34578122 0.25707745 0.24576031 0.26403302 0.38049039 0.18424920 0.24298144 0.24017253 0.23839748 0.10919107 0.00000000 0.09547157 0.22099464 0.24733735 0.26016792 0.21749088 0.24419698 0.26852557 0.24917020 0.25035300 0.24769217 0.25563713 0.25201452 0.58949607 0.52333166 0.61866381 
Lepto_he   0.24475321 0.25456566 0.26597030 0.27381810 0.25740517 0.23884419 0.24034130 0.24861415 0.24245771 0.23225589 0.26582338 0.34932567 0.25972440 0.25425060 0.26225313 0.38786772 0.18934716 0.24544297 0.25033047 0.24037203 0.11455671 0.09547157 0.00000000 0.22166462 0.25739688 0.26400792 0.22447722 0.25413422 0.27137778 0.25008367 0.25236482 0.24973631 0.26223962 0.25414352 0.57611418 0.51707463 0.60964910 
Parn_nig   0.15045211 0.15155392 0.15706043 0.16806468 0.15905309 0.13789924 0.13516412 0.14957419 0.15126004 0.13206747 0.16694868 0.26198877 0.15559306 0.15230518 0.16296563 0.31213671 0.19894564 0.14584863 0.14212862 0.14377037 0.21831006 0.22099464 0.22166462 0.00000000 0.14927899 0.16166231 0.12437723 0.15793864 0.15803243 0.15145275 0.15689206 0.15596401 0.16900473 0.15961622 0.52437199 0.46334750 0.56664821 
Pedia_ac   0.18904896 0.16656726 0.17114493 0.18211987 0.16761956 0.15825502 0.15434703 0.16890864 0.15990554 0.17485309 0.17883807 0.25814288 0.16614710 0.16665373 0.15281099 0.31610872 0.22968150 0.16442054 0.14853051 0.16363952 0.25478582 0.24733735 0.25739688 0.14927899 0.00000000 0.17435432 0.15818760 0.16352696 0.16917704 0.17159915 0.17353005 0.17566478 0.18051242 0.17899291 0.53449992 0.47819724 0.58653420 
Peric_JH   0.19095121 0.11127134 0.11752422 0.13389712 0.11900282 0.11360182 0.11411918 0.11518306 0.11742572 0.18775062 0.12638461 0.28610517 0.11524085 0.06406782 0.19729409 0.33331261 0.23744682 0.12072146 0.10329380 0.11792131 0.25758300 0.26016792 0.26400792 0.16166231 0.17435432 0.00000000 0.16898715 0.12674589 0.12014019 0.12422274 0.12602443 0.12762726 0.13343453 0.13019673 0.55302697 0.49103734 0.59969351 
Phaen_vi   0.12378191 0.15868440 0.16647255 0.17858398 0.16293779 0.15344287 0.15249832 0.15935728 0.15736825 0.13671903 0.16906984 0.27153895 0.16269834 0.15887705 0.17955780 0.31721976 0.19368855 0.15905451 0.15442207 0.15808877 0.21840620 0.21749088 0.22447722 0.12437723 0.15818760 0.16898715 0.00000000 0.16316428 0.17093240 0.16622914 0.16631320 0.16790821 0.17434139 0.17116442 0.52699551 0.46030970 0.56487099 
Phana_JH   0.18606411 0.11925248 0.12654120 0.13780488 0.11768482 0.10559340 0.10861799 0.12188265 0.11666580 0.18436179 0.12887680 0.27110366 0.12512178 0.11736937 0.18967382 0.29994054 0.22322246 0.11189729 0.09828647 0.11164041 0.24981847 0.24419698 0.25413422 0.15793864 0.16352696 0.12674589 0.16316428 0.00000000 0.11580179 0.12267211 0.12640104 0.12885977 0.13614882 0.13359948 0.52537795 0.47243274 0.56548351 
Prot_spe   0.19432133 0.09362450 0.10032142 0.11674266 0.10173389 0.11900279 0.10957365 0.10432081 0.09930240 0.18639708 0.11138234 0.28518235 0.10623130 0.10794780 0.19707755 0.32476645 0.24517128 0.12501744 0.08468583 0.12359558 0.26994388 0.26852557 0.27137778 0.15803243 0.16917704 0.12014019 0.17093240 0.11580179 0.00000000 0.12224607 0.12975217 0.12917198 0.13794604 0.13516426 0.56384610 0.50591486 0.61350518 
Qwaq_sco   0.18606229 0.11277736 0.12545951 0.13618947 0.11959026 0.10563080 0.10700759 0.11230234 0.12457901 0.17682137 0.12681322 0.28382191 0.12072944 0.11121760 0.18698446 0.32491690 0.22576727 0.11071865 0.11105266 0.10944002 0.24591212 0.24917020 0.25008367 0.15145275 0.17159915 0.12422274 0.16622914 0.12267211 0.12224607 0.00000000 0.11766421 0.11426605 0.12524568 0.12156797 0.53819970 0.47301724 0.57409028 
Syne_gif   0.18732024 0.11803656 0.12867958 0.14127088 0.12394650 0.10984251 0.11226177 0.11703588 0.12630904 0.17937619 0.13171356 0.28667603 0.12348066 0.11744054 0.19001475 0.32014900 0.22497986 0.11519688 0.11774601 0.11374119 0.24706519 0.25035300 0.25236482 0.15689206 0.17353005 0.12602443 0.16631320 0.12640104 0.12975217 0.11766421 0.00000000 0.02979001 0.03537549 0.02976296 0.52818335 0.47094256 0.56983093 
Syne_ito   0.18868271 0.11714085 0.12962109 0.14191825 0.12484142 0.10853755 0.11196782 0.11597646 0.12588473 0.17674524 0.13396773 0.28732950 0.12132413 0.11588053 0.18967856 0.32388678 0.21941307 0.11407874 0.11873987 0.11364669 0.24267419 0.24769217 0.24973631 0.15596401 0.17566478 0.12762726 0.16790821 0.12885977 0.12917198 0.11426605 0.02979001 0.00000000 0.04349192 0.03594548 0.52560932 0.46847415 0.56752783 
Syne_jap   0.19521697 0.12539895 0.13596876 0.14662214 0.13004863 0.12042150 0.12169451 0.12805704 0.13443471 0.19083384 0.13678654 0.29727619 0.13094924 0.12550171 0.20384138 0.33305686 0.23325615 0.12739651 0.12649688 0.12548655 0.25757358 0.25563713 0.26223962 0.16900473 0.18051242 0.13343453 0.17434139 0.13614882 0.13794604 0.12524568 0.03537549 0.04349192 0.00000000 0.01828813 0.54648290 0.48614274 0.58588471 
Syne_umb   0.19197113 0.12286240 0.13363513 0.14483629 0.12811443 0.11276925 0.11527763 0.11975935 0.13036078 0.18180199 0.13831518 0.29108625 0.12853538 0.12270637 0.19489070 0.32975706 0.22599714 0.11874584 0.12488139 0.11723797 0.24808227 0.25201452 0.25414352 0.15961622 0.17899291 0.13019673 0.17116442 0.13359948 0.13516426 0.12156797 0.02976296 0.03594548 0.01828813 0.00000000 0.53465625 0.47621826 0.57387900 
Nasoniav   0.54486486 0.54083004 0.56319838 0.56866563 0.54894516 0.51691108 0.52356168 0.52937709 0.53017826 0.55129634 0.55467283 0.57632158 0.54947744 0.53193852 0.53804214 0.64804082 0.54264550 0.52475976 0.53507293 0.51622111 0.57966030 0.58949607 0.57611418 0.52437199 0.53449992 0.55302697 0.52699551 0.52537795 0.56384610 0.53819970 0.52818335 0.52560932 0.54648290 0.53465625 0.00000000 0.56940453 0.66008966 
Orussusa   0.48663365 0.47739918 0.49791069 0.50944091 0.47702169 0.45632989 0.46714929 0.46340868 0.47164585 0.48538439 0.49128830 0.51016039 0.49037274 0.47213621 0.47770666 0.59594980 0.48730240 0.46351253 0.47170322 0.45521716 0.51788154 0.52333166 0.51707463 0.46334750 0.47819724 0.49103734 0.46030970 0.47243274 0.50591486 0.47301724 0.47094256 0.46847415 0.48614274 0.47621826 0.56940453 0.00000000 0.56484827 
Micropld   0.59130635 0.58159654 0.61333262 0.61758663 0.58832111 0.55962236 0.57031551 0.56553148 0.57455964 0.59077061 0.59444212 0.62674489 0.59522576 0.56915759 0.57990774 0.68862472 0.58391739 0.56451754 0.57949747 0.55372157 0.60711382 0.61866381 0.60964910 0.56664821 0.58653420 0.59969351 0.56487099 0.56548351 0.61350518 0.57409028 0.56983093 0.56752783 0.58588471 0.57387900 0.66008966 0.56484827 0.00000000 
