37
Allox_ar   0.0000000 0.1306902 0.1355470 0.1403990 0.1346093 0.1342634 0.1358673 0.1432822 0.1526410 0.1265766 0.1403896 0.2276599 0.1410338 0.1424161 0.1650280 0.2684505 0.1961023 0.1498129 0.1275637 0.1441959 0.1923284 0.1909618 0.1972267 0.1088895 0.1519617 0.1461361 0.0976360 0.1465134 0.1456270 0.1486965 0.1546453 0.1521210 0.1568857 0.1534768 0.3684924 0.3646344 0.4288290 
Andr_cur   0.1306902 0.0000000 0.0212555 0.0312584 0.0141327 0.0717281 0.0719683 0.0302087 0.0370321 0.1320511 0.0512174 0.2040905 0.0691364 0.0715736 0.1412393 0.2441024 0.1884798 0.0811546 0.0581373 0.0780594 0.1864934 0.1886774 0.1956805 0.1021876 0.1213403 0.0772304 0.1151726 0.0813406 0.0573589 0.0792829 0.0886067 0.0837581 0.0914741 0.0882485 0.3558348 0.3448558 0.4151748 
Andr_gro   0.1355470 0.0212555 0.0000000 0.0377138 0.0248824 0.0770486 0.0771593 0.0356199 0.0446936 0.1376867 0.0565952 0.2138092 0.0732610 0.0767722 0.1506772 0.2568660 0.2006934 0.0851664 0.0629157 0.0852740 0.1972179 0.1998711 0.2055534 0.1082067 0.1281688 0.0811090 0.1217356 0.0871084 0.0615371 0.0845120 0.0932728 0.0881257 0.0970989 0.0939940 0.3700273 0.3623235 0.4384530 
Andr_qln   0.1403990 0.0312584 0.0377138 0.0000000 0.0341400 0.0823964 0.0835880 0.0285885 0.0407836 0.1433272 0.0647595 0.2154226 0.0787232 0.0822554 0.1503375 0.2534381 0.1981232 0.0912737 0.0717821 0.0901986 0.1931674 0.1975281 0.2046363 0.1087170 0.1301836 0.0877210 0.1251908 0.0930734 0.0710055 0.0904890 0.0974701 0.0946918 0.1010007 0.0976705 0.3694968 0.3599310 0.4329422 
Andr_qrm   0.1346093 0.0141327 0.0248824 0.0341400 0.0000000 0.0744868 0.0760045 0.0335476 0.0415753 0.1364223 0.0533766 0.2082468 0.0711045 0.0750585 0.1452825 0.2533353 0.1947428 0.0844673 0.0591423 0.0822299 0.1921465 0.1959130 0.2027182 0.1043652 0.1279193 0.0796805 0.1196564 0.0864350 0.0600881 0.0832896 0.0925130 0.0873222 0.0961757 0.0926103 0.3600853 0.3541311 0.4218833 
Aula_tav   0.1342634 0.0717281 0.0770486 0.0823964 0.0744868 0.0000000 0.0322452 0.0841171 0.0890753 0.1324777 0.0823621 0.2092574 0.0798347 0.0821573 0.1404901 0.2477139 0.1920474 0.0404454 0.0656799 0.0305540 0.1886230 0.1899794 0.1967327 0.0974203 0.1236899 0.0852273 0.1188411 0.0773632 0.0801213 0.0846710 0.0927633 0.0888167 0.0961352 0.0940147 0.3530218 0.3470735 0.4134306 
Aylax_hy   0.1358673 0.0719683 0.0771593 0.0835880 0.0760045 0.0322452 0.0000000 0.0846599 0.0856990 0.1353087 0.0824556 0.2112348 0.0786209 0.0817565 0.1421612 0.2516222 0.1974763 0.0382192 0.0662366 0.0378032 0.1924131 0.1952472 0.2015126 0.0988119 0.1262288 0.0846538 0.1209389 0.0781225 0.0791012 0.0839643 0.0916068 0.0887719 0.0963168 0.0931554 0.3584471 0.3504280 0.4190992 
Beloc_tr   0.1432822 0.0302087 0.0356199 0.0285885 0.0335476 0.0841171 0.0846599 0.0000000 0.0394059 0.1461813 0.0643537 0.2187988 0.0810374 0.0835903 0.1532539 0.2611478 0.2042443 0.0941452 0.0723445 0.0913682 0.1983314 0.2046836 0.2087078 0.1097046 0.1351668 0.0875364 0.1267939 0.0949435 0.0706317 0.0901894 0.0992934 0.0956672 0.1032790 0.1002898 0.3684520 0.3593660 0.4265047 
Bior_pal   0.1526410 0.0370321 0.0446936 0.0407836 0.0415753 0.0890753 0.0856990 0.0394059 0.0000000 0.1530104 0.0791248 0.2284177 0.0888098 0.0905317 0.1614343 0.2698711 0.2238219 0.0924207 0.0794126 0.0952989 0.2128048 0.2133200 0.2275145 0.1147607 0.1481306 0.0932487 0.1306396 0.1016421 0.0838754 0.1016463 0.1082249 0.1012659 0.1107969 0.1115201 0.4134469 0.4201249 0.4889518 
Callas_no  0.1265766 0.1320511 0.1376867 0.1433272 0.1364223 0.1324777 0.1353087 0.1461813 0.1530104 0.0000000 0.1408691 0.2303934 0.1373510 0.1407360 0.1551032 0.2675433 0.1859129 0.1466991 0.1250899 0.1426777 0.1853325 0.1853730 0.1897831 0.1005168 0.1426560 0.1481753 0.1114974 0.1483897 0.1455834 0.1468932 0.1483343 0.1454938 0.1501575 0.1476516 0.3767092 0.3719023 0.4373152 
Calli_sp   0.1403896 0.0512174 0.0565952 0.0647595 0.0533766 0.0823621 0.0824556 0.0643537 0.0791248 0.1408691 0.0000000 0.2172434 0.0798212 0.0814332 0.1523230 0.2625866 0.2045626 0.0906305 0.0703720 0.0898350 0.2003754 0.2025534 0.2097285 0.1102590 0.1318934 0.0873939 0.1250928 0.0944627 0.0698964 0.0920323 0.0992877 0.0949762 0.1038287 0.1004602 0.3742437 0.3634388 0.4453352 
Cecin_ib   0.2276599 0.2040905 0.2138092 0.2154226 0.2082468 0.2092574 0.2112348 0.2187988 0.2284177 0.2303934 0.2172434 0.0000000 0.2173527 0.2168587 0.2244778 0.3539531 0.2954248 0.2299857 0.1927006 0.2167664 0.2714699 0.2753538 0.2794753 0.1894520 0.2130374 0.2229708 0.2158990 0.2213818 0.2179706 0.2247114 0.2239292 0.2274262 0.2272895 0.2227309 0.3963000 0.3688780 0.4457781 
Cerop_ma   0.1410338 0.0691364 0.0732610 0.0787232 0.0711045 0.0798347 0.0786209 0.0810374 0.0888098 0.1373510 0.0798212 0.2173527 0.0000000 0.0789224 0.1502554 0.2635667 0.2025495 0.0881336 0.0621305 0.0875374 0.1965310 0.1986122 0.2031916 0.1105125 0.1297565 0.0829646 0.1255877 0.0888299 0.0709484 0.0892188 0.0938207 0.0880723 0.0972529 0.0939199 0.3696523 0.3586926 0.4279604 
Diast_ki   0.1424161 0.0715736 0.0767722 0.0822554 0.0750585 0.0821573 0.0817565 0.0835903 0.0905317 0.1407360 0.0814332 0.2168587 0.0789224 0.0000000 0.1482926 0.2585233 0.2006052 0.0925036 0.0649674 0.0889400 0.1972253 0.1989131 0.2050660 0.1069052 0.1306612 0.0462151 0.1268433 0.0909707 0.0739999 0.0875147 0.0965020 0.0918075 0.0999445 0.0955429 0.3648725 0.3576126 0.4187657 
Dipl_spi   0.1650280 0.1412393 0.1506772 0.1503375 0.1452825 0.1404901 0.1421612 0.1532539 0.1614343 0.1551032 0.1523230 0.2244778 0.1502554 0.1482926 0.0000000 0.2767589 0.2170210 0.1572615 0.1308806 0.1495482 0.2112308 0.2153337 0.2185863 0.1272226 0.1287554 0.1556355 0.1487570 0.1504983 0.1498995 0.1518344 0.1585757 0.1559146 0.1612696 0.1589894 0.3732338 0.3620558 0.4314342 
Escha_ac   0.2684505 0.2441024 0.2568660 0.2534381 0.2533353 0.2477139 0.2516222 0.2611478 0.2698711 0.2675433 0.2625866 0.3539531 0.2635667 0.2585233 0.2767589 0.0000000 0.3234035 0.2787093 0.2417792 0.2582457 0.3047036 0.3104214 0.3084402 0.2353138 0.2649013 0.2684852 0.2577991 0.2651555 0.2677399 0.2652009 0.2654812 0.2619132 0.2694653 0.2664004 0.4607865 0.4620640 0.5178041 
Gana_sp1   0.1961023 0.1884798 0.2006934 0.1981232 0.1947428 0.1920474 0.1974763 0.2042443 0.2238219 0.1859129 0.2045626 0.2954248 0.2025495 0.2006052 0.2170210 0.3234035 0.0000000 0.2172571 0.1907075 0.2026094 0.1566937 0.1659886 0.1664124 0.1699819 0.2131576 0.2103049 0.1793707 0.2174890 0.2146471 0.2074958 0.2097103 0.1945842 0.2118827 0.2085951 0.4106784 0.4139006 0.4870080 
Hedic_le   0.1498129 0.0811546 0.0851664 0.0912737 0.0844673 0.0404454 0.0382192 0.0941452 0.0924207 0.1466991 0.0906305 0.2299857 0.0881336 0.0925036 0.1572615 0.2787093 0.2172571 0.0000000 0.0746980 0.0471074 0.2109579 0.2086375 0.2183761 0.1108815 0.1376231 0.0954811 0.1322400 0.0851700 0.0901638 0.0951776 0.1023707 0.0985650 0.1068506 0.1033431 0.3912981 0.3882617 0.4601599 
Irae_his   0.1275637 0.0581373 0.0629157 0.0717821 0.0591423 0.0656799 0.0662366 0.0723445 0.0794126 0.1250899 0.0703720 0.1927006 0.0621305 0.0649674 0.1308806 0.2417792 0.1907075 0.0746980 0.0000000 0.0732959 0.1837251 0.1825504 0.1896883 0.0898205 0.1148118 0.0696919 0.1115571 0.0757161 0.0622116 0.0770942 0.0874331 0.0856322 0.0920551 0.0877790 0.3536799 0.3342979 0.4106327 
Isoc_cen   0.1441959 0.0780594 0.0852740 0.0901986 0.0822299 0.0305540 0.0378032 0.0913682 0.0952989 0.1426777 0.0898350 0.2167664 0.0875374 0.0889400 0.1495482 0.2582457 0.2026094 0.0471074 0.0732959 0.0000000 0.1978460 0.1992554 0.2065261 0.1064867 0.1340454 0.0928390 0.1268754 0.0860366 0.0880537 0.0920597 0.0984247 0.0960162 0.1019208 0.0993718 0.3641436 0.3551361 0.4259356 
Lepto_bo   0.1923284 0.1864934 0.1972179 0.1931674 0.1921465 0.1886230 0.1924131 0.1983314 0.2128048 0.1853325 0.2003754 0.2714699 0.1965310 0.1972253 0.2112308 0.3047036 0.1566937 0.2109579 0.1837251 0.1978460 0.0000000 0.0733315 0.0827409 0.1654788 0.2082334 0.1994760 0.1760162 0.2068450 0.2052231 0.2029445 0.2017925 0.1977151 0.2050371 0.2007013 0.3959957 0.3971225 0.4505584 
Lepto_cl   0.1909618 0.1886774 0.1998711 0.1975281 0.1959130 0.1899794 0.1952472 0.2046836 0.2133200 0.1853730 0.2025534 0.2753538 0.1986122 0.1989131 0.2153337 0.3104214 0.1659886 0.2086375 0.1825504 0.1992554 0.0733315 0.0000000 0.0697150 0.1665120 0.2110829 0.2054435 0.1763819 0.2083011 0.2125870 0.2072714 0.2045364 0.2013823 0.2082368 0.2055612 0.4125204 0.4104105 0.4648910 
Lepto_he   0.1972267 0.1956805 0.2055534 0.2046363 0.2027182 0.1967327 0.2015126 0.2087078 0.2275145 0.1897831 0.2097285 0.2794753 0.2031916 0.2050660 0.2185863 0.3084402 0.1664124 0.2183761 0.1896883 0.2065261 0.0827409 0.0697150 0.0000000 0.1730418 0.2151911 0.2078010 0.1824914 0.2170251 0.2116202 0.2129356 0.2070637 0.2027042 0.2104340 0.2072165 0.4040827 0.4039439 0.4589493 
Parn_nig   0.1088895 0.1021876 0.1082067 0.1087170 0.1043652 0.0974203 0.0988119 0.1097046 0.1147607 0.1005168 0.1102590 0.1894520 0.1105125 0.1069052 0.1272226 0.2353138 0.1699819 0.1108815 0.0898205 0.1064867 0.1654788 0.1665120 0.1730418 0.0000000 0.1099291 0.1129201 0.0889955 0.1084402 0.1085712 0.1109638 0.1188172 0.1167719 0.1221847 0.1189766 0.3479028 0.3320711 0.4037582 
Pedia_ac   0.1519617 0.1213403 0.1281688 0.1301836 0.1279193 0.1236899 0.1262288 0.1351668 0.1481306 0.1426560 0.1318934 0.2130374 0.1297565 0.1306612 0.1287554 0.2649013 0.2131576 0.1376231 0.1148118 0.1340454 0.2082334 0.2110829 0.2151911 0.1099291 0.0000000 0.1374309 0.1289445 0.1354706 0.1264519 0.1337947 0.1436201 0.1412761 0.1462230 0.1433650 0.3834507 0.3693665 0.4519348 
Peric_JH   0.1461361 0.0772304 0.0811090 0.0877210 0.0796805 0.0852273 0.0846538 0.0875364 0.0932487 0.1481753 0.0873939 0.2229708 0.0829646 0.0462151 0.1556355 0.2684852 0.2103049 0.0954811 0.0696919 0.0928390 0.1994760 0.2054435 0.2078010 0.1129201 0.1374309 0.0000000 0.1293156 0.0954573 0.0824350 0.0939845 0.1009955 0.0977294 0.1052483 0.1018324 0.3736774 0.3722030 0.4340827 
Phaen_vi   0.0976360 0.1151726 0.1217356 0.1251908 0.1196564 0.1188411 0.1209389 0.1267939 0.1306396 0.1114974 0.1250928 0.2158990 0.1255877 0.1268433 0.1487570 0.2577991 0.1793707 0.1322400 0.1115571 0.1268754 0.1760162 0.1763819 0.1824914 0.0889955 0.1289445 0.1293156 0.0000000 0.1329255 0.1286864 0.1314485 0.1376747 0.1344724 0.1394653 0.1374952 0.3593778 0.3519138 0.4243267 
Phana_JH   0.1465134 0.0813406 0.0871084 0.0930734 0.0864350 0.0773632 0.0781225 0.0949435 0.1016421 0.1483897 0.0944627 0.2213818 0.0888299 0.0909707 0.1504983 0.2651555 0.2174890 0.0851700 0.0757161 0.0860366 0.2068450 0.2083011 0.2170251 0.1084402 0.1354706 0.0954573 0.1329255 0.0000000 0.0887303 0.0969420 0.1010558 0.0977467 0.1063501 0.1005419 0.4057428 0.3789290 0.4598186 
Prot_spe   0.1456270 0.0573589 0.0615371 0.0710055 0.0600881 0.0801213 0.0791012 0.0706317 0.0838754 0.1455834 0.0698964 0.2179706 0.0709484 0.0739999 0.1498995 0.2677399 0.2146471 0.0901638 0.0622116 0.0880537 0.2052231 0.2125870 0.2116202 0.1085712 0.1264519 0.0824350 0.1286864 0.0887303 0.0000000 0.0832979 0.0961651 0.0896691 0.0974609 0.0972681 0.3692414 0.3672274 0.4403644 
Qwaq_sco   0.1486965 0.0792829 0.0845120 0.0904890 0.0832896 0.0846710 0.0839643 0.0901894 0.1016463 0.1468932 0.0920323 0.2247114 0.0892188 0.0875147 0.1518344 0.2652009 0.2074958 0.0951776 0.0770942 0.0920597 0.2029445 0.2072714 0.2129356 0.1109638 0.1337947 0.0939845 0.1314485 0.0969420 0.0832979 0.0000000 0.1017881 0.0982690 0.1069945 0.1028874 0.3721745 0.3660264 0.4398870 
Syne_gif   0.1546453 0.0886067 0.0932728 0.0974701 0.0925130 0.0927633 0.0916068 0.0992934 0.1082249 0.1483343 0.0992877 0.2239292 0.0938207 0.0965020 0.1585757 0.2654812 0.2097103 0.1023707 0.0874331 0.0984247 0.2017925 0.2045364 0.2070637 0.1188172 0.1436201 0.1009955 0.1376747 0.1010558 0.0961651 0.1017881 0.0000000 0.0271693 0.0276851 0.0248019 0.3633063 0.3634762 0.4281811 
Syne_ito   0.1521210 0.0837581 0.0881257 0.0946918 0.0873222 0.0888167 0.0887719 0.0956672 0.1012659 0.1454938 0.0949762 0.2274262 0.0880723 0.0918075 0.1559146 0.2619132 0.1945842 0.0985650 0.0856322 0.0960162 0.1977151 0.2013823 0.2027042 0.1167719 0.1412761 0.0977294 0.1344724 0.0977467 0.0896691 0.0982690 0.0271693 0.0000000 0.0325961 0.0273847 0.3545506 0.3665030 0.4260478 
Syne_jap   0.1568857 0.0914741 0.0970989 0.1010007 0.0961757 0.0961352 0.0963168 0.1032790 0.1107969 0.1501575 0.1038287 0.2272895 0.0972529 0.0999445 0.1612696 0.2694653 0.2118827 0.1068506 0.0920551 0.1019208 0.2050371 0.2082368 0.2104340 0.1221847 0.1462230 0.1052483 0.1394653 0.1063501 0.0974609 0.1069945 0.0276851 0.0325961 0.0000000 0.0092100 0.3643104 0.3649213 0.4267695 
Syne_umb   0.1534768 0.0882485 0.0939940 0.0976705 0.0926103 0.0940147 0.0931554 0.1002898 0.1115201 0.1476516 0.1004602 0.2227309 0.0939199 0.0955429 0.1589894 0.2664004 0.2085951 0.1033431 0.0877790 0.0993718 0.2007013 0.2055612 0.2072165 0.1189766 0.1433650 0.1018324 0.1374952 0.1005419 0.0972681 0.1028874 0.0248019 0.0273847 0.0092100 0.0000000 0.3639958 0.3636764 0.4242696 
Nasoniav   0.3684924 0.3558348 0.3700273 0.3694968 0.3600853 0.3530218 0.3584471 0.3684520 0.4134469 0.3767092 0.3742437 0.3963000 0.3696523 0.3648725 0.3732338 0.4607865 0.4106784 0.3912981 0.3536799 0.3641436 0.3959957 0.4125204 0.4040827 0.3479028 0.3834507 0.3736774 0.3593778 0.4057428 0.3692414 0.3721745 0.3633063 0.3545506 0.3643104 0.3639958 0.0000000 0.3796080 0.4284575 
Orussusa   0.3646344 0.3448558 0.3623235 0.3599310 0.3541311 0.3470735 0.3504280 0.3593660 0.4201249 0.3719023 0.3634388 0.3688780 0.3586926 0.3576126 0.3620558 0.4620640 0.4139006 0.3882617 0.3342979 0.3551361 0.3971225 0.4104105 0.4039439 0.3320711 0.3693665 0.3722030 0.3519138 0.3789290 0.3672274 0.3660264 0.3634762 0.3665030 0.3649213 0.3636764 0.3796080 0.0000000 0.3926284 
Micropld   0.4288290 0.4151748 0.4384530 0.4329422 0.4218833 0.4134306 0.4190992 0.4265047 0.4889518 0.4373152 0.4453352 0.4457781 0.4279604 0.4187657 0.4314342 0.5178041 0.4870080 0.4601599 0.4106327 0.4259356 0.4505584 0.4648910 0.4589493 0.4037582 0.4519348 0.4340827 0.4243267 0.4598186 0.4403644 0.4398870 0.4281811 0.4260478 0.4267695 0.4242696 0.4284575 0.3926284 0.0000000 
