37
Allox_ar   0.0000000 0.1623516 0.1778076 0.1909168 0.1589642 0.1598645 0.1602199 0.1645570 0.1760860 0.1446430 0.1806035 0.2495513 0.1645375 0.1602048 0.1783011 0.3041490 0.2050423 0.1693581 0.1463429 0.1690603 0.2180008 0.2150696 0.2245687 0.1261589 0.1755260 0.1679003 0.1142038 0.1679128 0.1656380 0.1693502 0.1754542 0.1728296 0.1739796 0.1767515 0.4627008 0.5345658 0.4398277 
Andr_cur   0.1623516 0.0000000 0.0468470 0.0639137 0.0281258 0.0966880 0.0962953 0.0442449 0.0561639 0.1582762 0.0809219 0.2411996 0.0910470 0.0894612 0.1637039 0.2908970 0.2107940 0.1044588 0.0780031 0.1042954 0.2250785 0.2254280 0.2324736 0.1269184 0.1558602 0.0978717 0.1476768 0.1040358 0.0786823 0.0994129 0.1086165 0.1075949 0.1093966 0.1099543 0.4548776 0.5246681 0.4277480 
Andr_gro   0.1778076 0.0468470 0.0000000 0.0781050 0.0467425 0.1138875 0.1131631 0.0590962 0.0643112 0.1705076 0.0901048 0.2511490 0.1064162 0.1056407 0.1808704 0.3148182 0.2299707 0.1166624 0.0818801 0.1203543 0.2464553 0.2457112 0.2552737 0.1465826 0.1699835 0.1106159 0.1644892 0.1136543 0.0907789 0.1160108 0.1247933 0.1231268 0.1264503 0.1285368 0.4857309 0.5588970 0.4565710 
Andr_qln   0.1909168 0.0639137 0.0781050 0.0000000 0.0668817 0.1250621 0.1240662 0.0564321 0.0665132 0.1822193 0.1059556 0.2619987 0.1176218 0.1171870 0.1911881 0.3232698 0.2423357 0.1309087 0.0935427 0.1337481 0.2543860 0.2544409 0.2602786 0.1546573 0.1828520 0.1262827 0.1750499 0.1266099 0.1086435 0.1283481 0.1359408 0.1350170 0.1364658 0.1388970 0.4967538 0.5691827 0.4672675 
Andr_qrm   0.1589642 0.0281258 0.0467425 0.0668817 0.0000000 0.0939790 0.0933980 0.0411268 0.0573368 0.1530890 0.0783762 0.2342053 0.0844506 0.0874613 0.1612881 0.2866698 0.2037787 0.1002740 0.0703732 0.1016069 0.2182742 0.2199013 0.2289918 0.1273503 0.1550056 0.0932998 0.1434678 0.1010837 0.0750789 0.0968812 0.1059567 0.1038858 0.1062855 0.1078901 0.4479319 0.5183543 0.4251512 
Aula_tav   0.1598645 0.0966880 0.1138875 0.1250621 0.0939790 0.0000000 0.0403785 0.0997728 0.1007039 0.1521231 0.1145362 0.2329123 0.0977712 0.0957883 0.1575553 0.2815505 0.1970034 0.0472773 0.0808080 0.0382922 0.2178069 0.2177905 0.2269235 0.1215509 0.1499504 0.1006674 0.1431346 0.0936392 0.1005653 0.0980157 0.1062689 0.1052297 0.1073886 0.1090654 0.4448498 0.5154102 0.4225276 
Aylax_hy   0.1602199 0.0962953 0.1131631 0.1240662 0.0933980 0.0403785 0.0000000 0.0988527 0.1008715 0.1521216 0.1135265 0.2312279 0.0963921 0.0944895 0.1586211 0.2835586 0.2023104 0.0463223 0.0780792 0.0474958 0.2189417 0.2192983 0.2287815 0.1233146 0.1515083 0.0990122 0.1438328 0.0932073 0.0986209 0.0965360 0.1059165 0.1044591 0.1068211 0.1086177 0.4490564 0.5210438 0.4260691 
Beloc_tr   0.1645570 0.0442449 0.0590962 0.0564321 0.0411268 0.0997728 0.0988527 0.0000000 0.0457100 0.1585300 0.0886628 0.2410476 0.0936775 0.0926896 0.1659908 0.2925336 0.2098941 0.1069602 0.0791062 0.1081304 0.2235157 0.2267176 0.2334143 0.1305519 0.1579658 0.0992712 0.1481528 0.1079768 0.0828618 0.1024089 0.1100878 0.1083930 0.1116269 0.1133149 0.4573359 0.5275214 0.4306212 
Bior_pal   0.1760860 0.0561639 0.0643112 0.0665132 0.0573368 0.1007039 0.1008715 0.0457100 0.0000000 0.1683949 0.1012905 0.2413605 0.0979017 0.0944336 0.1748825 0.2859707 0.2100532 0.1052036 0.0813496 0.1087244 0.2238834 0.2276471 0.2395037 0.1416600 0.1662589 0.1098815 0.1550811 0.1162844 0.0998074 0.1099779 0.1124374 0.1092432 0.1137989 0.1173135 0.4871671 0.5606276 0.4795321 
Callas_no  0.1446430 0.1582762 0.1705076 0.1822193 0.1530890 0.1521231 0.1521216 0.1585300 0.1683949 0.0000000 0.1743214 0.2440009 0.1558594 0.1554141 0.1685792 0.3036011 0.1961751 0.1609793 0.1360633 0.1597786 0.2071666 0.2049731 0.2158599 0.1156553 0.1650863 0.1613253 0.1273222 0.1609697 0.1623949 0.1615583 0.1653764 0.1634349 0.1640597 0.1669454 0.4723254 0.5430116 0.4443567 
Calli_sp   0.1806035 0.0809219 0.0901048 0.1059556 0.0783762 0.1145362 0.1135265 0.0886628 0.1012905 0.1743214 0.0000000 0.2526861 0.1079160 0.1067029 0.1819669 0.3124356 0.2299371 0.1221618 0.0843133 0.1225804 0.2433103 0.2431827 0.2533498 0.1460464 0.1741767 0.1131223 0.1655423 0.1232512 0.0968844 0.1184849 0.1281077 0.1259008 0.1281683 0.1302374 0.4764529 0.5578987 0.4536258 
Cecin_ib   0.2495513 0.2411996 0.2511490 0.2619987 0.2342053 0.2329123 0.2312279 0.2410476 0.2413605 0.2440009 0.2526861 0.0000000 0.2395068 0.2366484 0.2369356 0.3785831 0.2901754 0.2412750 0.2102025 0.2392133 0.2995977 0.2987209 0.3049688 0.2157265 0.2358612 0.2403189 0.2383460 0.2345321 0.2424358 0.2425131 0.2422384 0.2456663 0.2452263 0.2463551 0.4799252 0.5361642 0.4337708 
Cerop_ma   0.1645375 0.0910470 0.1064162 0.1176218 0.0844506 0.0977712 0.0963921 0.0936775 0.0979017 0.1558594 0.1079160 0.2395068 0.0000000 0.0894489 0.1637056 0.2967480 0.2119866 0.1043007 0.0749896 0.1046181 0.2268572 0.2279777 0.2348581 0.1331490 0.1566162 0.0947997 0.1486185 0.1047625 0.0911802 0.1019748 0.1079488 0.1063611 0.1086330 0.1108409 0.4638589 0.5337376 0.4368377 
Diast_ki   0.1602048 0.0894612 0.1056407 0.1171870 0.0874613 0.0957883 0.0944895 0.0926896 0.0944336 0.1554141 0.1067029 0.2366484 0.0894489 0.0000000 0.1606197 0.2887490 0.2049421 0.1033588 0.0771800 0.1032066 0.2209602 0.2205826 0.2308042 0.1270888 0.1527773 0.0507037 0.1442369 0.1036655 0.0900913 0.0968614 0.1068490 0.1053595 0.1080847 0.1088734 0.4491003 0.5154944 0.4227653 
Dipl_spi   0.1783011 0.1637039 0.1808704 0.1911881 0.1612881 0.1575553 0.1586211 0.1659908 0.1748825 0.1685792 0.1819669 0.2369356 0.1637056 0.1606197 0.0000000 0.3028372 0.2188103 0.1672824 0.1437947 0.1634030 0.2342610 0.2363690 0.2432807 0.1428652 0.1408948 0.1673194 0.1647286 0.1633185 0.1674162 0.1654244 0.1723792 0.1707219 0.1718795 0.1750261 0.4548598 0.5255537 0.4291216 
Escha_ac   0.3041490 0.2908970 0.3148182 0.3232698 0.2866698 0.2815505 0.2835586 0.2925336 0.2859707 0.3036011 0.3124356 0.3785831 0.2967480 0.2887490 0.3028372 0.0000000 0.3320559 0.2987238 0.2657840 0.2911100 0.3421451 0.3459806 0.3493750 0.2747722 0.3046715 0.2973266 0.2938099 0.2915566 0.3044147 0.2926977 0.2981679 0.2953780 0.2951296 0.2996367 0.5535952 0.6173195 0.5394801 
Gana_sp1   0.2050423 0.2107940 0.2299707 0.2423357 0.2037787 0.1970034 0.2023104 0.2098941 0.2100532 0.1961751 0.2299371 0.2901754 0.2119866 0.2049421 0.2188103 0.3320559 0.0000000 0.2106756 0.1870383 0.2088911 0.1651525 0.1716227 0.1764522 0.1782749 0.2188605 0.2147735 0.1882524 0.2169247 0.2148801 0.2120689 0.2121987 0.2063264 0.2132422 0.2104423 0.4844049 0.5604655 0.4617998 
Hedic_le   0.1693581 0.1044588 0.1166624 0.1309087 0.1002740 0.0472773 0.0463223 0.1069602 0.1052036 0.1609793 0.1221618 0.2412750 0.1043007 0.1033588 0.1672824 0.2987238 0.2106756 0.0000000 0.0862285 0.0529980 0.2299752 0.2278931 0.2380461 0.1315234 0.1576799 0.1083749 0.1530574 0.0988540 0.1072309 0.1059024 0.1138920 0.1124603 0.1144248 0.1150578 0.4677827 0.5451338 0.4453058 
Irae_his   0.1463429 0.0780031 0.0818801 0.0935427 0.0703732 0.0808080 0.0780792 0.0791062 0.0813496 0.1360633 0.0843133 0.2102025 0.0749896 0.0771800 0.1437947 0.2657840 0.1870383 0.0862285 0.0000000 0.0881085 0.2081192 0.2034175 0.2123619 0.1110405 0.1339628 0.0765264 0.1281940 0.0845389 0.0760835 0.0844290 0.0973758 0.0969738 0.0989395 0.1009548 0.4297044 0.4933323 0.3963244 
Isoc_cen   0.1690603 0.1042954 0.1203543 0.1337481 0.1016069 0.0382922 0.0474958 0.1081304 0.1087244 0.1597786 0.1225804 0.2392133 0.1046181 0.1032066 0.1634030 0.2911100 0.2088911 0.0529980 0.0881085 0.0000000 0.2255490 0.2267277 0.2366359 0.1313155 0.1597701 0.1073564 0.1514448 0.1015942 0.1094528 0.1061655 0.1140411 0.1126450 0.1141526 0.1164794 0.4547319 0.5283812 0.4328306 
Lepto_bo   0.2180008 0.2250785 0.2464553 0.2543860 0.2182742 0.2178069 0.2189417 0.2235157 0.2238834 0.2071666 0.2433103 0.2995977 0.2268572 0.2209602 0.2342610 0.3421451 0.1651525 0.2299752 0.2081192 0.2255490 0.0000000 0.0889355 0.0990373 0.1938550 0.2374934 0.2284292 0.2015962 0.2301514 0.2319614 0.2281870 0.2306067 0.2283003 0.2281769 0.2298690 0.5023636 0.5621453 0.4739428 
Lepto_cl   0.2150696 0.2254280 0.2457112 0.2544409 0.2199013 0.2177905 0.2192983 0.2267176 0.2276471 0.2049731 0.2431827 0.2987209 0.2279777 0.2205826 0.2363690 0.3459806 0.1716227 0.2278931 0.2034175 0.2267277 0.0889355 0.0000000 0.0796090 0.1917614 0.2392980 0.2318642 0.2028939 0.2290493 0.2336888 0.2285284 0.2305088 0.2289933 0.2283864 0.2316223 0.5092372 0.5673701 0.4843930 
Lepto_he   0.2245687 0.2324736 0.2552737 0.2602786 0.2289918 0.2269235 0.2287815 0.2334143 0.2395037 0.2158599 0.2533498 0.3049688 0.2348581 0.2308042 0.2432807 0.3493750 0.1764522 0.2380461 0.2123619 0.2366359 0.0990373 0.0796090 0.0000000 0.2017708 0.2458834 0.2402180 0.2117290 0.2367746 0.2413931 0.2370207 0.2387510 0.2360748 0.2363255 0.2383649 0.5065778 0.5626283 0.4817517 
Parn_nig   0.1261589 0.1269184 0.1465826 0.1546573 0.1273503 0.1215509 0.1233146 0.1305519 0.1416600 0.1156553 0.1460464 0.2157265 0.1331490 0.1270888 0.1428652 0.2747722 0.1782749 0.1315234 0.1110405 0.1313155 0.1938550 0.1917614 0.2017708 0.0000000 0.1333873 0.1340554 0.1088918 0.1308234 0.1290912 0.1308737 0.1390658 0.1385459 0.1410220 0.1426305 0.4399810 0.5065125 0.4076214 
Pedia_ac   0.1755260 0.1558602 0.1699835 0.1828520 0.1550056 0.1499504 0.1515083 0.1579658 0.1662589 0.1650863 0.1741767 0.2358612 0.1566162 0.1527773 0.1408948 0.3046715 0.2188605 0.1576799 0.1339628 0.1597701 0.2374934 0.2392980 0.2458834 0.1333873 0.0000000 0.1580233 0.1511481 0.1593060 0.1556453 0.1564713 0.1651123 0.1619663 0.1650712 0.1672536 0.4697519 0.5536598 0.4421053 
Peric_JH   0.1679003 0.0978717 0.1106159 0.1262827 0.0932998 0.1006674 0.0990122 0.0992712 0.1098815 0.1613253 0.1131223 0.2403189 0.0947997 0.0507037 0.1673194 0.2973266 0.2147735 0.1083749 0.0765264 0.1073564 0.2284292 0.2318642 0.2402180 0.1340554 0.1580233 0.0000000 0.1521782 0.1083975 0.0984254 0.1042359 0.1120553 0.1104757 0.1133846 0.1137278 0.4625681 0.5342578 0.4402030 
Phaen_vi   0.1142038 0.1476768 0.1644892 0.1750499 0.1434678 0.1431346 0.1438328 0.1481528 0.1550811 0.1273222 0.1655423 0.2383460 0.1486185 0.1442369 0.1647286 0.2938099 0.1882524 0.1530574 0.1281940 0.1514448 0.2015962 0.2028939 0.2117290 0.1088918 0.1511481 0.1521782 0.0000000 0.1536502 0.1550627 0.1519509 0.1582317 0.1555081 0.1574926 0.1603015 0.4590216 0.5305743 0.4317083 
Phana_JH   0.1679128 0.1040358 0.1136543 0.1266099 0.1010837 0.0936392 0.0932073 0.1079768 0.1162844 0.1609697 0.1232512 0.2345321 0.1047625 0.1036655 0.1633185 0.2915566 0.2169247 0.0988540 0.0845389 0.1015942 0.2301514 0.2290493 0.2367746 0.1308234 0.1593060 0.1083975 0.1536502 0.0000000 0.1085652 0.1068664 0.1163505 0.1148151 0.1171242 0.1182492 0.4722135 0.5358083 0.4381465 
Prot_spe   0.1656380 0.0786823 0.0907789 0.1086435 0.0750789 0.1005653 0.0986209 0.0828618 0.0998074 0.1623949 0.0968844 0.2424358 0.0911802 0.0900913 0.1674162 0.3044147 0.2148801 0.1072309 0.0760835 0.1094528 0.2319614 0.2336888 0.2413931 0.1290912 0.1556453 0.0984254 0.1550627 0.1085652 0.0000000 0.0994575 0.1095491 0.1068962 0.1109964 0.1123235 0.4526936 0.5334907 0.4292736 
Qwaq_sco   0.1693502 0.0994129 0.1160108 0.1283481 0.0968812 0.0980157 0.0965360 0.1024089 0.1099779 0.1615583 0.1184849 0.2425131 0.1019748 0.0968614 0.1654244 0.2926977 0.2120689 0.1059024 0.0844290 0.1061655 0.2281870 0.2285284 0.2370207 0.1308737 0.1564713 0.1042359 0.1519509 0.1068664 0.0994575 0.0000000 0.1102508 0.1090281 0.1117907 0.1134950 0.4622298 0.5359644 0.4381930 
Syne_gif   0.1754542 0.1086165 0.1247933 0.1359408 0.1059567 0.1062689 0.1059165 0.1100878 0.1124374 0.1653764 0.1281077 0.2422384 0.1079488 0.1068490 0.1723792 0.2981679 0.2121987 0.1138920 0.0973758 0.1140411 0.2306067 0.2305088 0.2387510 0.1390658 0.1651123 0.1120553 0.1582317 0.1163505 0.1095491 0.1102508 0.0000000 0.0304227 0.0308434 0.0306522 0.4603452 0.5356155 0.4379590 
Syne_ito   0.1728296 0.1075949 0.1231268 0.1350170 0.1038858 0.1052297 0.1044591 0.1083930 0.1092432 0.1634349 0.1259008 0.2456663 0.1063611 0.1053595 0.1707219 0.2953780 0.2063264 0.1124603 0.0969738 0.1126450 0.2283003 0.2289933 0.2360748 0.1385459 0.1619663 0.1104757 0.1555081 0.1148151 0.1068962 0.1090281 0.0304227 0.0000000 0.0360858 0.0343368 0.4543905 0.5327530 0.4354084 
Syne_jap   0.1739796 0.1093966 0.1264503 0.1364658 0.1062855 0.1073886 0.1068211 0.1116269 0.1137989 0.1640597 0.1281683 0.2452263 0.1086330 0.1080847 0.1718795 0.2951296 0.2132422 0.1144248 0.0989395 0.1141526 0.2281769 0.2283864 0.2363255 0.1410220 0.1650712 0.1133846 0.1574926 0.1171242 0.1109964 0.1117907 0.0308434 0.0360858 0.0000000 0.0131787 0.4552938 0.5283697 0.4364014 
Syne_umb   0.1767515 0.1099543 0.1285368 0.1388970 0.1078901 0.1090654 0.1086177 0.1133149 0.1173135 0.1669454 0.1302374 0.2463551 0.1108409 0.1088734 0.1750261 0.2996367 0.2104423 0.1150578 0.1009548 0.1164794 0.2298690 0.2316223 0.2383649 0.1426305 0.1672536 0.1137278 0.1603015 0.1182492 0.1123235 0.1134950 0.0306522 0.0343368 0.0131787 0.0000000 0.4609735 0.5333645 0.4412546 
Nasoniav   0.4627008 0.4548776 0.4857309 0.4967538 0.4479319 0.4448498 0.4490564 0.4573359 0.4871671 0.4723254 0.4764529 0.4799252 0.4638589 0.4491003 0.4548598 0.5535952 0.4844049 0.4677827 0.4297044 0.4547319 0.5023636 0.5092372 0.5065778 0.4399810 0.4697519 0.4625681 0.4590216 0.4722135 0.4526936 0.4622298 0.4603452 0.4543905 0.4552938 0.4609735 0.0000000 0.5704327 0.4871587 
Micropld   0.5345658 0.5246681 0.5588970 0.5691827 0.5183543 0.5154102 0.5210438 0.5275214 0.5606276 0.5430116 0.5578987 0.5361642 0.5337376 0.5154944 0.5255537 0.6173195 0.5604655 0.5451338 0.4933323 0.5283812 0.5621453 0.5673701 0.5626283 0.5065125 0.5536598 0.5342578 0.5305743 0.5358083 0.5334907 0.5359644 0.5356155 0.5327530 0.5283697 0.5333645 0.5704327 0.0000000 0.5142700 
Orussusa   0.4398277 0.4277480 0.4565710 0.4672675 0.4251512 0.4225276 0.4260691 0.4306212 0.4795321 0.4443567 0.4536258 0.4337708 0.4368377 0.4227653 0.4291216 0.5394801 0.4617998 0.4453058 0.3963244 0.4328306 0.4739428 0.4843930 0.4817517 0.4076214 0.4421053 0.4402030 0.4317083 0.4381465 0.4292736 0.4381930 0.4379590 0.4354084 0.4364014 0.4412546 0.4871587 0.5142700 0.0000000 
