37
Allox_ar   0.0000000 0.2313522 0.2364438 0.2495414 0.2259281 0.2130455 0.2068833 0.2248506 0.2328605 0.1967716 0.2496796 0.3210174 0.2139926 0.2163405 0.2455858 0.3881621 0.2284813 0.2297433 0.1938470 0.2163247 0.2727326 0.2694341 0.2800582 0.1781042 0.2240750 0.2258239 0.1548768 0.2304369 0.2173023 0.2328513 0.2342852 0.2361121 0.2424228 0.2383061 0.6474280 0.5699595 0.6724184 
Andr_cur   0.2313522 0.0000000 0.0678351 0.0855910 0.0577590 0.1422253 0.1344807 0.0759091 0.0660467 0.2314768 0.1144846 0.3303398 0.1257736 0.1274220 0.2495911 0.3829211 0.2429611 0.1564282 0.1124685 0.1428930 0.3063096 0.3026828 0.3105547 0.1925280 0.2166218 0.1359810 0.2119912 0.1510746 0.1084681 0.1532442 0.1589771 0.1590336 0.1651976 0.1633690 0.6762305 0.5852096 0.6933932 
Andr_gro   0.2364438 0.0678351 0.0000000 0.1032843 0.0770211 0.1517917 0.1446059 0.0878136 0.0633217 0.2318792 0.1143100 0.3221481 0.1369826 0.1345695 0.2660834 0.3983465 0.2646819 0.1562146 0.1092468 0.1554341 0.3202265 0.3112737 0.3251706 0.2131110 0.2197847 0.1465586 0.2183567 0.1522847 0.1071966 0.1613006 0.1670327 0.1698279 0.1774963 0.1751001 0.6889426 0.5960917 0.7038696 
Andr_qln   0.2495414 0.0855910 0.1032843 0.0000000 0.0982358 0.1670747 0.1598377 0.0836381 0.0870455 0.2540053 0.1316147 0.3526734 0.1495542 0.1497386 0.2719066 0.4069737 0.2708847 0.1789404 0.1283844 0.1669142 0.3266926 0.3260325 0.3353836 0.2162105 0.2390060 0.1647823 0.2357455 0.1808025 0.1383893 0.1726739 0.1829354 0.1836370 0.1871710 0.1877762 0.7148633 0.6201662 0.7312860 
Andr_qrm   0.2259281 0.0577590 0.0770211 0.0982358 0.0000000 0.1410403 0.1344347 0.0801010 0.0679370 0.2201560 0.1218759 0.3178011 0.1245442 0.1289943 0.2502460 0.3644518 0.2388225 0.1560972 0.1166531 0.1429904 0.2963771 0.2947600 0.3072084 0.1940431 0.2173626 0.1377637 0.2073192 0.1486298 0.1120382 0.1539672 0.1593479 0.1618794 0.1675976 0.1638466 0.6631527 0.5829282 0.6930573 
Aula_tav   0.2130455 0.1422253 0.1517917 0.1670747 0.1410403 0.0000000 0.0485871 0.1242966 0.1376043 0.1867606 0.1575264 0.3105763 0.1295064 0.1300768 0.2094283 0.3608013 0.2185521 0.0609281 0.1188923 0.0412254 0.2612435 0.2732217 0.2710808 0.1552473 0.1950946 0.1366042 0.1917226 0.1270482 0.1294707 0.1224852 0.1358416 0.1312012 0.1555610 0.1351535 0.6237984 0.5370918 0.6403969 
Aylax_hy   0.2068833 0.1344807 0.1446059 0.1598377 0.1344347 0.0485871 0.0000000 0.1220664 0.1261100 0.1872119 0.1517689 0.3004377 0.1225931 0.1218568 0.2086480 0.3524706 0.2194530 0.0574732 0.1075159 0.0517759 0.2620389 0.2705987 0.2724339 0.1520028 0.1842199 0.1295605 0.1845929 0.1189909 0.1194322 0.1189354 0.1328954 0.1286470 0.1471432 0.1338213 0.6237058 0.5376450 0.6424095 
Beloc_tr   0.2248506 0.0759091 0.0878136 0.0836381 0.0801010 0.1242966 0.1220664 0.0000000 0.0596988 0.2008657 0.1277550 0.3189157 0.1274147 0.1273627 0.2273404 0.3768012 0.2241036 0.1350163 0.1190922 0.1259541 0.2792327 0.2884375 0.2852858 0.1745271 0.2115247 0.1390673 0.2032790 0.1505821 0.1111127 0.1358968 0.1468219 0.1399240 0.1653392 0.1464303 0.6376854 0.5396041 0.6388166 
Bior_pal   0.2328605 0.0660467 0.0633217 0.0870455 0.0679370 0.1376043 0.1261100 0.0596988 0.0000000 0.2372415 0.1222863 0.3413372 0.1208810 0.1232215 0.2497112 0.3784891 0.2609036 0.1437963 0.1116014 0.1393360 0.3171143 0.2982225 0.3275157 0.2014459 0.2101291 0.1317897 0.1994237 0.1350818 0.0994684 0.1476021 0.1521802 0.1548646 0.1690499 0.1616499 0.7583168 0.6428670 0.7715437 
Callas_no  0.1967716 0.2314768 0.2318792 0.2540053 0.2201560 0.1867606 0.1872119 0.2008657 0.2372415 0.0000000 0.2415342 0.3083082 0.2094312 0.2085928 0.2208648 0.3889737 0.2101170 0.1978621 0.1889229 0.1871579 0.2505106 0.2595335 0.2590845 0.1428373 0.2105672 0.2166142 0.1675801 0.2213331 0.2046018 0.2108860 0.2145228 0.2066998 0.2332969 0.2132197 0.6339975 0.5514417 0.6592844 
Calli_sp   0.2496796 0.1144846 0.1143100 0.1316147 0.1218759 0.1575264 0.1517689 0.1277550 0.1222863 0.2415342 0.0000000 0.3543853 0.1437407 0.1456586 0.2707809 0.4083543 0.2530967 0.1729715 0.1240817 0.1569259 0.3208869 0.3187105 0.3287678 0.2060347 0.2321659 0.1599686 0.2227527 0.1686216 0.1287538 0.1724984 0.1787317 0.1793322 0.1744802 0.1834396 0.7046264 0.6119341 0.7315916 
Cecin_ib   0.3210174 0.3303398 0.3221481 0.3526734 0.3178011 0.3105763 0.3004377 0.3189157 0.3413372 0.3083082 0.3543853 0.0000000 0.3061313 0.3028856 0.3198380 0.4747191 0.3030841 0.3208385 0.2691541 0.3036957 0.3789125 0.3738627 0.3808824 0.2820484 0.2961674 0.3056672 0.3042091 0.3219759 0.3109597 0.3222221 0.3168970 0.3257365 0.3350246 0.3264376 0.6573489 0.5373887 0.6465864 
Cerop_ma   0.2139926 0.1257736 0.1369826 0.1495542 0.1245442 0.1295064 0.1225931 0.1274147 0.1208810 0.2094312 0.1437407 0.3061313 0.0000000 0.1143467 0.2311816 0.3675497 0.2302744 0.1408373 0.0977065 0.1327934 0.2877256 0.2809170 0.2926206 0.1817410 0.1959030 0.1208751 0.1941351 0.1365350 0.1083751 0.1424055 0.1458339 0.1460311 0.1546286 0.1520339 0.6502383 0.5639383 0.6623226 
Diast_ki   0.2163405 0.1274220 0.1345695 0.1497386 0.1289943 0.1300768 0.1218568 0.1273627 0.1232215 0.2085928 0.1456586 0.3028856 0.1143467 0.0000000 0.2331625 0.3570239 0.2246469 0.1405237 0.1008732 0.1293851 0.2796555 0.2757014 0.2898572 0.1808037 0.1964135 0.0681468 0.1915406 0.1359054 0.1101047 0.1382557 0.1439379 0.1456297 0.1534212 0.1507034 0.6508751 0.5551108 0.6528426 
Dipl_spi   0.2455858 0.2495911 0.2660834 0.2719066 0.2502460 0.2094283 0.2086480 0.2273404 0.2497112 0.2208648 0.2707809 0.3198380 0.2311816 0.2331625 0.0000000 0.4066350 0.2538535 0.2231968 0.2112591 0.2082933 0.2963972 0.3083127 0.3081468 0.1872792 0.2007074 0.2414233 0.2262640 0.2452585 0.2361153 0.2281497 0.2360262 0.2313223 0.2605304 0.2389741 0.6412570 0.5522286 0.6648839 
Escha_ac   0.3881621 0.3829211 0.3983465 0.4069737 0.3644518 0.3608013 0.3524706 0.3768012 0.3784891 0.3889737 0.4083543 0.4747191 0.3675497 0.3570239 0.4066350 0.0000000 0.3471978 0.3873670 0.3343662 0.3534106 0.4330931 0.4331506 0.4346746 0.3568385 0.3776603 0.3766426 0.3776790 0.3900008 0.3698472 0.3827026 0.3756369 0.3804006 0.3891085 0.3856912 0.7650789 0.6984299 0.7855975 
Gana_sp1   0.2284813 0.2429611 0.2646819 0.2708847 0.2388225 0.2185521 0.2194530 0.2241036 0.2609036 0.2101170 0.2530967 0.3030841 0.2302744 0.2246469 0.2538535 0.3471978 0.0000000 0.2397380 0.1940359 0.2168853 0.1834976 0.1919816 0.1926674 0.2062607 0.2354731 0.2472277 0.2202185 0.2457105 0.2292096 0.2348933 0.2386106 0.2325429 0.2536756 0.2325797 0.5550889 0.5067156 0.5921625 
Hedic_le   0.2297433 0.1564282 0.1562146 0.1789404 0.1560972 0.0609281 0.0574732 0.1350163 0.1437963 0.1978621 0.1729715 0.3208385 0.1408373 0.1405237 0.2231968 0.3873670 0.2397380 0.0000000 0.1264756 0.0644092 0.2814425 0.2865766 0.2921067 0.1703656 0.2047883 0.1487222 0.2036763 0.1298595 0.1373155 0.1353399 0.1474195 0.1421193 0.1691210 0.1486688 0.6817785 0.5778057 0.6871977 
Irae_his   0.1938470 0.1124685 0.1092468 0.1283844 0.1166531 0.1188923 0.1075159 0.1190922 0.1116014 0.1889229 0.1240817 0.2691541 0.0977065 0.1008732 0.2112591 0.3343662 0.1940359 0.1264756 0.0000000 0.1196021 0.2647001 0.2513751 0.2709271 0.1646758 0.1741369 0.1070633 0.1722021 0.1210399 0.0962431 0.1294555 0.1313487 0.1334426 0.1426626 0.1396428 0.6042490 0.5028381 0.6117888 
Isoc_cen   0.2163247 0.1428930 0.1554341 0.1669142 0.1429904 0.0412254 0.0517759 0.1259541 0.1393360 0.1871579 0.1569259 0.3036957 0.1327934 0.1293851 0.2082933 0.3534106 0.2168853 0.0644092 0.1196021 0.0000000 0.2599040 0.2693233 0.2677407 0.1555008 0.1971293 0.1378585 0.1887784 0.1288519 0.1303013 0.1251225 0.1373076 0.1323589 0.1552798 0.1362473 0.6126132 0.5249928 0.6273236 
Lepto_bo   0.2727326 0.3063096 0.3202265 0.3266926 0.2963771 0.2612435 0.2620389 0.2792327 0.3171143 0.2505106 0.3208869 0.3789125 0.2877256 0.2796555 0.2963972 0.4330931 0.1834976 0.2814425 0.2647001 0.2599040 0.0000000 0.1194554 0.1201499 0.2351504 0.2936072 0.2987346 0.2528547 0.3013135 0.2858562 0.2872951 0.2876107 0.2823170 0.3067050 0.2854745 0.6675242 0.5765102 0.6771852 
Lepto_cl   0.2694341 0.3026828 0.3112737 0.3260325 0.2947600 0.2732217 0.2705987 0.2884375 0.2982225 0.2595335 0.3187105 0.3738627 0.2809170 0.2757014 0.3083127 0.4331506 0.1919816 0.2865766 0.2513751 0.2693233 0.1194554 0.0000000 0.0995329 0.2463719 0.2860271 0.2921507 0.2495511 0.2890086 0.2794692 0.2986929 0.2972519 0.2932670 0.3043712 0.2975528 0.6974881 0.6011638 0.7023382 
Lepto_he   0.2800582 0.3105547 0.3251706 0.3353836 0.3072084 0.2710808 0.2724339 0.2852858 0.3275157 0.2590845 0.3287678 0.3808824 0.2926206 0.2898572 0.3081468 0.4346746 0.1926674 0.2921067 0.2709271 0.2677407 0.1201499 0.0995329 0.0000000 0.2465111 0.3027616 0.3034931 0.2657219 0.3095581 0.2940400 0.2929843 0.2970654 0.2906993 0.3128382 0.2936512 0.6714665 0.5882891 0.6836820 
Parn_nig   0.1781042 0.1925280 0.2131110 0.2162105 0.1940431 0.1552473 0.1520028 0.1745271 0.2014459 0.1428373 0.2060347 0.2820484 0.1817410 0.1808037 0.1872792 0.3568385 0.2062607 0.1703656 0.1646758 0.1555008 0.2351504 0.2463719 0.2465111 0.0000000 0.1787066 0.1893889 0.1502781 0.1833300 0.1790506 0.1735833 0.1842826 0.1807975 0.2045249 0.1833311 0.6113355 0.5181041 0.6305136 
Pedia_ac   0.2240750 0.2166218 0.2197847 0.2390060 0.2173626 0.1950946 0.1842199 0.2115247 0.2101291 0.2105672 0.2321659 0.2961674 0.1959030 0.1964135 0.2007074 0.3776603 0.2354731 0.2047883 0.1741369 0.1971293 0.2936072 0.2860271 0.3027616 0.1787066 0.0000000 0.2059199 0.2001125 0.2068414 0.1884812 0.2082752 0.2139395 0.2168037 0.2242020 0.2195575 0.6510373 0.5598342 0.6725049 
Peric_JH   0.2258239 0.1359810 0.1465586 0.1647823 0.1377637 0.1366042 0.1295605 0.1390673 0.1317897 0.2166142 0.1599686 0.3056672 0.1208751 0.0681468 0.2414233 0.3766426 0.2472277 0.1487222 0.1070633 0.1378585 0.2987346 0.2921507 0.3034931 0.1893889 0.2059199 0.0000000 0.2049266 0.1445559 0.1222439 0.1496336 0.1521407 0.1541012 0.1591963 0.1564616 0.6612691 0.5692497 0.6785979 
Phaen_vi   0.1548768 0.2119912 0.2183567 0.2357455 0.2073192 0.1917226 0.1845929 0.2032790 0.1994237 0.1675801 0.2227527 0.3042091 0.1941351 0.1915406 0.2262640 0.3776790 0.2202185 0.2036763 0.1722021 0.1887784 0.2528547 0.2495511 0.2657219 0.1502781 0.2001125 0.2049266 0.0000000 0.2029989 0.1911632 0.2105960 0.2107537 0.2141344 0.2198517 0.2163977 0.6452628 0.5569531 0.6636343 
Phana_JH   0.2304369 0.1510746 0.1522847 0.1808025 0.1486298 0.1270482 0.1189909 0.1505821 0.1350818 0.2213331 0.1686216 0.3219759 0.1365350 0.1359054 0.2452585 0.3900008 0.2457105 0.1298595 0.1210399 0.1288519 0.3013135 0.2890086 0.3095581 0.1833300 0.2068414 0.1445559 0.2029989 0.0000000 0.1353322 0.1544959 0.1555501 0.1596794 0.1674776 0.1648532 0.7083842 0.5995486 0.7084967 
Prot_spe   0.2173023 0.1084681 0.1071966 0.1383893 0.1120382 0.1294707 0.1194322 0.1111127 0.0994684 0.2046018 0.1287538 0.3109597 0.1083751 0.1101047 0.2361153 0.3698472 0.2292096 0.1373155 0.0962431 0.1303013 0.2858562 0.2794692 0.2940400 0.1790506 0.1884812 0.1222439 0.1911632 0.1353322 0.0000000 0.1382244 0.1443598 0.1442950 0.1536324 0.1508606 0.6546202 0.5655845 0.6703283 
Qwaq_sco   0.2328513 0.1532442 0.1613006 0.1726739 0.1539672 0.1224852 0.1189354 0.1358968 0.1476021 0.2108860 0.1724984 0.3222221 0.1424055 0.1382557 0.2281497 0.3827026 0.2348933 0.1353399 0.1294555 0.1251225 0.2872951 0.2986929 0.2929843 0.1735833 0.2082752 0.1496336 0.2105960 0.1544959 0.1382244 0.0000000 0.1439056 0.1393248 0.1531611 0.1455311 0.6556582 0.5677338 0.6690260 
Syne_gif   0.2342852 0.1589771 0.1670327 0.1829354 0.1593479 0.1358416 0.1328954 0.1468219 0.1521802 0.2145228 0.1787317 0.3168970 0.1458339 0.1439379 0.2360262 0.3756369 0.2386106 0.1474195 0.1313487 0.1373076 0.2876107 0.2972519 0.2970654 0.1842826 0.2139395 0.1521407 0.2107537 0.1555501 0.1443598 0.1439056 0.0000000 0.0353586 0.0479999 0.0365798 0.6399444 0.5550210 0.6551973 
Syne_ito   0.2361121 0.1590336 0.1698279 0.1836370 0.1618794 0.1312012 0.1286470 0.1399240 0.1548646 0.2066998 0.1793322 0.3257365 0.1460311 0.1456297 0.2313223 0.3804006 0.2325429 0.1421193 0.1334426 0.1323589 0.2823170 0.2932670 0.2906993 0.1807975 0.2168037 0.1541012 0.2141344 0.1596794 0.1442950 0.1393248 0.0353586 0.0000000 0.0570290 0.0402206 0.6311121 0.5523301 0.6473288 
Syne_jap   0.2424228 0.1651976 0.1774963 0.1871710 0.1675976 0.1555610 0.1471432 0.1653392 0.1690499 0.2332969 0.1744802 0.3350246 0.1546286 0.1534212 0.2605304 0.3891085 0.2536756 0.1691210 0.1426626 0.1552798 0.3067050 0.3043712 0.3128382 0.2045249 0.2242020 0.1591963 0.2198517 0.1674776 0.1536324 0.1531611 0.0479999 0.0570290 0.0000000 0.0269890 0.6734952 0.5838166 0.6828208 
Syne_umb   0.2383061 0.1633690 0.1751001 0.1877762 0.1638466 0.1351535 0.1338213 0.1464303 0.1616499 0.2132197 0.1834396 0.3264376 0.1520339 0.1507034 0.2389741 0.3856912 0.2325797 0.1486688 0.1396428 0.1362473 0.2854745 0.2975528 0.2936512 0.1833311 0.2195575 0.1564616 0.2163977 0.1648532 0.1508606 0.1455311 0.0365798 0.0402206 0.0269890 0.0000000 0.6417820 0.5573328 0.6521410 
Nasoniav   0.6474280 0.6762305 0.6889426 0.7148633 0.6631527 0.6237984 0.6237058 0.6376854 0.7583168 0.6339975 0.7046264 0.6573489 0.6502383 0.6508751 0.6412570 0.7650789 0.5550889 0.6817785 0.6042490 0.6126132 0.6675242 0.6974881 0.6714665 0.6113355 0.6510373 0.6612691 0.6452628 0.7083842 0.6546202 0.6556582 0.6399444 0.6311121 0.6734952 0.6417820 0.0000000 0.6491582 0.7268465 
Orussusa   0.5699595 0.5852096 0.5960917 0.6201662 0.5829282 0.5370918 0.5376450 0.5396041 0.6428670 0.5514417 0.6119341 0.5373887 0.5639383 0.5551108 0.5522286 0.6984299 0.5067156 0.5778057 0.5028381 0.5249928 0.5765102 0.6011638 0.5882891 0.5181041 0.5598342 0.5692497 0.5569531 0.5995486 0.5655845 0.5677338 0.5550210 0.5523301 0.5838166 0.5573328 0.6491582 0.0000000 0.6179604 
Micropld   0.6724184 0.6933932 0.7038696 0.7312860 0.6930573 0.6403969 0.6424095 0.6388166 0.7715437 0.6592844 0.7315916 0.6465864 0.6623226 0.6528426 0.6648839 0.7855975 0.5921625 0.6871977 0.6117888 0.6273236 0.6771852 0.7023382 0.6836820 0.6305136 0.6725049 0.6785979 0.6636343 0.7084967 0.6703283 0.6690260 0.6551973 0.6473288 0.6828208 0.6521410 0.7268465 0.6179604 0.0000000 
