37
Allox_ar   0.0000000 0.2849231 0.3077037 0.3173414 0.2988451 0.2936037 0.3008742 0.3346352 0.2967895 0.2733329 0.3410156 0.4035902 0.3074501 0.3113390 0.3430411 0.4191396 0.2745568 0.3137042 0.2984037 0.3150599 0.3327945 0.3290155 0.3368312 0.2605032 0.3059672 0.3132277 0.1972706 0.2947151 0.3207312 0.3243116 0.3134003 0.3112394 0.3352946 0.3354585 0.4978564 0.4393910 0.4449029 
Andr_cur   0.2849231 0.0000000 0.0676076 0.0948677 0.0472255 0.1979794 0.1989109 0.1065410 0.0920055 0.3242737 0.1657106 0.3697451 0.1776231 0.1808856 0.3337951 0.3875697 0.2753964 0.2174896 0.1912808 0.2174781 0.3580979 0.3491542 0.3565738 0.2908253 0.2820395 0.1884855 0.2752412 0.1903611 0.1572535 0.2303576 0.2173215 0.2178195 0.2283318 0.2341305 0.4820206 0.4231404 0.4296418 
Andr_gro   0.3077037 0.0676076 0.0000000 0.0997424 0.0779996 0.2117546 0.2174909 0.1225104 0.0867572 0.3373064 0.1840123 0.3905015 0.1881379 0.2000559 0.3521553 0.4026339 0.3017376 0.2391447 0.1880196 0.2293365 0.3887424 0.3790387 0.3831110 0.3146882 0.3028978 0.2033147 0.2873178 0.2098430 0.1706349 0.2426545 0.2433689 0.2410828 0.2546521 0.2636691 0.5094672 0.4594802 0.4716401 
Andr_qln   0.3173414 0.0948677 0.0997424 0.0000000 0.1039735 0.2293425 0.2243184 0.1026763 0.0951041 0.3329492 0.1878702 0.3705322 0.1994636 0.2092651 0.3387768 0.3966128 0.3324871 0.2446166 0.2098085 0.2398184 0.3907934 0.3750672 0.3754683 0.2983290 0.2898056 0.2191604 0.2980944 0.2326877 0.1785764 0.2512613 0.2407504 0.2405004 0.2474803 0.2517571 0.5016382 0.4432484 0.4693531 
Andr_qrm   0.2988451 0.0472255 0.0779996 0.1039735 0.0000000 0.2071435 0.2113589 0.1127784 0.0885391 0.3333076 0.1687420 0.3453200 0.1841832 0.1932108 0.3469329 0.3674074 0.3034052 0.2259859 0.1775453 0.2287845 0.3643135 0.3323649 0.3613894 0.3038793 0.2674159 0.2014643 0.2773603 0.1793521 0.1739471 0.2393696 0.2315428 0.2308961 0.2425679 0.2454072 0.4815235 0.4228107 0.4314341 
Aula_tav   0.2936037 0.1979794 0.2117546 0.2293425 0.2071435 0.0000000 0.0886671 0.2137683 0.2199586 0.2876186 0.2409348 0.3794827 0.2096300 0.2114962 0.3001164 0.4058724 0.3007375 0.0997136 0.2116853 0.0753699 0.3387167 0.3623632 0.3377859 0.2588379 0.2939974 0.2172434 0.2824246 0.2007680 0.2224332 0.1993100 0.2071122 0.1942669 0.2362608 0.2094585 0.4766157 0.4204334 0.4324034 
Aylax_hy   0.3008742 0.1989109 0.2174909 0.2243184 0.2113589 0.0886671 0.0000000 0.2204819 0.2190786 0.2933392 0.2427791 0.3710733 0.2048826 0.2099127 0.3031126 0.3868899 0.3059053 0.1017008 0.2149534 0.1022050 0.3421942 0.3661712 0.3357925 0.2583973 0.2843893 0.2129061 0.2848188 0.1992429 0.2085486 0.2104810 0.2116714 0.2006803 0.2316420 0.2167793 0.4633366 0.4245242 0.4371644 
Beloc_tr   0.3346352 0.1065410 0.1225104 0.1026763 0.1127784 0.2137683 0.2204819 0.0000000 0.1170754 0.3326948 0.2068947 0.4156300 0.2238877 0.2264885 0.3432930 0.4325397 0.3098379 0.2241651 0.2468346 0.2269962 0.3596606 0.3962610 0.3596701 0.3004757 0.3335117 0.2438757 0.3300601 0.2394517 0.2127296 0.2347204 0.2364990 0.2265596 0.2740500 0.2463377 0.4790135 0.4337774 0.4308530 
Bior_pal   0.2967895 0.0920055 0.0867572 0.0951041 0.0885391 0.2199586 0.2190786 0.1170754 0.0000000 0.3465943 0.1863795 0.3484928 0.1912988 0.2040630 0.3517182 0.3579787 0.3069756 0.2517611 0.1792626 0.2426640 0.3777350 0.3272246 0.3591837 0.3214530 0.2718943 0.2066977 0.2884202 0.1960533 0.1793720 0.2694620 0.2555732 0.2694084 0.2493698 0.2720874 0.4850250 0.4335841 0.4516303 
Callas_no  0.2733329 0.3242737 0.3373064 0.3329492 0.3333076 0.2876186 0.2933392 0.3326948 0.3465943 0.0000000 0.3702325 0.3910960 0.3235324 0.3273198 0.3101946 0.4344281 0.3063283 0.3016115 0.3188289 0.3009233 0.3250268 0.3443328 0.3282619 0.2167273 0.3088819 0.3346801 0.2396800 0.3241534 0.3303986 0.3155006 0.3167874 0.3065811 0.3539028 0.3253543 0.4997182 0.4171473 0.4401129 
Calli_sp   0.3410156 0.1657106 0.1840123 0.1878702 0.1687420 0.2409348 0.2427791 0.2068947 0.1863795 0.3702325 0.0000000 0.4088661 0.2108418 0.2149333 0.3698344 0.4357615 0.3328644 0.2520762 0.2315210 0.2479904 0.3980248 0.3891411 0.4045787 0.3294183 0.3154534 0.2360784 0.3161579 0.2338008 0.1953750 0.2531138 0.2450472 0.2509464 0.2627730 0.2694918 0.5161108 0.4600191 0.4618012 
Cecin_ib   0.4035902 0.3697451 0.3905015 0.3705322 0.3453200 0.3794827 0.3710733 0.4156300 0.3484928 0.3910960 0.4088661 0.0000000 0.3620109 0.3713378 0.4006380 0.4377030 0.4048892 0.3995771 0.3315865 0.3947238 0.4605528 0.3986865 0.4498870 0.3674786 0.3220494 0.3884477 0.3669647 0.3317330 0.3753224 0.3987238 0.3821098 0.3914113 0.4026552 0.4112595 0.4980976 0.4226206 0.4539745 
Cerop_ma   0.3074501 0.1776231 0.1881379 0.1994636 0.1841832 0.2096300 0.2048826 0.2238877 0.1912988 0.3235324 0.2108418 0.3620109 0.0000000 0.1816654 0.3259891 0.3995851 0.3247473 0.2294065 0.1802260 0.2213446 0.3814408 0.3649078 0.3739015 0.2910622 0.2777019 0.1919052 0.2754012 0.2105919 0.1755634 0.2355674 0.2201048 0.2206061 0.2287334 0.2358557 0.5214577 0.4599373 0.4759019 
Diast_ki   0.3113390 0.1808856 0.2000559 0.2092651 0.1932108 0.2114962 0.2099127 0.2264885 0.2040630 0.3273198 0.2149333 0.3713378 0.1816654 0.0000000 0.3376953 0.3972876 0.3176629 0.2213282 0.1916119 0.2172148 0.3737149 0.3599656 0.3752182 0.2876518 0.2866420 0.1120128 0.2805423 0.1994864 0.1820505 0.2287855 0.2153534 0.2155337 0.2251034 0.2298011 0.5055445 0.4372249 0.4435037 
Dipl_spi   0.3430411 0.3337951 0.3521553 0.3387768 0.3469329 0.3001164 0.3031126 0.3432930 0.3517182 0.3101946 0.3698344 0.4006380 0.3259891 0.3376953 0.0000000 0.4423038 0.3400092 0.3146028 0.3391001 0.3045142 0.3765416 0.4034834 0.3707594 0.2701789 0.2634020 0.3520092 0.3126075 0.3428957 0.3384299 0.3144639 0.3183514 0.3094625 0.3583378 0.3300210 0.5069287 0.4393613 0.4586791 
Escha_ac   0.4191396 0.3875697 0.4026339 0.3966128 0.3674074 0.4058724 0.3868899 0.4325397 0.3579787 0.4344281 0.4357615 0.4377030 0.3995851 0.3972876 0.4423038 0.0000000 0.3941238 0.4093653 0.3690909 0.4184912 0.4657530 0.4214432 0.4556497 0.4109480 0.3626808 0.4144457 0.4052270 0.3356447 0.3876199 0.4356077 0.4047173 0.4134942 0.4243616 0.4387457 0.5606679 0.5246399 0.5255918 
Gana_sp1   0.2745568 0.2753964 0.3017376 0.3324871 0.3034052 0.3007375 0.3059053 0.3098379 0.3069756 0.3063283 0.3328644 0.4048892 0.3247473 0.3176629 0.3400092 0.3941238 0.0000000 0.3055953 0.3161310 0.3148129 0.2197886 0.2255311 0.2211206 0.2799393 0.3247727 0.3301576 0.2739014 0.2902821 0.3185465 0.3240753 0.3239811 0.3093018 0.3337412 0.3212541 0.5019546 0.4275490 0.4308517 
Hedic_le   0.3137042 0.2174896 0.2391447 0.2446166 0.2259859 0.0997136 0.1017008 0.2241651 0.2517611 0.3016115 0.2520762 0.3995771 0.2294065 0.2213282 0.3146028 0.4093653 0.3055953 0.0000000 0.2367719 0.1091685 0.3487791 0.3739765 0.3467504 0.2722315 0.3048529 0.2381425 0.3082181 0.2114151 0.2360895 0.2163764 0.2164419 0.2076275 0.2475826 0.2198664 0.4692754 0.4118757 0.4348476 
Irae_his   0.2984037 0.1912808 0.1880196 0.2098085 0.1775453 0.2116853 0.2149534 0.2468346 0.1792626 0.3188289 0.2315210 0.3315865 0.1802260 0.1916119 0.3391001 0.3690909 0.3161310 0.2367719 0.0000000 0.2210031 0.3830946 0.3286161 0.3710348 0.3015863 0.2611771 0.1879859 0.2825207 0.2009248 0.1830148 0.2394087 0.2349723 0.2399877 0.2376253 0.2551908 0.4951047 0.4400532 0.4762671 
Isoc_cen   0.3150599 0.2174781 0.2293365 0.2398184 0.2287845 0.0753699 0.1022050 0.2269962 0.2426640 0.3009233 0.2479904 0.3947238 0.2213446 0.2172148 0.3045142 0.4184912 0.3148129 0.1091685 0.2210031 0.0000000 0.3544512 0.3794922 0.3506121 0.2674018 0.3039349 0.2329231 0.2956135 0.2177581 0.2353813 0.2013221 0.2140598 0.2045813 0.2407836 0.2147336 0.4927618 0.4183465 0.4478524 
Lepto_bo   0.3327945 0.3580979 0.3887424 0.3907934 0.3643135 0.3387167 0.3421942 0.3596606 0.3777350 0.3250268 0.3980248 0.4605528 0.3814408 0.3737149 0.3765416 0.4657530 0.2197886 0.3487791 0.3830946 0.3544512 0.0000000 0.1456896 0.1454958 0.3165353 0.3763680 0.3895973 0.3245593 0.3430422 0.3945563 0.3687207 0.3568916 0.3365925 0.3941339 0.3568588 0.4967952 0.4393868 0.4579525 
Lepto_cl   0.3290155 0.3491542 0.3790387 0.3750672 0.3323649 0.3623632 0.3661712 0.3962610 0.3272246 0.3443328 0.3891411 0.3986865 0.3649078 0.3599656 0.4034834 0.4214432 0.2255311 0.3739765 0.3286161 0.3794922 0.1456896 0.0000000 0.1249324 0.3412047 0.3405776 0.3755677 0.3078406 0.3068392 0.3678060 0.3861190 0.3715445 0.3679308 0.3805803 0.3877746 0.5195997 0.4606893 0.4792486 
Lepto_he   0.3368312 0.3565738 0.3831110 0.3754683 0.3613894 0.3377859 0.3357925 0.3596701 0.3591837 0.3282619 0.4045787 0.4498870 0.3739015 0.3752182 0.3707594 0.4556497 0.2211206 0.3467504 0.3710348 0.3506121 0.1454958 0.1249324 0.0000000 0.3141187 0.3700401 0.3798244 0.3221226 0.3382257 0.3788903 0.3594160 0.3539486 0.3369781 0.3907190 0.3605785 0.4986555 0.4514450 0.4646515 
Parn_nig   0.2605032 0.2908253 0.3146882 0.2983290 0.3038793 0.2588379 0.2583973 0.3004757 0.3214530 0.2167273 0.3294183 0.3674786 0.2910622 0.2876518 0.2701789 0.4109480 0.2799393 0.2722315 0.3015863 0.2674018 0.3165353 0.3412047 0.3141187 0.0000000 0.2648024 0.3067245 0.2286531 0.2818399 0.3004110 0.2786676 0.2792253 0.2708254 0.3170429 0.2866479 0.4671433 0.4112912 0.4408270 
Pedia_ac   0.3059672 0.2820395 0.3028978 0.2898056 0.2674159 0.2939974 0.2843893 0.3335117 0.2718943 0.3088819 0.3154534 0.3220494 0.2777019 0.2866420 0.2634020 0.3626808 0.3247727 0.3048529 0.2611771 0.3039349 0.3763680 0.3405776 0.3700401 0.2648024 0.0000000 0.3023610 0.2656037 0.2599095 0.2764645 0.3140873 0.2992314 0.2983900 0.3126331 0.3164166 0.4927503 0.4444729 0.4645123 
Peric_JH   0.3132277 0.1884855 0.2033147 0.2191604 0.2014643 0.2172434 0.2129061 0.2438757 0.2066977 0.3346801 0.2360784 0.3884477 0.1919052 0.1120128 0.3520092 0.4144457 0.3301576 0.2381425 0.1879859 0.2329231 0.3895973 0.3755677 0.3798244 0.3067245 0.3023610 0.0000000 0.2850921 0.2125521 0.1945135 0.2453473 0.2307695 0.2322223 0.2407604 0.2485783 0.5141748 0.4484491 0.4720491 
Phaen_vi   0.1972706 0.2752412 0.2873178 0.2980944 0.2773603 0.2824246 0.2848188 0.3300601 0.2884202 0.2396800 0.3161579 0.3669647 0.2754012 0.2805423 0.3126075 0.4052270 0.2739014 0.3082181 0.2825207 0.2956135 0.3245593 0.3078406 0.3221226 0.2286531 0.2656037 0.2850921 0.0000000 0.2944191 0.2898067 0.3083358 0.2990345 0.3009678 0.3086061 0.3156098 0.5123855 0.4402385 0.4610815 
Phana_JH   0.2947151 0.1903611 0.2098430 0.2326877 0.1793521 0.2007680 0.1992429 0.2394517 0.1960533 0.3241534 0.2338008 0.3317330 0.2105919 0.1994864 0.3428957 0.3356447 0.2902821 0.2114151 0.2009248 0.2177581 0.3430422 0.3068392 0.3382257 0.2818399 0.2599095 0.2125521 0.2944191 0.0000000 0.2160386 0.2400737 0.2290323 0.2421740 0.2388950 0.2485932 0.4799529 0.4079770 0.4287642 
Prot_spe   0.3207312 0.1572535 0.1706349 0.1785764 0.1739471 0.2224332 0.2085486 0.2127296 0.1793720 0.3303986 0.1953750 0.3753224 0.1755634 0.1820505 0.3384299 0.3876199 0.3185465 0.2360895 0.1830148 0.2353813 0.3945563 0.3678060 0.3788903 0.3004110 0.2764645 0.1945135 0.2898067 0.2160386 0.0000000 0.2359302 0.2303982 0.2340781 0.2312544 0.2434200 0.5283590 0.4727900 0.4938210 
Qwaq_sco   0.3243116 0.2303576 0.2426545 0.2512613 0.2393696 0.1993100 0.2104810 0.2347204 0.2694620 0.3155006 0.2531138 0.3987238 0.2355674 0.2287855 0.3144639 0.4356077 0.3240753 0.2163764 0.2394087 0.2013221 0.3687207 0.3861190 0.3594160 0.2786676 0.3140873 0.2453473 0.3083358 0.2400737 0.2359302 0.0000000 0.2203669 0.2124940 0.2458465 0.2236662 0.5175469 0.4411796 0.4584253 
Syne_gif   0.3134003 0.2173215 0.2433689 0.2407504 0.2315428 0.2071122 0.2116714 0.2364990 0.2555732 0.3167874 0.2450472 0.3821098 0.2201048 0.2153534 0.3183514 0.4047173 0.3239811 0.2164419 0.2349723 0.2140598 0.3568916 0.3715445 0.3539486 0.2792253 0.2992314 0.2307695 0.2990345 0.2290323 0.2303982 0.2203669 0.0000000 0.0528334 0.0653923 0.0565614 0.4864576 0.4163672 0.4382568 
Syne_ito   0.3112394 0.2178195 0.2410828 0.2405004 0.2308961 0.1942669 0.2006803 0.2265596 0.2694084 0.3065811 0.2509464 0.3914113 0.2206061 0.2155337 0.3094625 0.4134942 0.3093018 0.2076275 0.2399877 0.2045813 0.3365925 0.3679308 0.3369781 0.2708254 0.2983900 0.2322223 0.3009678 0.2421740 0.2340781 0.2124940 0.0528334 0.0000000 0.0800340 0.0618444 0.4754355 0.4112305 0.4261547 
Syne_jap   0.3352946 0.2283318 0.2546521 0.2474803 0.2425679 0.2362608 0.2316420 0.2740500 0.2493698 0.3539028 0.2627730 0.4026552 0.2287334 0.2251034 0.3583378 0.4243616 0.3337412 0.2475826 0.2376253 0.2407836 0.3941339 0.3805803 0.3907190 0.3170429 0.3126331 0.2407604 0.3086061 0.2388950 0.2312544 0.2458465 0.0653923 0.0800340 0.0000000 0.0428555 0.5087502 0.4434610 0.4654119 
Syne_umb   0.3354585 0.2341305 0.2636691 0.2517571 0.2454072 0.2094585 0.2167793 0.2463377 0.2720874 0.3253543 0.2694918 0.4112595 0.2358557 0.2298011 0.3300210 0.4387457 0.3212541 0.2198664 0.2551908 0.2147336 0.3568588 0.3877746 0.3605785 0.2866479 0.3164166 0.2485783 0.3156098 0.2485932 0.2434200 0.2236662 0.0565614 0.0618444 0.0428555 0.0000000 0.4880676 0.4304441 0.4388497 
Nasoniav   0.4978564 0.4820206 0.5094672 0.5016382 0.4815235 0.4766157 0.4633366 0.4790135 0.4850250 0.4997182 0.5161108 0.4980976 0.5214577 0.5055445 0.5069287 0.5606679 0.5019546 0.4692754 0.4951047 0.4927618 0.4967952 0.5195997 0.4986555 0.4671433 0.4927503 0.5141748 0.5123855 0.4799529 0.5283590 0.5175469 0.4864576 0.4754355 0.5087502 0.4880676 0.0000000 0.4420752 0.4671757 
Orussusa   0.4393910 0.4231404 0.4594802 0.4432484 0.4228107 0.4204334 0.4245242 0.4337774 0.4335841 0.4171473 0.4600191 0.4226206 0.4599373 0.4372249 0.4393613 0.5246399 0.4275490 0.4118757 0.4400532 0.4183465 0.4393868 0.4606893 0.4514450 0.4112912 0.4444729 0.4484491 0.4402385 0.4079770 0.4727900 0.4411796 0.4163672 0.4112305 0.4434610 0.4304441 0.4420752 0.0000000 0.3831922 
Micropld   0.4449029 0.4296418 0.4716401 0.4693531 0.4314341 0.4324034 0.4371644 0.4308530 0.4516303 0.4401129 0.4618012 0.4539745 0.4759019 0.4435037 0.4586791 0.5255918 0.4308517 0.4348476 0.4762671 0.4478524 0.4579525 0.4792486 0.4646515 0.4408270 0.4645123 0.4720491 0.4610815 0.4287642 0.4938210 0.4584253 0.4382568 0.4261547 0.4654119 0.4388497 0.4671757 0.3831922 0.0000000 
