34
Allox_ar   0.0000000 0.1651850 0.1812340 0.1948939 0.1616757 0.1626080 0.1629762 0.1674713 0.1794434 0.1468704 0.1841437 0.2565420 0.1674511 0.1629605 0.1817474 0.3147778 0.2096623 0.1724528 0.1486251 0.1721437 0.2232566 0.2201777 0.2301634 0.1278360 0.1788611 0.1709396 0.1155696 0.1709526 0.1685925 0.1724446 0.1787864 0.1760584 0.1772535 0.1801355 
Andr_cur   0.1651850 0.0000000 0.0470676 0.0643292 0.0282044 0.0976562 0.0972555 0.0444413 0.0564826 0.1609632 0.0815939 0.2477052 0.0919028 0.0902866 0.1665867 0.3005675 0.2156908 0.1055938 0.0786264 0.1054268 0.2307001 0.2310679 0.2384916 0.1286165 0.1584624 0.0988644 0.1500025 0.1051614 0.0793168 0.1004380 0.1098477 0.1088023 0.1106461 0.1112170 
Andr_gro   0.1812340 0.0470676 0.0000000 0.0787300 0.0469620 0.1152455 0.1145032 0.0594500 0.0647321 0.1736464 0.0909425 0.2582347 0.1075964 0.1068023 0.1844215 0.3262537 0.2358529 0.1180897 0.0825685 0.1218757 0.2532639 0.2524765 0.2626077 0.1488726 0.1731022 0.1118944 0.1674010 0.1150065 0.0916295 0.1174217 0.1264330 0.1247215 0.1281355 0.1302801 
Andr_qln   0.1948939 0.0643292 0.0787300 0.0000000 0.0673369 0.1267092 0.1256862 0.0567548 0.0669633 0.1858261 0.1071243 0.2697475 0.1190736 0.1186277 0.1951771 0.3353668 0.2489061 0.1327194 0.0944474 0.1356412 0.2616662 0.2617244 0.2679202 0.1572178 0.1864851 0.1279633 0.1783660 0.1282995 0.1098753 0.1300861 0.1378988 0.1369475 0.1384395 0.1409444 
Andr_qrm   0.1616757 0.0282044 0.0469620 0.0673369 0.0000000 0.0948923 0.0942997 0.0412962 0.0576694 0.1555957 0.0790057 0.2403182 0.0851840 0.0882493 0.1640829 0.2960448 0.2083391 0.1013174 0.0708782 0.1026791 0.2235438 0.2252540 0.2348213 0.1290604 0.1575781 0.0941996 0.1456578 0.1021446 0.0756554 0.0978534 0.1071254 0.1050080 0.1074627 0.1091044 
Aula_tav   0.1626080 0.0976562 0.1152455 0.1267092 0.0948923 0.0000000 0.0405417 0.1008056 0.1017566 0.1545970 0.1159102 0.2389543 0.0987618 0.0967381 0.1602168 0.2905743 0.2012512 0.0475020 0.0814780 0.0384388 0.2230528 0.2230356 0.2326426 0.1231037 0.1523513 0.1017193 0.1453141 0.0945458 0.1016150 0.0990114 0.1074448 0.1063820 0.1085912 0.1103071 
Aylax_hy   0.1629762 0.0972555 0.1145032 0.1256862 0.0942997 0.0405417 0.0000000 0.0998660 0.1019278 0.1545954 0.1148755 0.2371781 0.0973543 0.0954130 0.1613204 0.2927193 0.2068021 0.0465379 0.0787037 0.0477226 0.2242453 0.2246201 0.2345998 0.1249144 0.1539615 0.1000288 0.1460344 0.0941053 0.0996293 0.0975011 0.1070844 0.1055941 0.1080106 0.1098489 
Beloc_tr   0.1674713 0.0444413 0.0594500 0.0567548 0.0412962 0.1008056 0.0998660 0.0000000 0.0459198 0.1612260 0.0894732 0.2475445 0.0945847 0.0935773 0.1689584 0.3023198 0.2147470 0.1081529 0.0797477 0.1093502 0.2290553 0.2324257 0.2394838 0.1323524 0.1606419 0.1002933 0.1504942 0.1091930 0.0835672 0.1034985 0.1113537 0.1096189 0.1129297 0.1146587 
Bior_pal   0.1794434 0.0564826 0.0647321 0.0669633 0.0576694 0.1017566 0.1019278 0.0459198 0.0000000 0.1714530 0.1023558 0.2478752 0.0988951 0.0953560 0.1781921 0.2952973 0.2149138 0.1063553 0.0820289 0.1099580 0.2294423 0.2334048 0.2459121 0.1437930 0.1692365 0.1111425 0.1576562 0.1177022 0.1008409 0.1112411 0.1137598 0.1104891 0.1151546 0.1187573 
Callas_no  0.1468704 0.1609632 0.1736464 0.1858261 0.1555957 0.1545970 0.1545954 0.1612260 0.1714530 0.0000000 0.1776087 0.2506671 0.1584616 0.1580009 0.1716442 0.3141893 0.2003854 0.1637629 0.1380249 0.1625191 0.2118878 0.2095898 0.2210075 0.1170573 0.1680202 0.1641215 0.1290315 0.1637530 0.1652299 0.1643629 0.1683210 0.1663078 0.1669556 0.1699488 
Calli_sp   0.1841437 0.0815939 0.0909425 0.1071243 0.0790057 0.1159102 0.1148755 0.0894732 0.1023558 0.1776087 0.0000000 0.2598638 0.1091309 0.1078897 0.1855633 0.3236883 0.2358175 0.1237307 0.0850443 0.1241606 0.2499367 0.2498017 0.2605674 0.1483190 0.1774583 0.1144614 0.1684932 0.1248493 0.0978566 0.1199577 0.1298389 0.1275708 0.1299012 0.1320288 
Cecin_ib   0.2565420 0.2477052 0.2582347 0.2697475 0.2403182 0.2389543 0.2371781 0.2475445 0.2478752 0.2506671 0.2598638 0.0000000 0.2459153 0.2428966 0.2431999 0.3954990 0.2997952 0.2477849 0.2150704 0.2456053 0.3098920 0.3089513 0.3156584 0.2208675 0.2420657 0.2467744 0.2446891 0.2406630 0.2490119 0.2490937 0.2488032 0.2524290 0.2519634 0.2531579 
Cerop_ma   0.1674511 0.0919028 0.1075964 0.1190736 0.0851840 0.0987618 0.0973543 0.0945847 0.0988951 0.1584616 0.1091309 0.2459153 0.0000000 0.0902741 0.1665886 0.3068357 0.2169419 0.1054322 0.0755647 0.1057567 0.2325728 0.2337530 0.2410071 0.1350245 0.1592448 0.0957295 0.1509753 0.1059044 0.0920385 0.1030550 0.1091644 0.1075401 0.1098646 0.1121247 
Diast_ki   0.1629605 0.0902866 0.1068023 0.1186277 0.0882493 0.0967381 0.0954130 0.0935773 0.0953560 0.1580009 0.1078897 0.2428966 0.0902741 0.0000000 0.1633904 0.2982688 0.2095574 0.1044694 0.0777899 0.1043138 0.2263673 0.2259702 0.2367314 0.1287917 0.1552734 0.0509619 0.1464514 0.1047829 0.0909287 0.0978331 0.1080391 0.1065148 0.1093034 0.1101106 
Dipl_spi   0.1817474 0.1665867 0.1844215 0.1951771 0.1640829 0.1602168 0.1613204 0.1689584 0.1781921 0.1716442 0.1855633 0.2431999 0.1665886 0.1633904 0.0000000 0.3133689 0.2241072 0.1702984 0.1459951 0.1662748 0.2403770 0.2426016 0.2499053 0.1450361 0.1430040 0.1703368 0.1676493 0.1661872 0.1704372 0.1683709 0.1755904 0.1738689 0.1750713 0.1783413 
Escha_ac   0.3147778 0.3005675 0.3262537 0.3353668 0.2960448 0.2905743 0.2927193 0.3023198 0.2952973 0.3141893 0.3236883 0.3954990 0.3068357 0.2982688 0.3133689 0.0000000 0.3448616 0.3089544 0.2737718 0.3007955 0.3557910 0.3599533 0.3636404 0.2833419 0.3153391 0.3074560 0.3036869 0.3012736 0.3150632 0.3024956 0.3083582 0.3053671 0.3051009 0.3099338 
Gana_sp1   0.2096623 0.2156908 0.2358529 0.2489061 0.2083391 0.2012512 0.2068021 0.2147470 0.2149138 0.2003854 0.2358175 0.2997952 0.2169419 0.2095574 0.2241072 0.3448616 0.0000000 0.2155666 0.1908478 0.2136954 0.1680889 0.1748045 0.1798242 0.1817202 0.2241599 0.2198668 0.1921140 0.2221259 0.2199787 0.2170282 0.2171644 0.2110074 0.2182594 0.2153219 
Hedic_le   0.1724528 0.1055938 0.1180897 0.1327194 0.1013174 0.0475020 0.0465379 0.1081529 0.1063553 0.1637629 0.1237307 0.2477849 0.1054322 0.1044694 0.1702984 0.3089544 0.2155666 0.0000000 0.0869939 0.0532812 0.2358577 0.2336639 0.2443725 0.1333518 0.1603458 0.1096004 0.1555631 0.0998673 0.1084298 0.1070700 0.1152500 0.1137832 0.1157960 0.1164448 
Irae_his   0.1486251 0.0786264 0.0825685 0.0944474 0.0708782 0.0814780 0.0787037 0.0797477 0.0820289 0.1380249 0.0850443 0.2150704 0.0755647 0.0777899 0.1459951 0.2737718 0.1908478 0.0869939 0.0000000 0.0889086 0.2128862 0.2079610 0.2173356 0.1123292 0.1358622 0.0771258 0.1299277 0.0852739 0.0766758 0.0851620 0.0983582 0.0979478 0.0999546 0.1020129 
Isoc_cen   0.1721437 0.1054268 0.1218757 0.1356412 0.1026791 0.0384388 0.0477226 0.1093502 0.1099580 0.1625191 0.1241606 0.2456053 0.1057567 0.1043138 0.1662748 0.3007955 0.2136954 0.0532812 0.0889086 0.0000000 0.2311953 0.2324365 0.2428835 0.1331378 0.1625103 0.1085583 0.1538958 0.1026661 0.1107036 0.1073390 0.1154028 0.1139724 0.1155171 0.1179021 
Lepto_bo   0.2232566 0.2307001 0.2532639 0.2616662 0.2235438 0.2230528 0.2242453 0.2290553 0.2294423 0.2118878 0.2499367 0.3098920 0.2325728 0.2263673 0.2403770 0.3557910 0.1680889 0.2358577 0.2128862 0.2311953 0.0000000 0.0897510 0.1000545 0.1979615 0.2437888 0.2342286 0.2060547 0.2360433 0.2379515 0.2339735 0.2365233 0.2340928 0.2339629 0.2357458 
Lepto_cl   0.2201777 0.2310679 0.2524765 0.2617244 0.2252540 0.2230356 0.2246201 0.2324257 0.2334048 0.2095898 0.2498017 0.3089513 0.2337530 0.2259702 0.2426016 0.3599533 0.1748045 0.2336639 0.2079610 0.2324365 0.0897510 0.0000000 0.0802588 0.1957754 0.2456948 0.2378490 0.2074128 0.2348820 0.2397734 0.2343331 0.2364201 0.2348229 0.2341835 0.2375939 
Lepto_he   0.2301634 0.2384916 0.2626077 0.2679202 0.2348213 0.2326426 0.2345998 0.2394838 0.2459121 0.2210075 0.2605674 0.3156584 0.2410071 0.2367314 0.2499053 0.3636404 0.1798242 0.2443725 0.2173356 0.2428835 0.1000545 0.0802588 0.0000000 0.2062373 0.2526587 0.2466668 0.2166716 0.2430299 0.2479097 0.2432898 0.2451169 0.2422912 0.2425558 0.2447091 
Parn_nig   0.1278360 0.1286165 0.1488726 0.1572178 0.1290604 0.1231037 0.1249144 0.1323524 0.1437930 0.1170573 0.1483190 0.2208675 0.1350245 0.1287917 0.1450361 0.2833419 0.1817202 0.1333518 0.1123292 0.1331378 0.1979615 0.1957754 0.2062373 0.0000000 0.1352697 0.1359575 0.1101294 0.1326316 0.1308501 0.1326834 0.1411184 0.1405826 0.1431351 0.1447940 
Pedia_ac   0.1788611 0.1584624 0.1731022 0.1864851 0.1575781 0.1523513 0.1539615 0.1606419 0.1692365 0.1680202 0.1774583 0.2420657 0.1592448 0.1552734 0.1430040 0.3153391 0.2241599 0.1603458 0.1358622 0.1625103 0.2437888 0.2456948 0.2526587 0.1352697 0.0000000 0.1607014 0.1535891 0.1620296 0.1582401 0.1590948 0.1680472 0.1647857 0.1680046 0.1702685 
Peric_JH   0.1709396 0.0988644 0.1118944 0.1279633 0.0941996 0.1017193 0.1000288 0.1002933 0.1111425 0.1641215 0.1144614 0.2467744 0.0957295 0.0509619 0.1703368 0.3074560 0.2198668 0.1096004 0.0771258 0.1085583 0.2342286 0.2378490 0.2466668 0.1359575 0.1607014 0.0000000 0.1546540 0.1096235 0.0994297 0.1053659 0.1133684 0.1117508 0.1147301 0.1150818 
Phaen_vi   0.1155696 0.1500025 0.1674010 0.1783660 0.1456578 0.1453141 0.1460344 0.1504942 0.1576562 0.1290315 0.1684932 0.2446891 0.1509753 0.1464514 0.1676493 0.3036869 0.1921140 0.1555631 0.1299277 0.1538958 0.2060547 0.2074128 0.2166716 0.1101294 0.1535891 0.1546540 0.0000000 0.1561761 0.1576373 0.1544190 0.1609171 0.1580980 0.1601519 0.1630608 
Phana_JH   0.1709526 0.1051614 0.1150065 0.1282995 0.1021446 0.0945458 0.0941053 0.1091930 0.1177022 0.1637530 0.1248493 0.2406630 0.1059044 0.1047829 0.1661872 0.3012736 0.2221259 0.0998673 0.0852739 0.1026661 0.2360433 0.2348820 0.2430299 0.1326316 0.1620296 0.1096235 0.1561761 0.0000000 0.1097951 0.1080569 0.1177700 0.1161960 0.1185632 0.1197160 
Prot_spe   0.1685925 0.0793168 0.0916295 0.1098753 0.0756554 0.1016150 0.0996293 0.0835672 0.1008409 0.1652299 0.0978566 0.2490119 0.0920385 0.0909287 0.1704372 0.3150632 0.2199787 0.1084298 0.0766758 0.1107036 0.2379515 0.2397734 0.2479097 0.1308501 0.1582401 0.0994297 0.1576373 0.1097951 0.0000000 0.1004836 0.1108022 0.1080875 0.1122840 0.1136431 
Qwaq_sco   0.1724446 0.1004380 0.1174217 0.1300861 0.0978534 0.0990114 0.0975011 0.1034985 0.1112411 0.1643629 0.1199577 0.2490937 0.1030550 0.0978331 0.1683709 0.3024956 0.2170282 0.1070700 0.0851620 0.1073390 0.2339735 0.2343331 0.2432898 0.1326834 0.1590948 0.1053659 0.1544190 0.1080569 0.1004836 0.0000000 0.1115206 0.1102689 0.1130974 0.1148432 
Syne_gif   0.1787864 0.1098477 0.1264330 0.1378988 0.1071254 0.1074448 0.1070844 0.1113537 0.1137598 0.1683210 0.1298389 0.2488032 0.1091644 0.1080391 0.1755904 0.3083582 0.2171644 0.1152500 0.0983582 0.1154028 0.2365233 0.2364201 0.2451169 0.1411184 0.1680472 0.1133684 0.1609171 0.1177700 0.1108022 0.1115206 0.0000000 0.0305148 0.0309380 0.0307457 
Syne_ito   0.1760584 0.1088023 0.1247215 0.1369475 0.1050080 0.1063820 0.1055941 0.1096189 0.1104891 0.1663078 0.1275708 0.2524290 0.1075401 0.1065148 0.1738689 0.3053671 0.2110074 0.1137832 0.0979478 0.1139724 0.2340928 0.2348229 0.2422912 0.1405826 0.1647857 0.1117508 0.1580980 0.1161960 0.1080875 0.1102689 0.0305148 0.0000000 0.0362158 0.0344544 
Syne_jap   0.1772535 0.1106461 0.1281355 0.1384395 0.1074627 0.1085912 0.1080106 0.1129297 0.1151546 0.1669556 0.1299012 0.2519634 0.1098646 0.1093034 0.1750713 0.3051009 0.2182594 0.1157960 0.0999546 0.1155171 0.2339629 0.2341835 0.2425558 0.1431351 0.1680046 0.1147301 0.1601519 0.1185632 0.1122840 0.1130974 0.0309380 0.0362158 0.0000000 0.0131958 
Syne_umb   0.1801355 0.1112170 0.1302801 0.1409444 0.1091044 0.1103071 0.1098489 0.1146587 0.1187573 0.1699488 0.1320288 0.2531579 0.1121247 0.1101106 0.1783413 0.3099338 0.2153219 0.1164448 0.1020129 0.1179021 0.2357458 0.2375939 0.2447091 0.1447940 0.1702685 0.1150818 0.1630608 0.1197160 0.1136431 0.1148432 0.0307457 0.0344544 0.0131958 0.0000000 
