37
Allox_ar   0.0000000 0.1801480 0.1916621 0.1958721 0.1802356 0.1631605 0.1615014 0.1720556 0.1824690 0.1582934 0.2040009 0.2680841 0.1873459 0.1802015 0.1956502 0.3349757 0.2230293 0.1686430 0.1527730 0.1724499 0.2305919 0.2226046 0.2333284 0.1419043 0.1765209 0.1798036 0.1254212 0.1719494 0.1715944 0.1844112 0.1847978 0.1874705 0.1887410 0.1861107 0.5514486 0.4912189 0.6090726 
Andr_cur   0.1801480 0.0000000 0.0503587 0.0663278 0.0300308 0.1011566 0.0996663 0.0456402 0.0561884 0.1841409 0.0923946 0.2593262 0.1076983 0.1010355 0.1853135 0.3377515 0.2376453 0.1083233 0.0813350 0.1081937 0.2519599 0.2492236 0.2556214 0.1496930 0.1624209 0.1111904 0.1661740 0.1146791 0.0767407 0.1100458 0.1267814 0.1210124 0.1306417 0.1269118 0.5644843 0.4946345 0.6139328 
Andr_gro   0.1916621 0.0503587 0.0000000 0.0695186 0.0519366 0.1089374 0.1088161 0.0533691 0.0660624 0.1944212 0.1050471 0.2756513 0.1248601 0.1154156 0.1978841 0.3567190 0.2560662 0.1131318 0.0846860 0.1199287 0.2621187 0.2622154 0.2694197 0.1605497 0.1747997 0.1198587 0.1776456 0.1222829 0.0943448 0.1255274 0.1340950 0.1367381 0.1369882 0.1347134 0.5981322 0.5220403 0.6519053 
Andr_qln   0.1958721 0.0663278 0.0695186 0.0000000 0.0661769 0.1179737 0.1168893 0.0505152 0.0535835 0.2039902 0.1079740 0.2744103 0.1307472 0.1262659 0.2027741 0.3440769 0.2444021 0.1209755 0.0988963 0.1163085 0.2671098 0.2621388 0.2700925 0.1694366 0.1802046 0.1285630 0.1856940 0.1290953 0.1045314 0.1355468 0.1421224 0.1460325 0.1472449 0.1436924 0.5771909 0.5160104 0.6308761 
Andr_qrm   0.1802356 0.0300308 0.0519366 0.0661769 0.0000000 0.0989308 0.0999128 0.0457155 0.0578994 0.1849421 0.0928461 0.2671355 0.1141511 0.1030310 0.1853405 0.3370024 0.2359290 0.1065932 0.0845449 0.1087524 0.2490774 0.2502718 0.2557534 0.1500206 0.1643500 0.1115362 0.1646400 0.1128986 0.0834094 0.1134226 0.1259247 0.1251141 0.1313653 0.1279586 0.5703223 0.5014903 0.6195253 
Aula_tav   0.1631605 0.1011566 0.1089374 0.1179737 0.0989308 0.0000000 0.0343445 0.0972698 0.1042151 0.1657764 0.1227433 0.2376707 0.1084681 0.0997558 0.1634065 0.3112756 0.2197754 0.0442067 0.0747311 0.0332266 0.2301294 0.2263599 0.2340982 0.1324455 0.1454472 0.1006077 0.1503642 0.0893281 0.0961153 0.1029104 0.1103535 0.1109416 0.1153488 0.1124551 0.5315794 0.4678760 0.5916661 
Aylax_hy   0.1615014 0.0996663 0.1088161 0.1168893 0.0999128 0.0343445 0.0000000 0.0954791 0.1000387 0.1661278 0.1205086 0.2359213 0.1064610 0.0985767 0.1626871 0.3171712 0.2203170 0.0417968 0.0743355 0.0389382 0.2291751 0.2262117 0.2348737 0.1308488 0.1447664 0.0991986 0.1488881 0.0878409 0.0917408 0.1008918 0.1082229 0.1096335 0.1124498 0.1100654 0.5329911 0.4672257 0.5868927 
Beloc_tr   0.1720556 0.0456402 0.0533691 0.0505152 0.0457155 0.0972698 0.0954791 0.0000000 0.0398227 0.1771188 0.0957740 0.2510572 0.1101035 0.1025095 0.1767230 0.3224154 0.2315427 0.1044395 0.0816453 0.1042484 0.2422159 0.2390124 0.2462337 0.1453736 0.1567558 0.1058470 0.1585297 0.1070180 0.0854889 0.1124330 0.1201824 0.1227943 0.1258996 0.1224176 0.5455724 0.4792824 0.5933599 
Bior_pal   0.1824690 0.0561884 0.0660624 0.0535835 0.0578994 0.1042151 0.1000387 0.0398227 0.0000000 0.1973040 0.1040524 0.2586918 0.1171772 0.1037804 0.1761892 0.3100521 0.2389868 0.1079853 0.0820822 0.1095757 0.2501968 0.2392206 0.2447867 0.1466725 0.1596212 0.1070590 0.1653872 0.1112229 0.0963353 0.1123211 0.1282993 0.1254746 0.1322562 0.1283065 0.5763157 0.4920951 0.6361591 
Callas_no  0.1582934 0.1841409 0.1944212 0.2039902 0.1849421 0.1657764 0.1661278 0.1771188 0.1973040 0.0000000 0.2033865 0.2620244 0.1883741 0.1852896 0.1956400 0.3543064 0.2113605 0.1702748 0.1553546 0.1751768 0.2310725 0.2278425 0.2379233 0.1419299 0.1782672 0.1887828 0.1504899 0.1790891 0.1780097 0.1821546 0.1888028 0.1907781 0.1933243 0.1915773 0.5823710 0.5113396 0.6335030 
Calli_sp   0.2040009 0.0923946 0.1050471 0.1079740 0.0928461 0.1227433 0.1205086 0.0957740 0.1040524 0.2033865 0.0000000 0.2797084 0.1354431 0.1284343 0.2031851 0.3583740 0.2547141 0.1283313 0.1004185 0.1262998 0.2706000 0.2716080 0.2762135 0.1771518 0.1861854 0.1307900 0.1835609 0.1320020 0.1002079 0.1400057 0.1490388 0.1502526 0.1526994 0.1483259 0.5945127 0.5194182 0.6433379 
Cecin_ib   0.2680841 0.2593262 0.2756513 0.2744103 0.2671355 0.2376707 0.2359213 0.2510572 0.2586918 0.2620244 0.2797084 0.0000000 0.2542025 0.2527569 0.2558135 0.4179169 0.3179427 0.2411674 0.2153872 0.2527931 0.3209413 0.3143357 0.3225628 0.2367640 0.2371968 0.2523979 0.2615265 0.2340963 0.2555302 0.2555959 0.2540120 0.2590451 0.2642003 0.2605732 0.5271992 0.4698363 0.5657113 
Cerop_ma   0.1873459 0.1076983 0.1248601 0.1307472 0.1141511 0.1084681 0.1064610 0.1101035 0.1171772 0.1883741 0.1354431 0.2542025 0.0000000 0.1061572 0.1878904 0.3498723 0.2494944 0.1145559 0.0844206 0.1168145 0.2602495 0.2571966 0.2636296 0.1597843 0.1692097 0.1175247 0.1762138 0.1173228 0.0934668 0.1206688 0.1323057 0.1254559 0.1366617 0.1338889 0.5766019 0.5053930 0.6287811 
Diast_ki   0.1802015 0.1010355 0.1154156 0.1262659 0.1030310 0.0997558 0.0985767 0.1025095 0.1037804 0.1852896 0.1284343 0.2527569 0.1061572 0.0000000 0.1846898 0.3397479 0.2392759 0.1049787 0.0797847 0.1056465 0.2477736 0.2473113 0.2559438 0.1482885 0.1619056 0.0648212 0.1674954 0.1079544 0.0909570 0.1109221 0.1231883 0.1160108 0.1277870 0.1252704 0.5605781 0.4909486 0.6128830 
Dipl_spi   0.1956502 0.1853135 0.1978841 0.2027741 0.1853405 0.1634065 0.1626871 0.1767230 0.1761892 0.1956400 0.2031851 0.2558135 0.1878904 0.1846898 0.0000000 0.3459466 0.2460593 0.1694523 0.1509752 0.1718289 0.2546133 0.2514602 0.2604952 0.1639706 0.1412235 0.1851663 0.1851622 0.1687661 0.1795816 0.1826314 0.1927493 0.1945670 0.1959048 0.1933590 0.5473480 0.4887486 0.5995028 
Escha_ac   0.3349757 0.3377515 0.3567190 0.3440769 0.3370024 0.3112756 0.3171712 0.3224154 0.3100521 0.3543064 0.3583740 0.4179169 0.3498723 0.3397479 0.3459466 0.0000000 0.3857417 0.3186409 0.3005945 0.3195311 0.3944650 0.3964753 0.3963329 0.3221138 0.3383768 0.3368737 0.3336346 0.3212355 0.3383348 0.3378350 0.3305369 0.3417052 0.3422296 0.3384931 0.6721117 0.6150049 0.6991282 
Gana_sp1   0.2230293 0.2376453 0.2560662 0.2444021 0.2359290 0.2197754 0.2203170 0.2315427 0.2389868 0.2113605 0.2547141 0.3179427 0.2494944 0.2392759 0.2460593 0.3857417 0.0000000 0.2265645 0.1940214 0.2255723 0.1917591 0.1847559 0.1978028 0.2092004 0.2352641 0.2410503 0.2161978 0.2383158 0.2399656 0.2411445 0.2436557 0.2324980 0.2443383 0.2408938 0.5960256 0.5530515 0.6820001 
Hedic_le   0.1686430 0.1083233 0.1131318 0.1209755 0.1065932 0.0442067 0.0417968 0.1044395 0.1079853 0.1702748 0.1283313 0.2411674 0.1145559 0.1049787 0.1694523 0.3186409 0.2265645 0.0000000 0.0800049 0.0491626 0.2351968 0.2315219 0.2372647 0.1389479 0.1493766 0.1066803 0.1544828 0.0940155 0.0992910 0.1087378 0.1152473 0.1140382 0.1198459 0.1171656 0.5381792 0.4740219 0.5971765 
Irae_his   0.1527730 0.0813350 0.0846860 0.0988963 0.0845449 0.0747311 0.0743355 0.0816453 0.0820822 0.1553546 0.1004185 0.2153872 0.0844206 0.0797847 0.1509752 0.3005945 0.1940214 0.0800049 0.0000000 0.0817325 0.2156391 0.2101014 0.2139905 0.1197851 0.1344057 0.0864320 0.1421002 0.0815513 0.0674135 0.0870069 0.0977265 0.0977352 0.1055516 0.1027724 0.5036784 0.4097446 0.5376790 
Isoc_cen   0.1724499 0.1081937 0.1199287 0.1163085 0.1087524 0.0332266 0.0389382 0.1042484 0.1095757 0.1751768 0.1262998 0.2527931 0.1168145 0.1056465 0.1718289 0.3195311 0.2255723 0.0491626 0.0817325 0.0000000 0.2399452 0.2346982 0.2444168 0.1398300 0.1556780 0.1087894 0.1559265 0.0971199 0.1043599 0.1111876 0.1180075 0.1193899 0.1227698 0.1201118 0.5558803 0.4857357 0.6204996 
Lepto_bo   0.2305919 0.2519599 0.2621187 0.2671098 0.2490774 0.2301294 0.2291751 0.2422159 0.2501968 0.2310725 0.2706000 0.3209413 0.2602495 0.2477736 0.2546133 0.3944650 0.1917591 0.2351968 0.2156391 0.2399452 0.0000000 0.1057466 0.1170803 0.2141507 0.2392369 0.2499827 0.2192296 0.2315213 0.2488054 0.2509936 0.2527070 0.2508435 0.2530400 0.2501513 0.5827728 0.5240122 0.6366467 
Lepto_cl   0.2226046 0.2492236 0.2622154 0.2621388 0.2502718 0.2263599 0.2262117 0.2390124 0.2392206 0.2278425 0.2716080 0.3143357 0.2571966 0.2473113 0.2514602 0.3964753 0.1847559 0.2315219 0.2101014 0.2346982 0.1057466 0.0000000 0.0877497 0.2114107 0.2375507 0.2495206 0.2174939 0.2377381 0.2472843 0.2457029 0.2503043 0.2492667 0.2540894 0.2508439 0.6017100 0.5360046 0.6566241 
Lepto_he   0.2333284 0.2556214 0.2694197 0.2700925 0.2557534 0.2340982 0.2348737 0.2462337 0.2447867 0.2379233 0.2762135 0.3225628 0.2636296 0.2559438 0.2604952 0.3963329 0.1978028 0.2372647 0.2139905 0.2444168 0.1170803 0.0877497 0.0000000 0.2220991 0.2486913 0.2528717 0.2286409 0.2378174 0.2541357 0.2517994 0.2578357 0.2588943 0.2597137 0.2571285 0.6008332 0.5351992 0.6486971 
Parn_nig   0.1419043 0.1496930 0.1605497 0.1694366 0.1500206 0.1324455 0.1308488 0.1453736 0.1466725 0.1419299 0.1771518 0.2367640 0.1597843 0.1482885 0.1639706 0.3221138 0.2092004 0.1389479 0.1197851 0.1398300 0.2141507 0.2114107 0.2220991 0.0000000 0.1449354 0.1554566 0.1255394 0.1439665 0.1434527 0.1539281 0.1596421 0.1602414 0.1639065 0.1607831 0.5426545 0.4729733 0.5903860 
Pedia_ac   0.1765209 0.1624209 0.1747997 0.1802046 0.1643500 0.1454472 0.1447664 0.1567558 0.1596212 0.1782672 0.1861854 0.2371968 0.1692097 0.1619056 0.1412235 0.3383768 0.2352641 0.1493766 0.1344057 0.1556780 0.2392369 0.2375507 0.2486913 0.1449354 0.0000000 0.1631334 0.1608631 0.1538155 0.1535941 0.1659787 0.1694690 0.1737289 0.1748290 0.1727909 0.5395267 0.4712606 0.5870016 
Peric_JH   0.1798036 0.1111904 0.1198587 0.1285630 0.1115362 0.1006077 0.0991986 0.1058470 0.1070590 0.1887828 0.1307900 0.2523979 0.1175247 0.0648212 0.1851663 0.3368737 0.2410503 0.1066803 0.0864320 0.1087894 0.2499827 0.2495206 0.2528717 0.1554566 0.1631334 0.0000000 0.1673977 0.1124772 0.1048924 0.1211951 0.1245584 0.1250231 0.1276095 0.1256222 0.5591034 0.4909399 0.6150672 
Phaen_vi   0.1254212 0.1661740 0.1776456 0.1856940 0.1646400 0.1503642 0.1488881 0.1585297 0.1653872 0.1504899 0.1835609 0.2615265 0.1762138 0.1674954 0.1851622 0.3336346 0.2161978 0.1544828 0.1421002 0.1559265 0.2192296 0.2174939 0.2286409 0.1255394 0.1608631 0.1673977 0.0000000 0.1602158 0.1613806 0.1746730 0.1757113 0.1784038 0.1804928 0.1768390 0.5530212 0.4903549 0.5979118 
Phana_JH   0.1719494 0.1146791 0.1222829 0.1290953 0.1128986 0.0893281 0.0878409 0.1070180 0.1112229 0.1790891 0.1320020 0.2340963 0.1173228 0.1079544 0.1687661 0.3212355 0.2383158 0.0940155 0.0815513 0.0971199 0.2315213 0.2377381 0.2378174 0.1439665 0.1538155 0.1124772 0.1602158 0.0000000 0.0944509 0.1131580 0.1191405 0.1229932 0.1241862 0.1220637 0.5272930 0.4542780 0.5500784 
Prot_spe   0.1715944 0.0767407 0.0943448 0.1045314 0.0834094 0.0961153 0.0917408 0.0854889 0.0963353 0.1780097 0.1002079 0.2555302 0.0934668 0.0909570 0.1795816 0.3383348 0.2399656 0.0992910 0.0674135 0.1043599 0.2488054 0.2472843 0.2541357 0.1434527 0.1535941 0.1048924 0.1613806 0.0944509 0.0000000 0.1043448 0.1189351 0.1127947 0.1217440 0.1180932 0.5761724 0.5026654 0.6024490 
Qwaq_sco   0.1844112 0.1100458 0.1255274 0.1355468 0.1134226 0.1029104 0.1008918 0.1124330 0.1123211 0.1821546 0.1400057 0.2555959 0.1206688 0.1109221 0.1826314 0.3378350 0.2411445 0.1087378 0.0870069 0.1111876 0.2509936 0.2457029 0.2517994 0.1539281 0.1659787 0.1211951 0.1746730 0.1131580 0.1043448 0.0000000 0.1271383 0.1206212 0.1312916 0.1292277 0.5334207 0.4929004 0.6077634 
Syne_gif   0.1847978 0.1267814 0.1340950 0.1421224 0.1259247 0.1103535 0.1082229 0.1201824 0.1282993 0.1888028 0.1490388 0.2540120 0.1323057 0.1231883 0.1927493 0.3305369 0.2436557 0.1152473 0.0977265 0.1180075 0.2527070 0.2503043 0.2578357 0.1596421 0.1694690 0.1245584 0.1757113 0.1191405 0.1189351 0.1271383 0.0000000 0.0331927 0.0327839 0.0297682 0.5528927 0.4835373 0.5988886 
Syne_ito   0.1874705 0.1210124 0.1367381 0.1460325 0.1251141 0.1109416 0.1096335 0.1227943 0.1254746 0.1907781 0.1502526 0.2590451 0.1254559 0.1160108 0.1945670 0.3417052 0.2324980 0.1140382 0.0977352 0.1193899 0.2508435 0.2492667 0.2588943 0.1602414 0.1737289 0.1250231 0.1784038 0.1229932 0.1127947 0.1206212 0.0331927 0.0000000 0.0393269 0.0373619 0.5569510 0.4947983 0.6163192 
Syne_jap   0.1887410 0.1306417 0.1369882 0.1472449 0.1313653 0.1153488 0.1124498 0.1258996 0.1322562 0.1933243 0.1526994 0.2642003 0.1366617 0.1277870 0.1959048 0.3422296 0.2443383 0.1198459 0.1055516 0.1227698 0.2530400 0.2540894 0.2597137 0.1639065 0.1748290 0.1276095 0.1804928 0.1241862 0.1217440 0.1312916 0.0327839 0.0393269 0.0000000 0.0117562 0.5606092 0.5002651 0.6137780 
Syne_umb   0.1861107 0.1269118 0.1347134 0.1436924 0.1279586 0.1124551 0.1100654 0.1224176 0.1283065 0.1915773 0.1483259 0.2605732 0.1338889 0.1252704 0.1933590 0.3384931 0.2408938 0.1171656 0.1027724 0.1201118 0.2501513 0.2508439 0.2571285 0.1607831 0.1727909 0.1256222 0.1768390 0.1220637 0.1180932 0.1292277 0.0297682 0.0373619 0.0117562 0.0000000 0.5560878 0.4943162 0.6064360 
Nasoniav   0.5514486 0.5644843 0.5981322 0.5771909 0.5703223 0.5315794 0.5329911 0.5455724 0.5763157 0.5823710 0.5945127 0.5271992 0.5766019 0.5605781 0.5473480 0.6721117 0.5960256 0.5381792 0.5036784 0.5558803 0.5827728 0.6017100 0.6008332 0.5426545 0.5395267 0.5591034 0.5530212 0.5272930 0.5761724 0.5334207 0.5528927 0.5569510 0.5606092 0.5560878 0.0000000 0.5624352 0.6656622 
Orussusa   0.4912189 0.4946345 0.5220403 0.5160104 0.5014903 0.4678760 0.4672257 0.4792824 0.4920951 0.5113396 0.5194182 0.4698363 0.5053930 0.4909486 0.4887486 0.6150049 0.5530515 0.4740219 0.4097446 0.4857357 0.5240122 0.5360046 0.5351992 0.4729733 0.4712606 0.4909399 0.4903549 0.4542780 0.5026654 0.4929004 0.4835373 0.4947983 0.5002651 0.4943162 0.5624352 0.0000000 0.5749686 
Micropld   0.6090726 0.6139328 0.6519053 0.6308761 0.6195253 0.5916661 0.5868927 0.5933599 0.6361591 0.6335030 0.6433379 0.5657113 0.6287811 0.6128830 0.5995028 0.6991282 0.6820001 0.5971765 0.5376790 0.6204996 0.6366467 0.6566241 0.6486971 0.5903860 0.5870016 0.6150672 0.5979118 0.5500784 0.6024490 0.6077634 0.5988886 0.6163192 0.6137780 0.6064360 0.6656622 0.5749686 0.0000000 
