CATSBDP
1	-1	115489
1
1.8
0	0
0	0
../../data/allgaps37.phy
4
0
Universal

0
0
0
0
10	0
0
((Calli_sp:0.0982690345797886,(((((Phana_JH:0.148948604408991,(Hedic_le:0.0444866826807328,(Aylax_hy:0.0537724524559896,(Isoc_cen:0.0400831427297666,Aula_tav:0.0322037539687927):0.0111889369851441):0.00485014349855451):0.0471709211131281):0.00898784324920323,((Escha_ac:0.692802194091924,(((Nasoniav:1.18926536615267,(Micropld:1.34181489883044,Orussusa:0.707563681465083):0.13463484366397):0.565115687170004,Cecin_ib:0.391763426035023):0.229517779174501,(Dipl_spi:0.23050567748811,Pedia_ac:0.156347165492292):0.0312360046215295):0.0241251694506205):0.0132445875651937,((Phaen_vi:0.140633937684353,(Allox_ar:0.199609365248193,Parn_nig:0.160619482386941):0.0399163476350412):0.004218614722299,(Callas_no:0.226945458097341,((Lepto_bo:0.125513335729416,(Lepto_he:0.109218616341768,Lepto_cl:0.0848700476175206):0.0526302261633848):0.203399041222466,Gana_sp1:0.185055254491961):0.191240645896302):0.0179898675894261):0.0508651295932169):0.0667500449378493):0.0101454907728181,((Syne_ito:0.0352153459090613,(Syne_gif:0.0288536970432515,(Syne_jap:0.0182377738228878,Syne_umb:0.0221994853737636):0.0306775306643169):0.017326280285839):0.109236276654113,Qwaq_sco:0.145116735156501):0.0117076549587354):0.0156950993729173,((Cerop_ma:0.124029868159597,Irae_his:0.101142519223473):0.0032378610284006,(Peric_JH:0.0629199642705836,Diast_ki:0.0661062571525707):0.0770719325334332):0.00659310077354769):0.00998775673057557,Prot_spe:0.158201039301687):0.0245705808247159):0.039411552439063,((Andr_qln:0.0518553282184199,Beloc_tr:0.0369348469256299):0.00663280627803742,Bior_pal:0.0820289410777639):0.0185710285422508,((Andr_gro:0.0797824188796378,Andr_cur:0.0537427795325328):0.0107943118633115,Andr_qrm:0.0529212916044979):0.00527592090387119);
((Calli_sp:0.0982690345797886,(((((Phana_JH:0.148948604408991,(Hedic_le:0.0444866826807328,(Aylax_hy:0.0537724524559896,(Isoc_cen:0.0400831427297666,Aula_tav:0.0322037539687927):0.0111889369851441):0.00485014349855451):0.0471709211131281):0.00898784324920323,((Escha_ac:0.692802194091924,(((Nasoniav:1.18926536615267,(Micropld:1.34181489883044,Orussusa:0.707563681465083):0.13463484366397):0.565115687170004,Cecin_ib:0.391763426035023):0.229517779174501,(Dipl_spi:0.23050567748811,Pedia_ac:0.156347165492292):0.0312360046215295):0.0241251694506205):0.0132445875651937,((Phaen_vi:0.140633937684353,(Allox_ar:0.199609365248193,Parn_nig:0.160619482386941):0.0399163476350412):0.004218614722299,(Callas_no:0.226945458097341,((Lepto_bo:0.125513335729416,(Lepto_he:0.109218616341768,Lepto_cl:0.0848700476175206):0.0526302261633848):0.203399041222466,Gana_sp1:0.185055254491961):0.191240645896302):0.0179898675894261):0.0508651295932169):0.0667500449378493):0.0101454907728181,((Syne_ito:0.0352153459090613,(Syne_gif:0.0288536970432515,(Syne_jap:0.0182377738228878,Syne_umb:0.0221994853737636):0.0306775306643169):0.017326280285839):0.109236276654113,Qwaq_sco:0.145116735156501):0.0117076549587354):0.0156950993729173,((Cerop_ma:0.124029868159597,Irae_his:0.101142519223473):0.0032378610284006,(Peric_JH:0.0629199642705836,Diast_ki:0.0661062571525707):0.0770719325334332):0.00659310077354769):0.00998775673057557,Prot_spe:0.158201039301687):0.0245705808247159):0.039411552439063,((Andr_qln:0.0518553282184199,Beloc_tr:0.0369348469256299):0.00663280627803742,Bior_pal:0.0820289410777639):0.0185710285422508,((Andr_gro:0.0797824188796378,Andr_cur:0.0537427795325328):0.0107943118633115,Andr_qrm:0.0529212916044979):0.00527592090387119);
1
6.8573
0.51421
5000
21.8748
0.367339	0.202095	0.148795	0.218035	0.146609	0.268898	0.24897	0.255829	0.346156	0.335593	0.149057	0.29406	0.251096	0.225125	0.227987	0.611056	0.343891	0.232092	0.0673874	0.168	

0.000316115	0.000774443	0.00234519	4.33237e-05	1.38035e-07	0.000589566	0.00285119	3.78872e-05	0.0166638	3.51575e-05	0.00187937	0.00395624	7.34606e-07	0.0263754	0.936167	0.00124008	0.0067171	7.50645e-06	1.74602e-09	9.18855e-08	
0.339271	0.00871084	0.0223381	0.00070031	0.0271511	0.0260355	0.00439956	0.088804	0.00740666	0.0154099	0.0317441	2.39161e-05	0.0105478	0.000267472	0.00775025	0.058871	0.136712	0.212807	1.12787e-08	0.00105032	
0.00230074	0.000188199	7.35715e-08	0.025515	1.97705e-06	5.93855e-05	0.00108486	0.0219863	0.707943	4.52321e-05	0.0168368	0.0199309	0.00424017	0.00108246	0.15419	0.0163391	0.0177171	0.00498274	0.000215739	0.00533963	
0.0232465	9.42853e-05	0.00567007	0.00360683	0.0289597	0.00431549	0.00754283	0.462448	0.013733	0.104342	0.0500414	0.00297636	0.00015611	1.64697e-05	2.31735e-05	0.0171637	0.0433634	0.232008	0.000291064	1.02028e-06	
2.17329e-05	0.00229392	0.00163375	0.0043072	1.85734e-05	0.00746253	6.69435e-07	0.00894034	0.00134203	0.00901491	0.000143852	0.00514124	5.41723e-05	0.000120998	0.00163256	0.00429515	0.00408903	0.000721715	0.934328	0.0144379	
0.112061	0.00127886	0.0155078	0.0185195	6.04808e-05	0.0472172	0.00206857	0.00916404	0.00456358	0.0222763	0.0109925	0.0290887	0.0366889	0.00422559	0.00538106	0.387262	0.291373	0.000128524	5.44221e-16	0.00214176	
0.0248733	0.000684775	0.0131491	0.044292	0.00585505	0.00841574	0.00385809	0.0293079	0.480947	0.0199741	0.00915938	0.0607962	0.00454601	0.072126	0.146727	0.0203091	0.042681	0.00783886	0.00419459	0.000264565	
0.0228955	0.0426442	0.028718	0.0529561	0.0279061	0.0107284	0.157615	0.000187547	0.108026	0.0582462	0.0166956	0.0623039	0.0387817	0.111857	0.101207	0.0638368	0.00901938	0.00655155	1.81466e-08	0.0798234	
0.0316036	0.000130478	1.54141e-07	0.0429771	0.0408014	0.0164173	0.00206999	0.0216649	1.09264e-08	0.113398	7.74604e-07	0.0047215	0.497575	0.00739201	0.0276346	0.107224	0.0507134	0.0349166	6.22777e-06	0.000753069	
0.0098519	5.85837e-09	0.0041929	0.183029	0.0104086	1.98759e-06	0.0282322	0.0182876	0.240006	0.0414811	0.00115653	0.0246695	0.0118452	0.296152	0.0916362	0.00584146	0.0103469	0.00720933	7.08742e-08	0.0156518	
2.896e-06	0.00206097	0.00165437	0.00269075	0.00220125	0.000421816	0.00148099	0.583368	0.00516038	0.0364002	0.00380494	0.00309405	0.0026082	6.19306e-06	0.000346325	0.00120748	0.0107263	0.342765	5.18322e-11	5.32608e-08	
0.000939443	0.000411893	1.21657e-08	0.0137716	0.00126386	0.00170008	0.000597267	0.275755	0.00446968	0.104923	0.512648	0.00488974	0.00165842	0.00261907	0.00679729	0.00406327	0.00864599	0.0548369	4.33022e-15	9.48909e-06	
0.144055	0.000535309	0.0787136	0.162069	0.00662706	0.0484107	0.00411622	0.0806469	0.0408503	0.0483277	0.0030291	0.0564841	0.00674329	0.0366436	0.00124535	0.0752115	0.0972358	0.0986441	7.41119e-07	0.0104104	
0.00131784	0.0145524	2.34984e-05	0.0528067	0.0341714	0.0691231	0.113423	0.0382087	0.0325621	0.0662062	0.0109304	0.1806	0.0241022	0.0021833	0.0375938	0.176863	0.0496468	5.16177e-05	0.00742053	0.0882133	
0.0122263	0.00241087	0.00794777	0.0124647	0.000678259	1.03195e-06	0.0822348	0.00895397	0.0192206	0.00926305	0.000126181	7.42474e-05	0.0131905	0.801585	0.0149045	0.00332836	0.00727254	0.00411303	4.46442e-17	4.0426e-06	
0.0692978	1.53828e-06	0.0325865	0.0160843	0.0270654	0.0107679	0.00652547	0.0519941	0.0410836	0.0866078	0.0125129	0.0553527	0.137165	0.0471562	0.0361319	0.230481	0.0988962	0.0355187	0.000299273	0.0044718	
0.0382316	0.00334712	0.000331032	0.00413942	3.16121e-05	0.909747	0.00131898	1.42538e-09	0.000559642	0.000646367	1.92286e-08	0.00389519	1.7108e-05	0.00128038	0.00453936	0.0293231	1.03323e-05	0.000654283	1.39398e-09	0.00192718	
0.00682364	0.017684	0.000425134	0.0269009	0.0826514	0.000534239	0.156348	0.0400187	4.74576e-06	0.0273902	0.0123749	0.104048	0.0136337	0.0149162	0.0165858	0.00937388	0.00289102	0.0475275	1.96372e-18	0.419868	
0.0319866	0.00716163	0.00580512	0.00357914	0.0102339	0.107135	0.0274437	0.0062517	0.00193928	5.38802e-05	0.0115791	0.0263026	0.0574	9.61322e-05	0.345684	0.0522797	0.133998	0.04342	0.12765	3.84128e-07	
0.0101355	0.00029159	0.201361	0.71752	4.22636e-13	0.00376974	0.0029883	0.00236571	0.0192017	0.000449273	0.00284904	0.000369601	4.14164e-06	0.0295306	0.00719603	0.00192426	4.1143e-05	2.13979e-06	4.54548e-17	1.76164e-07	
0.00924441	0.00810553	0.0102865	0.00290582	0.349494	0.00493473	2.30785e-06	0.0963236	0.0030119	0.294598	0.0174372	0.0010274	1.01908e-05	0.0149995	0.0122105	0.0341851	0.0301717	0.0677923	0.00661938	0.0366405	
0.000785351	0.00104266	2.26053e-05	0.00101424	0.0262778	1.91409e-05	0.000810866	0.0286973	5.05315e-05	0.887178	0.025185	0.000319882	0.00164053	0.0034483	0.00122504	0.00300835	0.000519856	0.0173318	0.0014196	3.24252e-06	
0.565182	0.00605751	0.0138338	2.14294e-10	0.00110974	0.126035	0.000110657	1.37786e-05	0.0166045	0.000853504	7.14214e-09	0.0407195	0.00095536	7.93567e-05	0.00030778	0.182545	0.0109268	0.0345819	1.15495e-12	8.43809e-05	
0.00131036	0.930658	9.42164e-07	8.64561e-06	0.00407368	0.00843432	0.000200274	0.000356122	0.00146019	0.00675126	0.00187948	0.00277386	5.57804e-05	0.000125551	0.000362141	0.0236661	0.00917545	0.00640256	2.97469e-23	0.00230506	
0.0164819	0.00212734	0.00654133	0.00675797	7.01348e-09	0.00416504	0.00175619	0.154075	0.158203	0.083843	0.153279	0.000708846	0.0422229	0.0650182	0.00991869	0.0190307	0.175195	0.0972063	5.04236e-11	0.00346887	
0.00202838	0.0022704	1.56526e-06	0.00107965	0.002735	5.10489e-05	0.00665028	0.00217678	0.00634937	0.00426883	8.14039e-08	0.000168865	2.62661e-05	0.000282773	7.83618e-05	0.796216	0.174048	0.00155877	3.87839e-19	9.68557e-06	
0.00982884	0.0124062	0.00452264	0.000849596	0.14721	0.0652531	0.00139105	5.55024e-06	0.054465	0.11457	0.0988694	0.000618599	0.101426	8.04245e-05	0.0261016	0.00242698	0.296023	0.0212052	0.00108556	0.0416621	
0.0984967	3.64685e-09	9.10101e-06	0.0208119	0.0111488	0.000101898	0.00138004	0.0112566	0.00284277	0.0665735	0.00343283	0.0393565	0.00324559	0.000927614	3.85759e-07	0.662716	0.0497154	0.0279297	3.09882e-07	5.47093e-05	
8.43625e-06	0.0169436	1.43723e-08	0.00400951	0.0618458	0.000356239	6.37256e-10	0.201919	0.0394755	0.158918	0.0727706	0.00628147	0.033824	0.0320959	0.000218299	0.00284862	0.0807519	0.281939	0.000447924	0.00534639	
0.0267991	1.27632e-06	0.19522	0.540222	0.00376529	0.0321644	0.00100046	0.00828423	0.0413112	0.00838685	0.000291215	0.0399172	0.00962588	0.0344977	0.000129081	0.0292784	0.0120543	0.0160679	4.10747e-08	0.000984108	
0.0322013	0.223083	0.0123338	0.0630565	1.48598e-06	8.27029e-05	0.00987662	0.0535541	0.023612	0.0646163	0.000147726	0.0578481	0.0470884	0.0140277	0.0249293	0.192635	0.0342141	0.0491408	2.56089e-15	0.0975509	
0.00223279	0.00517943	0.00889725	3.05874e-11	0.000752156	0.0104688	0.0160325	0.00061092	0.278041	1.58845e-06	0.000289777	0.00996252	0.000998017	0.0246346	0.622256	0.0149924	0.00115867	0.000372824	0.00310557	1.32379e-05	
0.000765279	0.00159565	0.00627835	0.00183966	1.26339e-05	0.00523856	0.825763	0.00141019	0.000602164	0.00978005	3.5998e-07	3.61394e-05	0.027468	0.0434352	0.0259393	0.000647285	0.00427851	2.16774e-05	5.52843e-15	0.0448878	
0.0465724	0.00975217	1.11547e-08	0.000154354	3.4496e-06	0.00490696	0.000815298	0.287006	0.0124671	0.0192502	0.00247282	0.0573474	0.0109517	0.000929159	1.13312e-05	0.0568654	0.151207	0.339273	5.37163e-07	1.45043e-05	
0.0399965	0.00205983	0.132537	0.136674	0.00169596	0.0303066	0.0321527	0.00565299	0.146532	0.00904141	5.11397e-05	0.187668	0.000417168	0.0530894	0.0232508	0.0920314	0.0525186	0.0345042	5.77442e-06	0.0198147	
0.0342025	0.0171328	0.0298845	0.0151033	0.0195031	0.0182933	0.0236189	0.125343	0.030318	0.0189827	0.0145796	0.173075	0.0180775	0.0168373	0.0379366	0.215513	0.14236	0.0373843	0.0044253	0.00742965	
0.0267342	0.00417655	0.0843842	0.27134	4.42116e-07	0.0394839	0.00391022	0.000192835	0.227919	0.00867438	0.0136557	0.0830878	0.00979951	0.0935297	0.0440121	0.0237293	0.0208076	0.0369968	0.00637515	0.00119048	
5.92826e-05	0.00448359	2.01196e-05	0.00419219	0.904401	4.67404e-09	0.00131271	0.00181164	0.000478644	0.0229171	0.0026231	5.51091e-07	0.00563346	0.000553181	8.63657e-05	0.00224737	9.34511e-05	8.316e-06	2.98185e-20	0.0490775	
0.0562071	0.00849483	0.0205011	0.0760529	0.0105222	0.0181542	0.00513201	0.166916	0.0512268	0.0879419	0.0711202	0.0250548	0.0245917	0.0314993	0.0576048	0.0495686	0.0653259	0.173828	0.000247355	1.03372e-05	
0.0143376	0.00718515	0.051942	0.000108249	4.86068e-05	0.000258976	0.0548457	0.0126719	0.106368	0.00122936	1.82356e-05	0.496887	0.000571491	1.11057e-05	0.0460978	0.163601	0.018563	0.0128077	0.00118182	0.011264	
0.00386292	0.00730475	0.00875719	0.000889722	0.00806304	0.000261593	0.205148	0.00450148	0.00196183	0.031533	4.03007e-06	0.0569853	0.146222	0.327433	0.0302132	0.0638721	0.0947455	0.000373734	2.97687e-12	0.00786757	
0.0163763	2.18146e-05	1.1653e-06	0.000172833	0.01626	0.0118042	0.0278522	0.250747	0.0234033	0.0073235	0.0661158	2.40923e-05	0.00012761	3.88759e-08	4.62664e-08	0.109986	0.454829	0.012097	0.00128176	0.00157666	
0.008185	0.0176423	0.0262518	0.0014319	0.306355	0.0155916	0.0690316	1.43211e-05	0.033799	0.0431535	0.000787322	0.00527905	0.00187609	0.000125349	0.0475953	0.00767839	0.0203657	0.0253547	0.0592712	0.310211	
0.00134874	6.05253e-07	0.00163485	2.95807e-08	0.0231292	0.00022533	9.04547e-06	0.36942	0.00102875	0.379097	0.0753487	0.00561485	0.00500676	0.00700176	0.00624641	0.0108402	0.00973487	0.0999738	4.66279e-56	0.00433928	
0.0792567	3.81972e-06	0.0681854	0.00437821	0.000463682	0.116282	0.0357351	0.00481348	0.0977205	0.000233405	0.000259079	0.15919	4.42442e-11	3.28454e-06	0.143134	0.252316	0.00408861	0.0339219	1.38776e-05	6.79115e-08	
2.68337e-06	0.00314569	2.76956e-07	6.32099e-08	0.0939751	0.000915617	0.018999	0.0026303	7.5806e-05	0.00104805	2.78403e-10	2.68052e-05	0.0003487	2.09322e-06	0.00342379	0.00142377	1.72801e-05	0.000951751	4.67289e-10	0.873013	
0.10351	3.77478e-14	0.0121305	0.00130451	0.000740979	0.0507793	0.0223361	0.00148712	0.0233099	0.00904133	0.00443372	0.00113348	0.344019	0.00819341	0.00359572	0.269381	0.142648	0.00172429	0.000229435	2.55177e-06	
0.021245	0.000942105	0.00107282	0.000448054	0.000630417	8.38998e-05	0.00147765	4.28419e-05	0.00244577	0.00526672	0.000115295	1.34026e-05	0.926287	0.0034831	0.00330404	0.0255962	0.00691675	2.99865e-07	0.000611236	1.75985e-05	
0.325385	0.000326421	0.0093968	2.97763e-06	0.000288998	0.120431	0.00386321	7.95457e-07	1.06875e-05	0.0123173	2.58678e-10	0.0269768	0.0526894	0.043864	0.00225543	0.155652	0.167667	0.0787775	1.0482e-17	9.41758e-05	
0.000967455	0.00306989	0.728907	0.146768	0.00869496	0.0158415	0.00229865	0.000376275	0.00110327	0.00320746	1.03601e-07	0.055789	0.0124715	0.00601889	1.18277e-05	0.0041911	0.00754955	1.2332e-08	5.3762e-12	0.00273338	
0.801937	0.0020954	0.00244045	6.33173e-08	7.58798e-08	0.0206277	0.000239983	0.00160138	0.000335821	0.00395775	7.12758e-06	0.00235532	0.00280719	1.16735e-07	0.000759173	0.0932848	0.0454724	0.0210092	1.24018e-05	0.00105628	
0.0195342	0.000139125	3.01706e-06	0.00168146	0.000311844	0.00579408	0.00202024	0.204783	0.00159461	0.0209542	0.0162606	0.00288423	1.70622e-05	2.94475e-05	4.36198e-05	0.000351222	0.0122192	0.710558	2.31073e-07	0.000820106	
2.11109e-05	0.0029836	0.00019777	0.177226	3.12668e-05	0.0684677	0.000872032	7.46688e-07	0.405036	1.49357e-05	0.101215	0.00552794	0.00364788	0.0014583	0.000723132	0.0665464	0.00519621	0.160833	9.50868e-26	7.39181e-09	
0.0745875	0.00296158	3.55666e-08	0.00121003	0.00180157	0.123731	9.73111e-07	0.00178879	0.000654712	0.010393	0.00739917	0.0124182	0.293185	0.351938	0.00120785	0.105498	3.75717e-05	0.0106089	0.000154448	0.000423762	
0.000810381	0.0080824	6.90245e-05	0.072099	0.00946381	0.0287492	0.113952	0.00634825	0.0920883	0.102787	0.0028994	0.0624265	0.0118674	0.440883	0.00270647	0.00891483	0.0216183	0.00327134	0.01087	9.3053e-05	
0.0472645	0.0017449	6.50653e-06	0.000766953	5.44101e-05	0.000355443	0.00441529	0.0212824	0.00403887	4.4872e-08	0.00262203	0.0638738	0.00711856	5.42643e-05	0.00126518	0.195768	0.635526	0.0137921	1.34775e-10	5.00231e-05	
0.000895489	0.0209344	0.210474	0.120156	0.0264497	0.117974	5.21203e-09	0.000198963	0.0113344	0.0533223	0.0395441	0.312886	0.00189499	0.00464537	0.000480576	0.0002134	0.00162719	0.0178273	2.30763e-22	0.0591415	
6.32325e-06	0.164569	0.00191174	0.00218325	0.389472	0.0768526	0.000238356	0.00219792	0.000722226	0.171908	0.00068764	0.00870767	0.00475438	0.000857088	0.000263949	0.16133	6.42248e-05	0.000331037	6.98348e-08	0.0129431	
0.0273698	0.0376711	0.00223771	2.91835e-05	2.08617e-09	0.0997203	0.258764	0.0170667	0.00979077	0.00046961	0.000289328	0.113052	0.000387708	0.362906	2.06149e-13	0.0557275	0.00868846	0.00144688	0.00220228	0.00218111	
0.000845352	0.000198347	0.106061	0.0163787	7.66436e-06	0.0331007	1.72283e-08	0.000879564	0.019903	0.0107031	4.7575e-11	0.358701	0.000221851	6.62013e-05	0.0103365	0.264108	0.160538	0.003636	0.00809838	0.00621664	
0.0483147	2.02877e-07	0.238219	0.242393	0.00673173	0.190402	0.02143	0.00157337	0.0160304	0.00283059	0.00219719	0.0577186	0.00557628	0.0351521	0.0262479	0.0618983	0.0343193	0.0089506	8.34381e-06	6.42272e-06	
0.124929	0.0170487	0.00175815	2.29028e-07	1.18122e-06	0.00689999	2.0457e-05	0.0254887	0.00130392	0.139681	0.053272	0.00120011	0.0163351	6.70633e-14	0.00626458	0.0102075	4.22494e-05	0.570642	1.40025e-09	0.0249052	
0.0181783	0.00429372	0.00412099	0.0148802	0.00198287	0.698476	0.000192455	4.23584e-11	0.0167734	0.0273906	1.38565e-06	0.0383001	0.012847	0.00530382	0.0117548	0.103398	0.00841307	0.0336898	4.09259e-06	8.86138e-14	
0.0882812	0.181821	0.000166482	0.00221924	0.119328	0.0265778	0.0335007	0.0352875	0.0126009	0.0171818	1.44118e-16	5.60273e-08	1.84113e-05	0.00346834	1.38016e-05	0.125055	0.0327398	0.0910164	0.0271896	0.203534	
8.15685e-06	0.000734052	1.3292e-05	8.72484e-05	0.0598113	0.00231499	0.0979316	0.000326987	0.0418623	0.0350857	4.85272e-11	0.00216185	0.109145	0.00344049	0.305569	0.186422	0.00137888	0.152894	2.62983e-05	0.000787138	
0.0524679	0.0302875	0.0158572	0.00432798	0.00296689	0.105139	0.000109923	0.00951998	0.00873783	0.00114963	1.75162e-05	0.121338	0.0145735	0.00296824	0.0144202	0.51425	0.0909673	0.000562461	7.28752e-06	0.0103319	
0.126721	4.46007e-05	0.0375248	0.0947873	0.000605857	0.000621634	0.0116084	0.00143624	0.0303501	0.0197156	0.000575158	0.07312	0.158909	0.047966	0.00650882	0.0817333	0.205544	0.0964889	0.000255267	0.0054849	
5.99795e-05	0.0013007	0.000233845	1.48286e-05	0.165701	4.75449e-05	0.0654498	0.11049	0.00905849	0.229194	0.0155246	0.00379927	0.0389842	0.030111	0.0341938	0.0222772	0.00107782	0.000231676	2.61929e-06	0.272248	
0.0084542	2.23799e-05	0.234641	0.0334839	0.00123916	0.0098982	0.0104003	0.00944688	0.0357706	0.00122489	0.00581683	0.476697	0.00906587	0.00115739	0.011744	0.120101	0.020078	0.00699743	8.51273e-23	0.00376126	
0.0578276	5.81464e-09	1.22662e-08	0.00625178	0.00128785	0.0975144	0.0749743	0.0536224	0.00475934	0.0506209	0.0762254	0.370083	0.0599664	0.015423	1.35868e-06	0.0644556	0.027408	0.0359528	1.22115e-15	0.00362607	
0.422714	0.00809754	2.47746e-11	5.371e-07	0.000614549	0.297751	0.00508596	0.042762	0.0184769	0.0121434	0.000127593	0.0238105	0.00542269	0.000175955	0.0030426	0.00837577	0.0981617	0.0529449	2.4082e-05	0.000267873	
0.369893	0.0238329	0.000879264	4.97619e-06	0.0011694	0.0607494	0.00573362	0.00212403	0.0232407	0.00285314	1.31242e-09	3.76012e-06	3.27717e-06	0.00397017	7.10064e-08	0.0672092	0.421192	0.016759	1.81133e-10	0.000381813	
0.0145102	0.01274	5.08068e-10	7.72647e-09	0.00193558	0.00734747	0.0103972	0.00341099	0.00929434	0.00558385	0.00102216	0.334948	4.62726e-06	0.00449496	3.39666e-06	0.545153	0.0489398	0.000117995	9.61674e-05	9.72203e-13	
0.0483314	0.000583078	0.23845	0.0291637	0.00318068	5.69937e-10	0.0751801	0.00364371	0.0940855	0.0284519	0.0129798	0.38257	0.00151577	0.0577204	0.00364519	7.97397e-05	0.0202627	7.82702e-07	0.000155562	4.18509e-07	
0.17217	0.00905663	6.40093e-05	0.0116634	0.0207465	0.0271279	3.96632e-05	0.0724444	0.0343718	0.0310814	0.0419293	0.0325504	0.00127083	0.00327048	0.00287292	0.156547	0.287404	0.0801071	6.65451e-20	0.0152824	
0.0738258	0.0246238	1.24961e-05	0.0934107	1.17471e-06	0.00130522	0.121421	0.274353	0.0159719	9.7699e-05	0.0343293	0.00196119	2.26282e-06	7.61529e-06	3.82971e-07	0.129644	0.0586437	1.37091e-05	0.036423	0.133953	
0.0559604	0.000174035	0.000425129	0.00165539	0.0130559	0.000101159	5.19331e-05	0.00913441	0.00280553	0.0278636	0.233624	0.00161437	3.23723e-05	0.00603057	0.046659	0.0287287	0.535104	0.0020301	0.00217796	0.0327708	
0.0379987	0.0371087	0.000851556	0.233777	0.0246267	0.0132277	0.0559952	0.00503019	0.00130509	0.0385213	6.12652e-06	0.00712271	0.445043	0.000133685	0.00738587	0.0706782	0.00301144	7.7946e-06	2.06499e-07	0.0181692	
0.0144003	0.00649606	3.79556e-05	0.0350384	2.9275e-09	0.0775692	0.000222486	0.0016422	0.113513	0.018256	0.0140461	0.000107083	0.0285299	1.96094e-06	0.338331	0.0792693	0.255441	0.000147804	2.14386e-11	0.0169503	
0.000735762	0.00323491	0.00557313	0.00058876	1.61538e-08	0.036142	0.00320157	0.0283284	0.0665138	0.0015125	0.0278803	0.343175	0.0372747	0.00389365	0.218953	0.186592	0.006054	0.0174179	7.86487e-17	0.0129291	
3.03926e-05	6.80717e-09	1.8355e-05	0.0060844	1.27133e-06	1.65084e-07	0.00523186	0.00220774	0.00598487	0.0253874	0.00913963	0.000115089	0.619003	0.0279903	0.000627547	0.293648	0.00274157	9.72338e-06	7.02474e-11	0.00177797	
0.00066146	9.1555e-08	0.00860387	1.35661e-05	0.0589375	0.0127246	0.0659571	0.0241955	0.00161162	8.1481e-06	0.00103338	0.640996	0.0012762	4.26047e-05	0.0747297	0.0299675	6.32314e-05	0.0042691	0.0749063	2.64819e-06	
0.0257546	7.81129e-08	5.58287e-07	0.365029	5.0037e-06	0.026842	0.00588171	0.00123446	0.0245883	0.000221422	0.00029977	0.0473377	0.000542166	0.339599	1.91858e-05	0.101252	0.0565975	0.00478702	2.88372e-09	7.85e-06	
0.000124023	0.319154	0.104368	0.11763	4.27133e-07	0.129354	0.0813669	0.00907593	1.21421e-05	0.0363615	0.000115999	2.89175e-05	0.0179749	4.95993e-08	0.0279217	0.0448721	0.0382864	0.00203555	3.95893e-07	0.0713162	
0.0973015	0.0203602	5.78637e-06	0.0558039	0.025395	0.00421719	0.0109234	5.8767e-06	1.22464e-06	0.0117673	6.44314e-09	0.0139861	0.466579	0.0487941	0.0405768	0.161	0.0402327	3.74661e-05	0.000710701	0.00230103	
0.0894741	0.00566455	0.0425689	0.00135237	0.10006	0.0054917	1.52876e-05	0.0159154	0.0100404	0.140577	0.00223578	0.0572612	0.0115255	0.000361221	0.012175	0.411977	0.089011	3.46626e-05	9.97549e-06	0.00424983	
0.0462435	0.00929877	0.012217	0.00141556	9.77002e-07	0.0366109	0.13126	0.212475	0.0340613	0.269979	7.23233e-06	0.000101123	0.0103728	0.00626424	0.0654086	0.00257974	0.0128402	0.148865	2.85061e-07	1.56097e-08	
8.00857e-05	0.000565096	0.0620266	0.0552038	0.000122797	6.85272e-06	0.225276	0.000241155	0.0983582	0.0530893	0.0075793	0.23117	0.00030844	0.156971	0.00833952	0.03693	0.0127355	1.67851e-06	1.94527e-19	0.0509947	
0.19704	1.39773e-06	6.72066e-07	2.03381e-06	0.0216437	0.454587	0.000537699	0.0518158	0.0766478	0.0132283	4.60827e-07	0.00137524	0.000707217	0.00518752	0.0347476	0.105927	0.00626843	0.00287421	0.0273717	3.72003e-05	
0.000599211	0.00126926	2.58938e-06	0.00104323	0.015525	0.0785108	0.00760822	0.00921324	0.40068	0.0110592	0.00191625	0.148907	0.0108897	0.000246814	0.00130435	0.139633	0.162773	0.00881647	2.74985e-26	2.43505e-06	
0.000694544	0.00404234	2.92998e-08	3.31438e-06	7.47368e-10	0.00637937	0.000808523	0.0162674	0.0274873	0.117594	0.680874	2.86443e-06	0.0177168	4.69184e-05	8.04113e-08	0.0303708	0.0529456	0.0426648	0.00210134	4.77921e-10	
0.0918177	0.000748669	0.000108596	0.0223753	0.120973	1.12442e-05	0.00445735	0.00155564	0.0516131	0.153299	0.0747017	1.80729e-08	1.80644e-05	0.000500253	0.00137652	0.161966	0.018435	0.0139875	0.282055	3.61629e-09	
0.0605173	0.000876241	0.000752147	0.046901	0.0182924	0.325382	0.0168119	0.00691483	0.0299446	0.0506217	5.44819e-08	0.123731	1.14003e-05	0.00578651	0.000209378	0.279027	0.0211386	1.81188e-06	1.10938e-11	0.0130793	
0.128527	0.0504469	0.00577363	0.0091702	0.0990656	0.00970904	0.0333571	0.058371	0.21814	0.00493544	0.283662	0.00861529	1.69656e-06	0.00104554	0.0183162	0.0546342	0.0124127	0.000744917	2.1714e-13	0.00307109	
0.224474	0.00250481	0.0282323	7.83422e-05	9.34001e-09	0.014283	0.00010628	0.00944576	0.00163523	0.00017367	3.09816e-05	0.00122376	0.038628	0.000718102	0.0613492	0.39222	0.152576	0.072284	2.97939e-05	6.17995e-06	
0.0698682	0.0115123	7.96444e-06	0.0292336	0.0784357	0.000156808	0.00155882	0.272749	0.0135932	0.189736	0.0124697	0.0197846	0.00246095	0.00370993	0.0205012	0.00639629	0.0151562	0.193258	3.3332e-15	0.0594118	
0.00273252	0.0113489	2.12117e-09	0.00151902	0.00769113	0.0386784	0.00362477	0.000543615	0.499594	0.000658424	2.97021e-05	0.219274	0.000289683	0.0205696	0.171832	0.00976396	0.00121533	1.48762e-06	0.000152217	0.0104815	
0.0825327	0.0822884	3.5757e-06	0.00054891	0.000518571	2.04429e-07	0.0632297	0.000474209	0.074602	0.0212284	0.0066	0.0273629	0.000609923	0.00936639	0.595006	0.0185308	0.0110449	0.00219596	0.000821846	0.00303468	
0.00264483	8.75299e-07	0.176484	6.40964e-05	0.0219371	3.42455e-05	0.025244	0.145837	0.0427287	0.25314	0.000314272	0.103865	0.000254743	0.0347385	1.50257e-08	0.00667597	0.0114471	0.111338	0.0183041	0.0449463	
0.204859	0.00503392	0.0104425	8.01318e-06	0.116548	0.0385957	0.00103835	0.00192773	0.0411212	0.0053696	0.0651311	0.00640719	5.89336e-06	0.136458	0.042229	0.000756897	0.0564344	0.0712082	0.0172252	0.1792	
0.0539756	2.32067e-06	8.39373e-05	0.0916514	2.2487e-07	0.00274295	0.0679366	0.107661	0.0432316	0.00155138	1.99037e-05	0.257852	0.00384458	0.175536	0.0865242	0.0315136	0.0390589	0.0345526	0.00223913	2.2039e-05	
0.00118237	0.0195712	0.169651	0.040087	0.00388834	0.00116456	0.0691497	0.0369541	0.021473	0.000634512	4.00364e-07	0.28495	0.0300492	0.12574	0.0023909	0.0683797	0.11565	0.000159145	3.58642e-18	0.00892393	
0.254161	0.0950792	0.00031145	0.00207685	0.0417457	0.00607059	0.260349	0.000322801	0.0440862	0.0106243	1.56143e-08	0.0187568	2.90068e-06	1.73637e-06	5.93848e-08	0.048041	0.162097	0.00951808	0.000581927	0.0461727	
0.0027785	0.037708	0.00901256	0.0526107	0.0595892	0.000191116	0.0021731	0.00129403	0.084452	0.573362	1.22688e-09	0.00618316	0.00176914	0.0173534	0.0261136	0.0334281	0.0848328	0.00273298	0.00434624	6.97821e-05	
0.0118293	0.0305977	0.00930865	0.00878528	5.34997e-08	0.00100825	0.00885955	0.011564	0.173714	0.0127074	5.00013e-06	0.00541035	0.0651798	0.2403	0.0458205	0.302947	0.00612794	0.0656856	5.29163e-06	0.000145315	
0.115126	0.000551304	0.000201828	0.000163698	0.0601596	0.00139649	0.00327046	0.00056875	0.118523	0.348641	0.0288751	0.057638	0.000263397	5.24271e-06	5.05907e-07	0.0347947	0.0511274	0.141912	7.88926e-05	0.0367022	
0.000262196	0.0145382	0.00384846	0.000111059	3.89301e-08	0.227255	3.35188e-05	3.9873e-05	0.00519864	0.0178274	0.0262972	0.230089	0.0101641	0.000155945	0.000159535	0.317086	0.143717	6.79103e-05	2.15813e-07	0.00314851	
0.000162348	0.00565895	2.04473e-09	0.000250754	6.44895e-07	0.0160233	0.0491746	0.00539151	0.287448	9.55196e-05	0.00631949	0.401487	0.000232808	0.00251439	0.104003	0.0907312	0.00182574	0.000743057	1.40582e-17	0.0279371	
0.00162137	0.0512144	0.00032514	9.16998e-05	0.230902	3.28137e-05	0.0195481	0.0434	0.00373289	0.063146	0.000125915	0.0633428	0.0520879	3.91575e-05	5.31233e-06	0.179617	0.0153066	0.0749864	4.04461e-08	0.200474	
0.0609098	0.00287596	0.00105648	0.000106828	5.75456e-08	0.0316102	1.9841e-05	2.71614e-07	0.0298592	2.54888e-07	0.000216415	0.00201486	0.0105591	0.022966	3.09799e-07	0.694583	0.127084	3.27425e-07	4.84105e-11	0.016138	
0.000108412	0.00551359	0.000107361	0.326749	9.4406e-05	0.0285464	2.35811e-05	0.00211834	0.196009	0.0682335	1.29722e-06	2.53776e-05	0.00178248	0.0240084	0.0058026	0.145185	0.180311	0.0147177	2.20998e-18	0.000663339	
0.14181	0.00517304	0.00515344	0.143302	6.67291e-07	0.00958874	0.000475555	3.81217e-05	0.0495585	0.13774	1.08182e-08	0.127828	1.91337e-06	3.18196e-08	0.00116305	0.00874581	0.00135071	0.03557	0.000964878	0.331535	
0.0302849	0.101256	0.00138519	0.0337228	7.36155e-11	0.00764159	0.0356512	0.0274372	0.0625721	0.0111562	0.0038396	0.0780193	0.00299733	0.128633	0.102149	0.2353	0.131117	1.00543e-06	0.00607473	0.000761714	
0.0459702	0.000683298	0.0217243	0.000145108	3.09851e-06	0.217012	0.00229124	0.172058	2.5882e-07	0.115944	0.0752514	7.41903e-05	0.00544213	0.20421	0.0503645	0.0100893	0.000108258	0.0778041	2.32503e-10	0.000825609	
0.00676083	0.037579	3.60952e-05	0.000703934	0.140439	0.132699	0.207467	0.0256884	0.0678566	0.000505674	0.00174434	0.0459831	0.12361	0.00435852	0.0107882	0.174081	0.0162689	0.00181785	0.00159449	1.75482e-05	
0.00281835	0.137244	0.00649941	0.0274916	0.289895	0.00952227	0.034934	0.00180207	4.61895e-05	0.000376612	0.00027908	0.00977819	8.70462e-05	4.22432e-05	0.00205454	0.457215	0.0185388	0.00137335	6.40299e-13	3.00108e-06	
0.336625	0.0628326	1.66681e-05	0.00978378	1.59476e-09	8.31516e-06	0.0437441	0.0320464	0.00363775	0.000123393	0.0432758	0.00305281	0.24373	2.83698e-08	9.0818e-05	0.0777527	0.0403406	0.0185343	5.92119e-07	0.0844041	
0.000866569	0.00153028	0.100338	0.0456098	0.0174444	0.00158451	0.000766916	0.000345138	0.000957793	0.181596	3.26393e-08	0.0441692	0.0558995	0.0275133	0.000121543	0.480467	0.0248297	0.0159241	3.546e-11	3.65551e-05	
0.0400259	0.000686736	5.12439e-08	0.00479284	0.000957798	0.0768628	0.00663046	0.000114873	0.0432635	0.0525423	0.000173949	0.00534491	0.0125681	0.00334031	0.11682	0.411618	0.223814	0.000398641	3.42935e-05	1.09842e-05	
0.0390889	0.0110415	0.1076	0.0666372	5.31702e-07	0.0872393	0.194807	0.000457316	0.000104147	0.0150248	1.56615e-06	0.12086	0.00336893	0.00414253	0.0104313	0.0904269	0.0161673	0.000853014	2.41897e-09	0.231748	
0.00335411	0.00348008	0.00161392	0.000338278	0.0676835	0.0268733	1.04504e-06	1.48839e-05	0.00461869	0.383392	0.367619	0.0100041	0.057185	0.0446832	0.00802088	0.00323283	0.00491446	0.012957	1.33348e-05	4.00023e-07	
0.333062	0.0191133	2.89426e-06	0.000507572	0.0625236	0.000391177	0.000298735	0.0872684	0.0231401	0.00221162	0.00147064	0.000536189	0.0186713	0.0459696	1.7043e-07	0.250152	0.0751761	6.13423e-06	3.83233e-06	0.0794946	
0.385163	0.0124254	5.36039e-11	0.0306609	0.00108232	5.05007e-05	0.000371834	9.41255e-11	0.0384289	0.0635444	0.00658776	0.149347	0.281373	2.00641e-05	1.80181e-05	0.00324772	0.0239073	2.71546e-08	1.84872e-05	0.00375388	
0.470226	0.0539448	0.0156757	0.132723	0.000774053	0.0458972	1.35706e-06	0.0537134	3.79044e-07	0.0122591	1.62581e-05	0.0370307	6.54923e-08	0.00484986	0.0849014	0.0165662	0.00351352	0.0672499	0.000651671	4.68503e-06	
0.00144066	0.00156698	3.4736e-11	0.0443176	0.000183698	0.282961	0.000223631	0.0808305	0.231569	0.0848887	0.0507295	0.000202165	0.0103209	0.00181396	0.0726225	0.126688	0.00166048	0.0079434	4.57973e-07	3.74533e-05	
0.226048	8.00575e-05	0.00175118	0.000141107	0.0112541	1.45146e-05	0.0445966	0.195488	0.00106523	0.0361046	0.0760103	0.103861	0.162605	0.000503466	9.47683e-08	0.0592553	0.0179404	0.0423008	1.37122e-05	0.0209662	
0.0939766	0.00451892	0.000464761	0.0033442	4.90677e-08	0.0205392	0.000161789	0.0213401	0.0789409	3.68969e-07	0.0301608	0.0638536	0.0136038	0.60809	0.00292294	0.0301894	0.00937142	0.000236436	3.91526e-06	0.0182806	
0.132843	0.0919905	1.37133e-08	0.0062321	0.0510707	0.0322826	4.34676e-07	0.183554	0.000376966	0.100964	0.0158451	0.226824	0.0119595	0.0595297	1.70533e-06	0.00544314	0.011413	0.0681245	2.42049e-06	0.00154285	
0.000245178	0.0649182	0.0705334	0.137066	0.0075283	0.152483	0.000444029	0.012882	0.0143075	0.0015279	0.0787492	0.25213	0.0961036	0.00424271	0.0668358	0.0241171	5.51339e-05	0.000519869	1.03123e-05	0.0153005	
0.0228147	0.0154304	0.00776506	8.96516e-07	0.000346253	0.00330347	0.0218115	0.00548988	0.0087666	1.05293e-05	0.0252259	0.392485	0.00366325	0.0961416	0.0499154	0.0391425	0.285703	0.00960352	1.04284e-34	0.0123805	
6.06196e-05	1.78152e-05	7.07362e-07	0.00170646	0.106631	0.00062652	0.00861242	0.000358807	0.0334692	0.2572	0.00419065	0.06475	0.0248406	0.0185411	0.0118819	0.138119	0.0168593	0.0358998	0.000512145	0.275722	
0.495464	0.0101561	0.00451686	0.0623254	0.00889547	0.0177254	0.0083216	0.00191599	0.000100935	0.00642496	0.000103231	0.014587	0.00325611	7.88512e-05	0.000328175	0.0871451	0.0826631	0.195892	9.92775e-05	3.28509e-08	
0.0760406	0.0158024	0.00623183	0.0025139	6.88324e-11	0.00147044	0.00407277	0.0253052	0.0675434	0.531181	0.073081	0.0597113	2.16878e-06	3.74595e-05	0.00640492	0.0468992	0.0111683	0.045333	0.0267988	0.000402397	
0.0273539	6.90237e-06	0.0125062	0.042403	0.00717464	0.00357937	0.300197	0.018542	0.000445666	0.000461401	2.3649e-09	0.0165638	0.0659831	0.269688	0.0282911	0.178472	0.0131263	0.0068221	5.66117e-09	0.00838347	
0.104747	0.000476258	0.00237836	0.0219514	7.68395e-06	0.00505994	1.53555e-06	8.45493e-05	0.0507748	0.523104	0.126624	0.132797	0.0156185	0.00442008	0.00291115	0.000296668	0.000600016	0.00448818	3.4929e-08	0.00365861	
0.00245128	0.0138431	0.014154	0.000372264	3.13674e-06	6.55533e-05	0.0432143	4.78754e-06	0.00490142	9.12648e-05	2.69415e-10	0.619284	1.4415e-05	0.00246629	0.00209584	0.0227561	0.0779603	0.00350151	0.151223	0.0415979	
0.00447091	0.000247119	0.0144144	0.000722136	0.109924	0.00010215	0.000608848	0.462818	0.00928932	0.205015	7.85388e-07	0.000417274	0.000861064	0.068458	0.000463941	0.0267805	0.000472345	0.0928574	3.28643e-05	0.00204377	
0.125555	0.000201567	2.3462e-09	5.53224e-05	3.30447e-05	0.00289707	0.00452391	0.00129131	0.508126	0.000137057	0.0104074	0.00407676	0.000311512	0.00121841	0.0523817	0.0149092	0.196268	0.0743121	0.000628721	0.0026661	
0.0135529	0.081957	0.00208343	7.67689e-08	0.00203886	0.000299601	0.00041651	0.0331625	0.179188	0.0566254	0.0326099	0.00563891	3.29879e-05	2.74681e-05	7.15359e-05	0.035787	0.237243	0.163139	3.52073e-05	0.156091	
0.0286904	0.0170228	0.000223686	0.00306673	5.9651e-05	0.298919	0.143995	0.000123208	0.00175205	0.063534	0.210974	0.000370392	0.00951988	0.0646103	0.0221818	0.123238	0.00135106	0.000984523	5.93912e-05	0.00932584	
0.126389	0.0196648	3.71954e-07	0.128458	8.53231e-08	0.063465	0.00777876	0.0433413	0.0516813	0.0482155	0.00419533	0.00147234	0.00663225	1.83161e-07	0.440828	0.0454623	3.29858e-07	0.00570714	0.00663293	7.50712e-05	
0.174471	0.00580617	0.0484081	2.74138e-05	1.69435e-09	0.00871005	0.00114453	0.000923011	0.0082552	0.0047715	0.208004	0.00237946	0.0210982	2.35035e-06	0.105764	0.111022	0.233157	0.019734	3.42027e-13	0.0463219	
0.142467	0.265391	0.0503471	0.0267724	0.000195292	0.0361655	0.00810486	0.00115276	0.0121018	0.00211868	0.050104	0.000195566	0.00966777	0.0100373	0.0156351	0.00540043	0.0896465	0.00960148	0.243128	0.0217675	
0.0142061	4.76475e-06	0.00774075	0.000256447	0.0394944	0.245093	3.73175e-08	0.14569	0.0120021	0.0518295	0.0904791	0.114691	0.27026	0.000732424	4.7398e-05	0.00553964	0.00129993	1.56682e-06	1.54912e-11	0.00063119	
0.127248	0.261308	2.51994e-07	0.0168218	9.52968e-05	0.00592952	0.0124154	0.0360878	0.00347191	2.54127e-05	0.162353	0.264253	0.000507424	0.0444251	0.0315847	0.0113341	0.00306152	1.94449e-06	2.61769e-06	0.0190734	
0.379451	0.0114229	1.37781e-06	2.24248e-05	0.01938	8.3416e-05	0.0463628	0.0130157	0.000354328	0.0534791	0.0119336	0.000288384	0.000836147	0.0186252	0.0205037	0.0324904	0.250835	0.140912	2.71058e-06	1.57054e-13	
0.0434749	0.0497901	3.19225e-08	0.00685411	4.58247e-05	0.0366548	0.00642182	0.107017	0.0123071	0.0055016	1.49939e-06	0.291728	0.0224842	0.0997165	5.92102e-05	0.207528	0.099086	3.79123e-15	6.76114e-06	0.011323	
0.00650149	0.000156115	0.00359879	0.000217376	1.35304e-08	0.0459201	0.0245933	0.00211538	0.0148237	0.000369561	0.000115327	0.0114141	0.10133	0.0302549	0.000701275	0.0942898	0.0543944	0.255493	4.88916e-09	0.353711	
7.49234e-05	0.0180261	0.0510897	0.00508257	0.00340545	0.00387301	0.0505762	0.0229754	5.03189e-08	0.68893	9.264e-07	0.0156018	0.0563116	0.0222395	3.82402e-07	0.0471204	0.00706596	4.89237e-06	7.17499e-24	0.00762157	
8.51493e-05	8.55925e-05	0.000370073	0.0119709	0.000506347	0.451596	0.00897036	0.000218856	0.0401767	0.0134356	0.133263	2.35517e-05	2.29978e-06	4.69345e-05	7.14826e-07	0.0321715	0.07858	0.214151	0.0143167	2.85751e-05	
0.276394	0.0639999	0.0362547	0.0165944	0.00782284	0.254158	0.03734	3.27344e-06	0.0967578	0.0387535	0.0609061	0.00277803	2.93085e-05	2.63829e-05	0.00166474	0.0940688	0.00495067	0.000945004	1.29751e-18	0.00655291	
0.0443461	0.189743	0.224659	0.000859804	0.00333566	0.00130806	4.9982e-05	0.00163226	0.000253397	0.00810568	0.0040621	0.00145275	0.000669434	0.000331123	6.04484e-07	0.406159	0.0887059	0.0241596	1.14922e-16	0.000167565	
0.006516	0.00203239	0.0383224	0.117102	0.0139119	0.010434	0.00768976	1.34274e-05	0.072242	0.0595178	0.00745211	0.00681546	0.00191682	0.0761558	0.167048	0.0448778	0.163486	0.00031122	0.175262	0.0288928	
0.0247698	1.01868e-13	0.00338888	0.335306	0.00716039	0.00322154	0.150653	7.48782e-09	0.00094036	0.0370795	0.014832	0.0430441	0.000263082	0.144668	0.0854032	0.0704682	7.12166e-10	0.0190347	0.00370793	0.0560592	
0.018357	0.0224469	0.191376	0.0338625	0.068382	0.00136717	0.156564	0.0274463	0.173555	0.0466021	2.47413e-05	0.0963062	0.00013228	0.0562523	0.0630427	0.0343184	0.0099253	6.22447e-06	4.83695e-20	3.28588e-05	
0.0157446	0.216028	0.00200167	0.00342226	0.00369006	0.0147037	0.0918629	0.294821	0.00240302	0.0419847	0.000191499	0.0237209	0.000694689	0.0196511	0.0999157	0.0537416	0.104019	0.0103774	1.39807e-20	0.00102571	
0.019947	2.09093e-10	0.077279	0.0291787	0.000570797	0.0158134	0.0503239	0.0389125	0.294774	0.0018067	0.12514	0.0921601	0.00166071	9.43444e-07	0.00566369	0.12725	0.119087	3.43934e-05	0.000110461	0.000287958	
0.0500934	0.00309771	0.00827008	0.00681065	0.00688367	0.000594698	0.00337641	2.6266e-10	0.0762921	0.132452	4.85983e-10	0.346516	0.0809667	4.81991e-05	0.00124287	0.224941	0.0582711	3.43266e-06	7.67132e-09	0.000139108	
0.183611	0.000176276	1.32129e-05	1.17253e-07	0.00866121	0.05926	0.306419	0.00743156	0.0634242	0.0207654	2.68851e-08	0.0385937	0.00475398	0.0828982	0.000622478	0.113937	0.0749359	0.0322437	2.18618e-15	0.00225274	
0.0394016	0.00241824	2.34897e-06	0.00330302	0.000320422	0.00271727	0.102961	0.0149392	0.012935	0.00379911	0.00203874	0.0114589	0.0190734	0.000899666	0.0549174	0.619699	0.00403536	0.0641533	0.0394225	0.00150416	
7.12902e-07	0.09952	0.00242234	0.00506257	0.000801591	0.000200207	0.0423575	0.00676776	0.000263029	0.0494899	0.201805	0.0121882	2.55775e-05	0.0456997	0.00261691	0.0703204	7.34771e-05	0.457021	0.00151966	0.00184433	
0.0693516	0.000906782	0.46947	2.30346e-08	6.76546e-08	3.64392e-05	0.00197616	0.0567844	0.073144	0.0173319	0.000217385	0.100319	0.00938207	8.34819e-06	0.00943087	0.00691972	0.032206	0.080907	2.62265e-24	0.0716079	
0.0224211	0.0383911	0.0211581	2.56247e-05	4.05833e-10	0.191665	0.280145	3.59222e-06	0.0242806	0.067247	0.0729248	0.0549221	0.000741178	7.94632e-06	0.0142181	0.000290149	1.1233e-05	0.0709992	0.0472923	0.0932557	
0.00309768	0.000516537	0.00325969	0.00037008	0.0107215	0.00643043	0.0252635	0.0677079	0.0531703	0.00714737	0.142323	0.0126904	0.0129647	0.212669	0.169971	0.0386572	1.00382e-05	0.231818	0.0002313	0.000980481	
0.00625362	0.191053	0.000115072	0.0839795	0.00380869	0.0057913	7.48582e-08	0.001737	0.0295731	0.00454099	6.11134e-07	0.000934235	1.55201e-07	3.62662e-06	1.86191e-06	0.0152272	0.551071	0.0387999	0.0652718	0.00183689	
0.00110397	0.122549	8.0871e-14	0.00690234	0.000452091	0.0454636	0.168253	0.0400219	0.177001	0.00557939	1.05194e-05	0.0745913	0.0056969	0.338622	9.47204e-12	0.00706737	0.00665223	3.19597e-05	1.63906e-11	2.72349e-06	
0.0192704	0.000968565	0.000343939	0.0105016	6.89581e-12	0.114018	8.90546e-05	0.000118649	0.161781	0.0486873	0.0167436	1.35051e-07	0.000431536	6.77945e-05	0.0190744	0.0135167	0.00427872	0.589528	3.96448e-09	0.000580964	
0.0116509	7.16837e-05	0.00213558	0.00305225	0.00135394	0.00207249	0.0241364	0.0461568	0.0230801	0.0779807	0.164491	0.182522	0.0141374	0.0366268	0.00804351	0.185096	4.82583e-05	0.208324	0.0011805	0.00784022	
0.00123451	0.064449	0.00654253	0.000211721	9.5103e-06	0.00381152	0.00300624	0.0204433	0.181845	0.0232211	2.07306e-06	0.0911815	0.0525756	0.120619	2.39587e-07	0.201568	0.0387841	0.00268505	1.32445e-11	0.18781	
0.0286305	0.00733628	2.3213e-05	0.000212761	8.66097e-11	0.0253278	0.0658953	0.146276	0.0166481	0.109221	0.0064525	0.325537	0.00272975	0.0435993	5.67125e-05	0.0508343	0.0244864	0.144247	0.00128036	0.00120581	
