CATSBDP
1	-1	117464
1
1.8
0	0
0	0
../../data/allgaps37.phy
4
0
Universal

0
0
0
0
10	0
0
((((((((Aylax_hy:0.042108498208999,(Isoc_cen:0.0381699139014637,Aula_tav:0.0385558942142643):0.0125245371876891):0.00460479013488004,Hedic_le:0.0418933869609761):0.049435850200624,Phana_JH:0.148975606178822):0.00740872777188069,((Escha_ac:0.637512341116867,(((Gana_sp1:0.180834841905542,((Lepto_he:0.116671677660333,Lepto_cl:0.0926467661957403):0.0475237075189495,Lepto_bo:0.135929198458426):0.169243699938322):0.196031351253138,Callas_no:0.221186602257483):0.0184083297851932,(Phaen_vi:0.118374829640451,(Allox_ar:0.178161769419316,Parn_nig:0.143317201653221):0.0329197348766696):0.0108386799847016):0.0421575693236058):0.00115862843500159,((Dipl_spi:0.224002016239107,Pedia_ac:0.167895632079126):0.0394430046451694,(((Micropld:1.32008783836216,Orussusa:0.649681015933609):0.132040739203109,Nasoniav:1.22262655019741):0.526112029020414,Cecin_ib:0.421396542819002):0.193931230018649):0.026570836171485):0.0760846971052549):0.0106426712104317,(((Syne_gif:0.029880425181534,(Syne_jap:0.0174620366865386,Syne_umb:0.0262006800655816):0.0356500610185813):0.0145404418999803,Syne_ito:0.0358888267409648):0.118006922500916,Qwaq_sco:0.152105183698941):0.00936767307231477):0.0171110798540077,(((Diast_ki:0.0664480625107744,Peric_JH:0.0625982554811513):0.0638160848684467,Cerop_ma:0.129216757040125):0.00489868004647548,Irae_his:0.101282314759706):0.0084399646002365):0.0126408443394624,Prot_spe:0.162911011036769):0.0293184234978534,((Bior_pal:0.0849285286034114,(Beloc_tr:0.0352445524007717,Andr_qln:0.0474209946564648):0.00375541712101613):0.0194540851606442,((Andr_cur:0.0650592259180098,Andr_gro:0.0765381834745541):0.00662161960469632,Andr_qrm:0.0585726823966468):0.00808758574012747):0.0355689369300251,Calli_sp:0.110699483198886);
((((((((Aylax_hy:0.042108498208999,(Isoc_cen:0.0381699139014637,Aula_tav:0.0385558942142643):0.0125245371876891):0.00460479013488004,Hedic_le:0.0418933869609761):0.049435850200624,Phana_JH:0.148975606178822):0.00740872777188069,((Escha_ac:0.637512341116867,(((Gana_sp1:0.180834841905542,((Lepto_he:0.116671677660333,Lepto_cl:0.0926467661957403):0.0475237075189495,Lepto_bo:0.135929198458426):0.169243699938322):0.196031351253138,Callas_no:0.221186602257483):0.0184083297851932,(Phaen_vi:0.118374829640451,(Allox_ar:0.178161769419316,Parn_nig:0.143317201653221):0.0329197348766696):0.0108386799847016):0.0421575693236058):0.00115862843500159,((Dipl_spi:0.224002016239107,Pedia_ac:0.167895632079126):0.0394430046451694,(((Micropld:1.32008783836216,Orussusa:0.649681015933609):0.132040739203109,Nasoniav:1.22262655019741):0.526112029020414,Cecin_ib:0.421396542819002):0.193931230018649):0.026570836171485):0.0760846971052549):0.0106426712104317,(((Syne_gif:0.029880425181534,(Syne_jap:0.0174620366865386,Syne_umb:0.0262006800655816):0.0356500610185813):0.0145404418999803,Syne_ito:0.0358888267409648):0.118006922500916,Qwaq_sco:0.152105183698941):0.00936767307231477):0.0171110798540077,(((Diast_ki:0.0664480625107744,Peric_JH:0.0625982554811513):0.0638160848684467,Cerop_ma:0.129216757040125):0.00489868004647548,Irae_his:0.101282314759706):0.0084399646002365):0.0126408443394624,Prot_spe:0.162911011036769):0.0293184234978534,((Bior_pal:0.0849285286034114,(Beloc_tr:0.0352445524007717,Andr_qln:0.0474209946564648):0.00375541712101613):0.0194540851606442,((Andr_cur:0.0650592259180098,Andr_gro:0.0765381834745541):0.00662161960469632,Andr_qrm:0.0585726823966468):0.00808758574012747):0.0355689369300251,Calli_sp:0.110699483198886);
1
7.09168
0.527626
5000
21.9616
0.312614	0.152369	0.201804	0.208465	0.195342	0.258097	0.203939	0.308163	0.282448	0.281538	0.154162	0.391052	0.187175	0.24592	0.203761	0.501496	0.462401	0.258951	0.0469586	0.197869	

6.53752e-08	0.000554842	0.000287662	0.00201939	0.00140197	0.00294351	3.81888e-05	0.00079122	0.0428114	2.1419e-06	8.77957e-12	0.0032091	7.1929e-06	0.0151709	0.916072	0.000579001	0.00999507	2.00941e-06	0.00411389	1.764e-09	
0.0288492	6.17588e-07	0.0171305	0.0391099	0.00322711	0.0148328	0.00521569	0.0368575	0.472328	0.0182301	0.00662706	0.0605349	0.00782282	0.0645202	0.138705	0.0310298	0.0489838	0.00471475	1.75212e-12	0.00127964	
1.49787e-05	0.00456334	0.000738998	1.17204e-06	0.00544937	8.31626e-10	5.97007e-05	0.563381	0.00592472	0.0582086	0.0111566	0.00286761	0.00401675	2.81605e-05	0.000159153	0.000185512	0.0161348	0.327105	3.40906e-15	4.71141e-06	
0.068058	0.00836014	0.0363458	0.0380578	0.0143957	0.0147642	0.0128064	0.0304884	0.0566441	0.0456013	0.0149506	0.0694431	0.115686	0.0260669	0.0267485	0.243669	0.122165	0.0459652	4.0544e-08	0.0097838	
0.0447487	0.00363373	0.131162	0.106597	0.00491274	0.0408894	0.0301951	0.00305054	0.123312	2.33444e-05	4.84315e-13	0.215412	3.18649e-06	0.0400108	0.02771	0.108641	0.0714116	0.0261032	2.16466e-11	0.0221829	
0.0547994	0.000234694	7.35374e-06	0.0106222	0.00214109	0.00371743	0.000663183	3.49302e-05	0.00116491	8.31097e-09	0.000325887	6.60477e-05	0.733151	0.0204673	0.00220606	0.145221	0.0205801	8.00506e-07	2.47314e-20	0.00459703	
0.0564543	0.00748225	0.0145236	0.0376378	0.0153122	0.0245216	0.00947209	0.194319	0.0500281	0.0952065	0.0685933	0.0477387	0.0228165	0.0421518	0.0462995	0.0528538	0.0723247	0.137884	1.84956e-09	0.00438001	
0.0165722	0.00625198	0.00194807	0.000192648	0.0022013	0.0301063	0.00229247	0.00248235	8.25057e-05	0.00126265	8.18166e-08	0.00528757	0.00720884	0.000696089	7.3056e-06	0.835785	0.0875992	1.81899e-05	5.41129e-18	4.80157e-06	
0.000672344	0.000787657	0.000619393	0.0192748	0.000149121	0.00341983	3.27748e-05	0.00612553	0.733019	0.000331492	0.00429718	0.00144833	0.00713911	0.000468386	0.179465	0.0197379	0.0163377	0.00203992	6.39425e-10	0.00463437	
0.00644378	3.2648e-08	0.00056176	6.63039e-06	0.0265737	1.79556e-05	0.00205143	0.396642	1.42165e-06	0.338004	0.0869542	0.00138724	3.27259e-06	0.012164	0.00163391	0.00855823	0.0154672	0.0972809	4.65218e-08	0.00624819	
0.0234615	0.030664	0.0379601	0.0522406	0.0486323	0.0183984	0.182893	0.024866	0.0568786	0.0558198	0.00534048	0.084723	0.00806638	0.0816948	0.0555644	0.102377	0.00125147	0.00517987	3.96966e-25	0.123988	
0.0273379	2.69015e-11	9.23691e-05	0.00136335	1.67106e-05	0.000995657	0.000804978	0.00180807	5.88811e-06	0.00954403	0.00234318	0.00742721	0.924618	0.00182076	3.59469e-05	0.0147694	0.00589754	0.000563324	0.000532804	2.29834e-05	
0.0191209	6.60225e-07	0.0247464	0.00208166	0.00698467	0.0052071	3.11254e-05	0.000161497	0.000139231	0.00286202	0.0206461	0.160905	0.0274708	0.000260886	2.86703e-06	0.264629	0.446742	0.0106036	1.05774e-10	0.00740422	
0.0177697	0.00121961	0.000685869	0.00384563	6.79626e-05	0.946209	0.00125139	0.000254318	0.00445101	4.81233e-06	0.00148721	1.1022e-06	4.50676e-06	0.000279835	0.00408345	0.0164735	0.00110909	0.000416921	4.76011e-21	0.000385553	
0.183322	0.0601737	2.94708e-05	0.00271152	0.106098	0.00709027	0.0181951	0.00181339	0.031402	0.159523	0.067293	0.100845	0.00654768	0.0799405	0.0460992	0.0445003	0.0378456	0.000865204	2.46411e-13	0.0457048	
2.49082e-05	0.0093129	0.0809291	0.0574782	6.20499e-06	0.281569	0.0323009	0.000866121	0.0254289	0.0142609	0.000708526	0.124129	0.0108455	0.0756217	0.040526	0.234545	0.00901921	0.000950821	1.09505e-23	0.00147765	
0.42402	0.0262573	0.0184849	0.00104725	0.018365	0.171969	6.74117e-13	0.0439245	0.0040234	0.00977984	0.000135898	0.00313561	0.00926278	0.00033634	0.0123654	0.0488596	0.131675	0.0763577	2.22221e-23	4.72007e-07	
0.0370057	9.5229e-06	0.0163743	0.0275979	0.0457548	0.00864614	0.020559	0.0235339	0.00442234	0.112936	1.44777e-05	0.00327177	0.362388	0.0779046	0.0337944	0.13739	0.060544	0.0256212	2.94595e-07	0.00223184	
0.00620968	0.0427863	0.02904	0.00090482	0.276745	0.0102639	0.00033495	0.0910257	1.85333e-05	0.253673	4.81165e-05	0.00883074	0.00616936	0.00497959	0.0295069	0.0609552	0.0505707	0.0545819	0.00647158	0.0668844	
0.00122209	4.33685e-08	9.71157e-06	0.00157424	0.0342675	0.00109218	0.00322911	0.0357349	0.00387166	0.857521	0.0305819	0.000731853	0.00121097	0.00442306	0.00167048	0.00308033	0.0007368	0.0162526	0.00145054	0.00133883	
0.00264488	1.16619e-05	0.00552669	0.00623348	0.000868307	0.000726844	0.0690999	0.0162017	0.00396352	0.00512258	1.0105e-08	0.00800155	0.0173353	0.855586	0.00333937	0.000191538	0.00070542	0.00324856	3.60022e-06	0.00118901	
0.000148894	0.0314835	0.0332918	0.00220561	0.0445759	0.0220782	0.0257801	0.173453	0.0441582	0.0375401	0.00921087	0.156881	0.00886289	0.000284365	0.000436952	0.230626	0.131859	0.0175667	2.60937e-07	0.0295563	
0.00697997	1.64603e-06	3.61136e-11	0.00421098	0.00327303	0.00132784	0.000704295	0.283061	0.0101129	0.127907	0.489406	0.00519483	5.78776e-07	0.00133245	0.000293963	0.000215458	0.0117335	0.054056	2.3716e-08	0.000188107	
0.271974	0.000212578	0.00498242	0.0425475	0.00531205	0.111625	0.00249219	0.00174069	0.000487667	0.0206219	0.00017839	0.0543444	0.0691994	0.0411416	4.66249e-10	0.104515	0.152548	0.113533	2.22144e-06	0.00254325	
0.316052	0.010327	0.000133715	2.45347e-05	0.0179763	0.1618	4.36308e-10	0.0147972	0.0525353	0.000450305	0.000488268	3.20066e-06	6.34197e-05	0.124321	0.0856238	0.0778059	0.000153743	0.0382265	0.0473595	0.0518582	
9.57551e-06	4.45511e-05	0.000176032	0.000822908	0.0066926	0.00753838	1.82068e-12	0.0031132	0.00390489	0.0112051	0.000820186	0.00297011	0.000704159	0.000142023	0.00136055	0.0105255	0.00112543	0.00137505	0.934982	0.0124881	
4.9245e-11	0.00357047	0.0133306	0.0786032	0.0391049	0.0108774	0.046749	0.0112828	0.297846	0.0234679	9.70572e-13	0.0777564	2.36765e-08	0.181594	0.152174	0.0227781	0.00102265	0.0237641	0.00918585	0.00689272	
0.144978	0.00452112	0.00251531	0.00801404	0.0247992	0.0143997	0.0123196	0.101275	0.0262615	0.0469564	0.0519445	0.0557922	0.00909093	0.00988382	0.0125948	0.149755	0.253564	0.0578014	0.00297653	0.0105562	
0.145612	2.72471e-05	0.0781792	0.1881	0.00379258	0.0120587	0.0046664	0.0642046	0.0697712	0.0300722	0.00724013	0.0721752	0.0143422	0.0190437	6.64347e-06	0.059129	0.0838316	0.144934	3.03519e-19	0.00281407	
0.0438681	0.00270111	0.00344847	0.0119549	0.00158157	0.735434	0.000431551	5.81003e-05	0.00584767	0.00794179	1.55674e-05	0.0264126	0.00499447	0.00283984	0.00506293	0.113856	0.002022	0.0315283	3.84692e-11	9.4169e-07	
0.0265961	0.00446775	0.371982	0.432936	2.92711e-10	0.00389194	0.012086	0.00144213	0.0156694	0.0014569	3.74603e-12	0.0322154	0.0223156	0.0004749	0.000636967	0.021009	0.0370393	1.69487e-07	3.17185e-19	0.0157804	
0.0939549	0.000281805	1.04049e-05	0.000404713	0.000458578	0.0726015	0.0319775	0.108271	0.000492714	0.369923	0.143218	0.0325305	0.0528212	0.0602174	0.00348913	0.0108911	0.00307291	0.00110145	1.75404e-16	0.0142825	
0.000791672	1.44638e-05	0.853308	0.0934506	0.00179024	0.0119901	3.55359e-10	5.18332e-05	2.01658e-07	2.99706e-05	3.13059e-07	0.0260337	0.00559136	0.00238012	0.000822602	0.00192347	0.00170862	4.29908e-05	2.86604e-13	6.99782e-05	
1.72618e-06	0.0047831	7.31083e-05	0.00682584	0.934382	1.66741e-06	0.00138468	1.07409e-06	2.6548e-08	0.0169519	8.74928e-05	0.0004581	0.000135859	3.03703e-05	5.51462e-05	0.000560173	0.00562642	7.15775e-07	1.74076e-13	0.0286405	
0.00370194	1.13943e-12	6.40034e-07	2.04181e-07	0.0701214	0.00101118	0.0150088	0.0012488	0.00231791	0.000441325	0.000147246	0.00189832	2.0159e-06	0.000223256	0.00199593	0.000399907	0.000261397	0.00393183	0.000147813	0.89714	
0.570143	0.00511797	0.00112823	0.0131629	0.00171415	0.0226623	0.00265762	0.0205577	0.0114474	0.00774819	0.0104383	0.00649968	0.00173646	0.000430032	0.00283798	0.0855828	0.138062	0.097679	0.000138434	0.000256302	
0.016502	7.28465e-05	0.197336	0.583138	0.00357033	0.0216228	0.0013588	0.00863085	0.0380466	0.00417814	0.000932223	0.0364893	0.00557065	0.0333826	2.95863e-05	0.0246044	0.00352276	0.0198865	7.2723e-24	0.00112538	
0.111599	0.0202735	0.0416362	0.0279499	0.00081784	0.0640032	6.29985e-05	0.0138255	0.00156375	0.0179167	0.00359253	0.039947	0.00824741	0.0151285	0.043696	0.400448	0.183328	0.000165373	1.62343e-08	0.00579935	
9.90845e-05	1.96458e-05	0.00476827	0.0111117	0.000107861	0.0213558	0.0234941	7.95194e-05	0.0216799	0.0173523	0.0668574	0.33191	0.00047573	0.024106	0.261185	0.0943484	0.0129706	0.0631984	0.00456988	0.0403102	
0.0125573	0.00410311	0.00635527	0.159509	2.2699e-06	0.00674868	0.073826	1.86175e-05	0.177359	0.0328318	0.00524374	0.0247316	0.0132517	0.268697	0.116787	0.0394568	0.0367844	0.0021339	4.05837e-11	0.0196019	
0.0477232	0.0055565	0.00333296	0.103609	8.18373e-12	0.0426354	0.177372	0.00745194	0.0511869	0.0370895	0.00462462	0.0596773	0.00498223	0.343987	0.00038513	0.0382248	0.0707949	0.00136594	1.67743e-27	2.52285e-07	
1.02725e-05	0.168025	0.0208223	0.020123	0.00146285	0.00167628	0.032841	0.00348036	0.000474431	0.00102695	0.0240459	0.0161227	0.0295792	0.0115867	0.00758892	0.467762	0.00942643	0.00231303	7.60478e-17	0.181633	
0.00348767	0.00225185	0.00868511	0.0036021	0.00154117	0.00320164	0.0262722	0.00227754	0.26849	0.00163803	0.00424279	0.00778915	1.93399e-05	0.0325072	0.604744	0.015406	0.00813149	0.00364955	0.00205498	8.56471e-06	
0.000230143	3.96767e-07	0.00360559	0.00209715	0.000135243	0.00144909	0.872562	0.000140912	0.00138354	0.0134975	8.66316e-11	0.00086804	0.0134251	0.0302624	0.0198397	0.00226827	0.00186805	0.000825802	1.27961e-10	0.0355408	
0.0797504	0.000286493	0.00986143	0.0139061	0.0261149	0.0105309	3.59048e-06	0.148771	0.00681146	0.233664	0.0517583	3.44153e-08	0.0199764	0.00184774	0.00337347	0.0104892	0.00805026	0.353209	1.69146e-06	0.021594	
0.0348517	0.000457837	3.16269e-07	0.000139699	1.90615e-06	0.00311902	9.24406e-05	0.175533	0.00290679	0.0134313	0.00341095	0.00343891	9.2676e-07	3.80583e-05	4.38264e-10	6.8715e-05	0.00692089	0.753509	4.35491e-08	0.00207759	
0.055992	1.07193e-09	0.347389	0.261796	0.00252552	0.112646	0.00744961	0.00299105	0.00926952	8.23317e-05	4.68252e-07	0.0615417	7.39002e-06	0.0318822	0.0122321	0.0553852	0.0154083	0.0213113	1.87438e-06	0.00208842	
0.00781803	0.0210427	0.00386437	1.15634e-05	0.302014	0.00433406	0.0529356	0.00475964	0.0361876	0.0209577	0.00949095	0.00123353	3.71878e-06	5.22584e-05	6.54125e-07	0.00163245	0.00343252	0.000275083	0.0135972	0.516356	
0.111851	0.000989877	1.28681e-05	0.13484	0.00172483	0.0221344	9.7934e-07	7.94423e-05	0.00510079	4.76526e-05	1.27736e-06	0.0557432	0.255395	0.0597214	0.107156	0.191479	0.0536172	3.66098e-05	3.9214e-08	6.83885e-05	
0.00328045	0.00719221	6.70773e-11	0.111907	0.00494931	0.0275872	0.0808602	0.000175181	0.000983936	0.0110452	0.191147	3.16351e-06	0.0269612	0.0205198	9.03663e-05	0.0489701	0.148584	0.314836	0.000107524	0.000801586	
0.00696289	0.0578223	0.00225395	0.0159156	0.12025	0.00462931	0.0499846	0.0533606	1.32064e-07	0.0805863	0.000321573	0.0535152	0.0498614	0.000314785	6.15954e-10	0.0494112	0.00244554	0.0912028	9.43908e-09	0.361162	
0.0676249	0.000483956	0.00145226	0.00212933	0.0850863	0.00215641	0.00670278	0.518338	0.000176171	0.0778888	4.60881e-05	6.39703e-05	4.83087e-05	0.00152789	7.04355e-07	0.018643	0.000231514	0.19816	0.000529815	0.0187092	
0.145693	0.000138274	0.00279916	0.0215815	0.0125071	0.000244094	0.00230056	0.00249371	0.0201683	0.0713636	1.83193e-05	0.0241808	0.0153276	0.00535984	0.000138269	0.586053	0.0619663	0.0209542	4.68782e-19	0.00671285	
0.0331738	0.00464949	0.0652204	0.330842	0.000965295	0.0272028	2.33245e-07	2.4161e-05	0.183541	0.0175498	0.0122369	0.0764388	0.00737123	0.135038	0.0402969	0.0223916	0.0209455	0.0180594	0.00125987	0.00279242	
0.00996873	0.0176116	0.00566679	0.00739355	0.0011198	0.0768895	0.0115237	0.220212	0.00225138	0.0164056	0.0576017	0.0623146	0.00128995	0.000480891	4.03057e-06	0.183381	0.319576	4.68136e-08	2.3046e-11	0.0063078	
0.143169	0.00143237	0.00568916	0.00257283	1.74216e-05	0.000436402	0.00834312	0.00748494	0.000663479	0.000492205	1.2943e-07	0.00671142	0.0489658	0.00565144	4.1676e-05	0.273916	0.481903	0.0120091	1.46702e-08	0.000501132	
0.0337296	0.00468952	0.000988218	1.86095e-09	0.000895709	0.0374574	1.71907e-06	0.00141199	0.00499243	0.000311611	0.000311891	0.232445	1.5814e-07	0.00299457	0.00818538	0.495995	0.175334	0.000255592	2.31443e-46	1.04936e-08	
0.0209615	2.20347e-12	0.000359895	2.56648e-09	6.25881e-07	0.0500349	0.00482583	0.0108765	0.00141996	0.038215	0.00255048	0.00629843	0.389528	0.361388	1.67814e-08	0.090726	0.022472	2.75771e-08	0.000204183	0.00013916	
0.0018758	0.000247075	0.0994261	0.140125	0.0128441	2.8295e-06	0.254163	0.000715102	0.0203301	0.00346638	0.00785065	0.202663	0.0015633	0.10613	0.102388	0.0396891	4.13653e-05	0.00386455	2.65996e-06	0.00261229	
0.00925145	8.9544e-06	0.126743	0.814768	0.000218971	0.00446225	6.7356e-05	0.00223261	0.0125676	0.00244207	0.000361113	7.30129e-05	8.05747e-07	0.0222239	0.00297017	0.0001164	0.00104671	9.33513e-07	2.22e-11	0.000443928	
0.747645	2.02942e-09	0.00319663	1.1201e-05	0.001977	0.0318504	1.51901e-05	4.28924e-07	0.000826383	7.00192e-05	7.40219e-11	0.000194384	0.0199871	0.000625499	7.31845e-06	0.0133866	0.169911	0.01027	2.47757e-05	7.88919e-07	
0.0463483	3.1512e-05	0.00277624	0.0099126	0.000106466	2.77035e-07	0.0288923	0.00136988	0.00102649	2.90627e-06	3.18628e-05	0.113432	0.362476	0.00138039	3.58238e-05	0.121934	0.310132	1.88692e-05	1.97021e-08	9.15995e-05	
0.000331728	0.00502568	0.00020904	2.96071e-05	0.00680155	0.00196983	0.408717	3.75543e-05	6.30115e-08	0.000116808	0.000810451	0.0567339	0.00322246	1.00986e-09	9.5181e-05	0.0214848	0.00183063	0.000963835	7.94354e-06	0.491612	
4.77508e-07	0.00426248	0.00831902	0.0176545	0.000960185	0.0842641	0.0126964	0.104575	0.0965689	0.158102	0.00115297	0.206042	1.19712e-06	8.25305e-05	0.0490965	0.0953428	0.00268554	0.0471917	0.027031	0.0839702	
0.781538	0.00498415	1.64674e-07	1.7447e-06	0.00276306	0.0276903	5.06295e-05	0.000623237	0.00248807	0.000653997	2.50719e-08	0.00637325	0.000840722	0.0033004	0.00065055	0.146614	0.000133008	0.0201965	2.37451e-25	0.00109839	
0.0270462	0.0953534	0.0342903	4.45188e-06	0.148482	2.28731e-05	0.0930175	0.0341804	0.0238045	0.0324344	0.00012355	0.00101311	1.12552e-08	0.0194362	0.0206276	0.0377211	0.0242253	0.0473377	0.0176461	0.343233	
0.0297704	0.00101871	0.166399	0.218917	0.0241031	0.0911096	0.0266054	0.0349927	0.0587473	0.0926492	0.0161	0.0582846	0.000972049	0.0887134	0.000372164	0.033775	0.0419522	0.00223877	1.53255e-24	0.0132796	
0.0249087	1.04469e-11	6.16971e-12	0.127656	0.00488734	0.100021	0.0408806	0.0342552	0.0205031	0.018638	0.0385771	0.0170683	9.92349e-09	6.92673e-07	0.268645	0.0480286	0.0161661	0.15641	0.0832492	0.000105512	
0.0145794	0.00762307	0.00727971	0.00618765	0.0409166	0.0017873	0.000163234	0.212079	0.0249738	0.157377	0.0549526	0.0127526	0.00436742	0.0255623	0.00167766	0.0186717	0.0950982	0.302688	0.00103116	0.0102313	
0.00348048	2.90048e-05	0.0348671	0.018013	0.0148118	0.000330468	0.0599841	0.0234553	4.37634e-05	0.000437488	0.00560034	0.565611	0.000168267	0.0767565	0.0677926	0.00414234	0.102688	0.0217798	2.071e-06	7.36747e-06	
0.00179095	0.00568672	0.184752	0.00820529	0.0101226	0.00167331	0.0206938	0.0117365	0.0508126	0.00552982	0.000106756	0.650981	0.00457363	0.00220645	0.00675907	0.0249371	0.00815407	0.00113553	3.18819e-11	0.000142883	
0.0108875	5.85622e-06	0.415972	0.127798	0.00123125	0.0291471	0.0146492	0.00444685	0.0398026	0.0158906	0.0232655	0.20206	0.0271432	0.00481433	7.77398e-09	0.0355882	0.00680169	0.0392603	2.2939e-13	0.00123706	
0.103754	0.00248655	0.132845	0.00412333	0.006882	0.0381432	2.99831e-06	0.00543378	0.130441	0.00253574	0.0331999	0.00139128	0.323807	0.0185537	0.0350366	0.0861618	0.0280501	0.0429711	6.08745e-10	0.00418095	
4.68228e-06	0.00149118	0.201825	0.0059872	0.00155712	0.0135559	0.00102999	0.0186849	0.00717885	0.000327114	4.94101e-05	0.558667	0.00755068	0.0104078	7.20063e-06	0.146902	0.00180034	0.0157393	3.01988e-05	0.00720436	
4.76828e-05	0.00145345	0.0621545	0.133536	4.13767e-06	0.0335489	0.0134286	0.0793745	0.116701	0.0532499	0.053438	0.00898072	0.0207583	0.299429	0.0294529	0.00878013	0.0339321	0.0504211	0.000609009	0.000700149	
0.00156443	0.952219	7.65391e-09	2.82808e-11	0.00146778	0.000314517	1.60464e-07	0.0101984	2.67338e-05	0.000487296	0.000833179	0.00234267	1.9122e-12	7.3352e-09	9.42642e-05	0.0274436	0.00291843	8.75617e-05	8.01337e-17	1.52931e-06	
0.0171513	0.00788748	0.00235792	0.00609407	6.3596e-06	0.00255775	0.125712	2.20175e-08	0.0583652	0.000557783	2.43993e-11	0.0390257	0.287501	0.13061	0.190045	0.0846415	0.0454727	8.07148e-05	9.80963e-14	0.00193321	
0.0162435	0.0318544	0.00485058	2.2289e-05	0.0187787	0.0220252	0.0219292	0.0631326	0.0504182	0.00127636	0.00399586	0.165153	0.00433539	0.0223801	0.0440241	0.489966	0.0272254	0.00179698	0.00330109	0.00729157	
0.0101138	2.06747e-05	0.0220336	0.00801977	0.00500803	0.00975601	0.0104808	0.417694	0.000106884	0.0553433	0.118433	0.0093229	0.001188	0.000895498	0.00223365	0.0214691	0.056991	0.249217	0.00020857	0.00146506	
0.0279862	4.68839e-07	0.000168471	0.000122443	0.000269062	0.0263756	0.000923298	0.0279662	0.339596	0.0734201	6.19816e-09	2.85207e-05	0.000639515	0.00645553	0.266506	0.130276	0.0751202	0.0123919	0.0107979	0.000956106	
0.000739569	0.210368	0.0266301	0.018604	0.000993796	5.3846e-05	0.124839	0.016237	0.0416935	0.143342	5.97394e-07	0.00206356	0.0129641	0.000312039	0.0001285	0.360603	0.039601	0.000120011	6.68289e-05	0.000639954	
0.00444531	0.00219516	0.0116815	0.0104124	0.000625308	2.68901e-05	0.0126117	0.0344401	0.151319	0.0118202	0.00569743	0.408264	0.0013933	0.00292015	0.0565847	0.199136	0.0660107	0.0189778	0.000940378	0.000496563	
0.00190028	5.57393e-09	0.000806487	0.00816758	0.259127	2.98063e-05	1.59907e-09	0.183214	0.00518637	0.384674	0.0156523	0.000651327	0.000365112	0.00736722	0.00828726	1.54161e-05	0.0259855	0.0909239	1.60833e-14	0.00764697	
0.0358635	0.0350389	0.000194413	0.00366832	0.000284904	0.0397403	3.50064e-05	0.00182592	0.000199476	0.00206845	2.05356e-06	0.00239255	0.400145	0.0271174	0.010783	0.277666	0.162102	0.000738837	3.35004e-05	0.000100515	
0.0806864	0.0179139	1.59348e-07	0.00553985	1.53915e-07	0.000647543	0.00721693	6.46788e-05	0.046046	0.41703	0.292242	8.24633e-09	0.000241837	0.00166008	2.82561e-06	0.00231817	0.0543728	0.0736349	0.000366666	1.47472e-05	
0.0072578	1.35137e-07	0.00206196	0.00205069	0.000418483	0.00719789	0.0263413	0.0694829	0.0447285	6.25763e-06	0.000158542	0.000105395	5.43876e-07	0.0115111	0.0190509	0.0129811	0.792426	0.00173783	4.04941e-12	0.0024828	
0.188452	3.49857e-05	0.00417067	0.0107526	0.00578568	0.00278878	0.00131536	0.179495	0.024453	0.0341314	0.0107108	0.000939074	0.0132293	4.17041e-06	0.00336248	0.0352305	0.0688766	0.416234	3.29587e-05	3.49058e-07	
0.0523231	8.11051e-06	0.123656	0.00113481	1.01137e-05	0.0611892	0.0618275	0.0218493	0.00146282	0.0134351	0.0158216	0.425367	0.000498097	0.000202325	0.0218334	0.103231	0.0753165	0.00519835	0.00321185	0.0124244	
0.127429	2.16628e-06	0.0374243	0.0152869	0.00124791	0.113371	0.023662	1.3869e-05	0.106058	0.000622901	6.59632e-06	0.235905	0.00893652	0.000899114	0.0782651	0.217787	0.00637785	0.0110534	0.0119022	0.00374897	
0.145344	0.197777	0.0222854	0.000719674	0.0539321	0.178726	0.0409967	0.00323608	0.00431912	0.0122441	4.26741e-08	0.000335074	0.0110845	0.0163136	0.0400653	0.223936	0.00451921	0.0360553	1.63429e-06	0.00810943	
4.16964e-05	0.00194677	0.000118468	0.00368533	0.00171978	0.291446	0.0247658	0.0111338	0.000470388	5.32004e-05	2.23122e-10	0.0256219	0.110091	0.0121238	0.175387	0.0948066	0.00161835	0.23921	9.72429e-17	0.00575986	
4.7916e-05	1.15968e-05	5.41177e-05	0.138102	0.0059682	0.0305341	0.344155	0.0964211	0.00514239	0.0493343	0.00169018	0.00143061	0.00106762	0.191796	0.0222673	0.103614	0.00270103	0.00564183	1.58526e-05	4.21975e-06	
0.0548318	2.30076e-05	5.13202e-09	0.0131525	4.50185e-18	0.17709	1.88745e-06	0.212504	0.0135024	7.12823e-05	0.0217729	0.0373071	0.0393451	0.0698085	0.0687898	0.0454244	0.00208153	0.108468	7.12308e-06	0.135818	
0.0425482	1.28187e-15	0.20809	0.000248324	0.000436524	0.00878839	0.0203432	0.000460117	0.0683427	0.0400826	0.0175157	0.18197	0.000701889	0.13781	0.0115986	0.182396	0.0786671	1.56453e-06	5.40155e-24	1.15589e-07	
0.000108018	0.0940543	0.0587566	0.000102504	0.0511742	0.000293124	0.0519196	0.0104136	5.32686e-07	0.0634779	8.72609e-05	0.195435	0.00872119	0.00281985	0.0844455	0.0123748	0.00465172	0.337165	1.78815e-34	0.0239993	
0.0784065	0.0311721	0.145327	0.00662867	0.00162757	0.00170922	1.53661e-06	0.000298567	0.0502008	4.0484e-06	0.00624092	0.0518221	0.0911421	0.00139862	0.0104377	0.00170521	0.475451	0.0456497	3.38137e-17	0.000776297	
0.0316777	0.00220665	0.00546726	0.0358298	0.064926	0.0901632	0.112276	0.00281968	0.3112	0.000102033	5.60437e-05	4.41987e-09	0.0227571	0.0183867	0.00264028	0.168025	0.0712398	0.000438219	0.00201985	0.0577689	
0.0325344	0.147049	0.00465564	0.0175522	0.219101	0.0169859	0.0101124	0.00456559	0.0387527	0.00176832	7.95916e-05	0.00138896	9.25371e-07	0.00127467	4.6623e-05	0.0776887	0.0342055	0.111246	0.0782572	0.202735	
0.000155982	2.92828e-06	4.1527e-05	4.48635e-07	1.69275e-08	5.35107e-05	0.127131	0.0015511	0.100337	0.0676688	0.102632	0.286659	0.00148065	0.0383093	0.0115144	0.017856	0.000118886	0.0227068	6.22354e-06	0.221773	
0.0629231	0.0170446	0.000866906	0.000790198	0.00806199	0.0739199	0.0114845	0.158715	0.0203013	0.0346997	3.95702e-05	0.208798	0.1334	0.0084525	0.00297844	0.0610778	0.0624053	0.124526	2.69025e-11	0.00951544	
0.016075	0.16721	1.00883e-08	0.000238871	0.416466	0.01651	0.0192391	0.0202892	0.0383692	0.105241	0.00142456	0.00253658	0.0181043	0.00628361	0.00327388	0.117307	0.00863284	2.39896e-08	0.0418743	0.000924383	
0.0126934	3.92763e-06	0.112558	0.0374879	0.011443	0.0449455	0.0231334	0.011772	0.0157196	0.00998362	0.0135636	0.386277	1.24835e-09	0.0140868	0.0130272	0.183273	0.0961227	3.54121e-05	0.00572521	0.00814907	
0.000271546	0.0261996	0.000109927	2.97097e-05	5.04464e-06	0.00623677	0.0382953	4.48837e-05	0.0285709	0.00359789	0.0156396	0.414187	8.05311e-05	0.000122796	0.00045542	0.44858	0.0133836	7.72352e-06	4.0813e-05	0.00414044	
0.00678152	0.00761383	7.52714e-05	0.0076657	4.90628e-05	0.164714	0.000141321	0.0303575	0.2305	0.0261718	0.167397	0.00902023	0.000149549	0.00558038	0.331177	0.000394315	0.0024094	0.00793996	4.13328e-08	0.00186244	
0.000589521	0.0674832	5.00396e-05	0.010205	6.85935e-07	0.119168	0.000987381	3.70598e-05	0.346413	6.39918e-05	0.00132418	0.152642	0.0191258	0.0913818	0.121719	0.0538367	0.000384144	0.00175671	1.10935e-15	0.0128324	
0.018262	0.00113018	1.79293e-05	0.0261071	0.00531558	0.0180613	0.170887	0.0319989	0.0443478	0.0178329	5.2922e-09	0.304576	0.0497922	0.000452893	0.272529	0.0149252	0.0035981	0.020164	2.20583e-24	2.65404e-06	
1.62463e-05	3.5038e-05	0.0114394	0.134649	0.100497	0.0103046	0.400332	0.0659643	0.0442354	0.000209476	1.26842e-06	0.0743034	0.000671557	0.1229	0.000132212	0.0163777	0.00817186	0.00882442	3.78495e-05	0.00089796	
0.430812	0.000119361	0.0257082	0.0545199	0.0162494	0.0165665	0.0102887	0.00144021	3.60795e-05	0.0285202	0.000380627	0.0103067	0.00255224	0.00213208	6.53879e-06	0.114155	0.237167	0.0347581	1.44535e-18	0.0142812	
0.0248237	0.00482437	0.0359034	0.0189609	6.02573e-05	0.0084882	0.153998	0.218556	0.00010647	0.0545766	0.369975	0.0387321	0.000169675	2.75957e-07	0.000942067	0.0189706	0.0207406	0.000273541	0.0200944	0.00980436	
0.0195707	0.00181666	0.0615083	0.000344981	0.000507287	0.0228512	9.66433e-07	0.535718	0.00934153	0.000889111	0.0569026	8.35305e-05	1.0447e-05	0.0303476	0.000720578	0.011362	0.0577058	0.190264	1.34898e-14	5.46707e-05	
0.0067399	5.57415e-05	0.0225807	0.077368	0.000425138	0.0615456	3.89763e-09	0.0011689	0.127305	0.568125	0.000772549	0.0229706	0.0416766	0.00299091	8.09895e-05	0.000984772	0.0652045	1.92637e-08	5.12149e-11	4.98807e-06	
0.000741261	3.93212e-06	0.0105463	0.000418098	0.00167558	0.00369897	0.00693741	0.0791546	0.111205	0.546715	0.0682288	0.00645894	3.07306e-06	0.0540465	0.0596558	0.00144034	0.0163068	0.024937	0.00215723	0.00566913	
0.00883423	0.000403594	2.04063e-06	0.000136256	6.02414e-05	0.000140082	0.426557	0.105219	0.00445096	0.0367716	0.0254567	0.01079	0.228468	4.79901e-05	0.00397888	0.00559393	0.0824439	0.0606455	4.31762e-13	5.42034e-08	
0.0109014	0.000206164	0.000124272	0.068043	2.66523e-08	0.0259768	0.036595	0.458515	0.0514235	0.000409868	0.000189269	0.201285	0.00296465	0.000526439	9.31723e-05	0.11884	0.0171347	0.00644822	1.96046e-19	0.000323603	
0.0196684	0.000168117	0.000114415	0.00192513	0.012957	0.000198025	0.0127961	0.00302584	0.0140435	0.0090169	0.465069	0.00518805	0.00664197	0.0124619	0.0611013	0.00587838	0.368498	0.00119377	1.26012e-62	5.42328e-05	
4.25418e-05	1.10355e-06	0.0751773	0.546232	0.00214545	0.238514	7.86143e-05	0.00153595	0.0495014	0.000287903	1.15013e-05	0.00599488	4.98229e-05	1.98706e-07	0.00989597	0.00284733	0.0494745	0.0181194	5.83781e-05	3.20136e-05	
0.0118444	0.16232	0.206204	0.202942	0.00203646	0.0102033	6.99537e-06	0.0270924	0.0417181	2.67979e-06	0.000114199	0.000916071	0.0234529	0.000113054	0.000951573	0.0876181	0.024396	0.00453288	4.0296e-16	0.193535	
0.0143281	0.0569242	0.127848	0.0683269	3.34819e-05	0.00767282	0.0700004	0.00878915	1.60002e-06	0.0684008	0.112833	0.174462	0.00709612	0.000936298	0.00593995	0.00479555	0.00337596	0.101165	3.0429e-05	0.167041	
0.0518167	0.247785	0.00142918	0.194419	0.000404091	0.00145745	0.00356147	0.0218743	0.0365646	0.0438359	3.61835e-06	0.0179141	0.00543795	0.00332669	0.00203563	0.0872862	0.265369	0.00804644	5.44998e-10	0.00743308	
0.0596188	2.79323e-14	0.000447745	0.0432647	0.109363	0.0322533	4.83557e-07	0.0869391	0.00347097	0.00865208	0.0387362	0.128355	0.0115104	0.0258267	0.168852	0.22518	0.043014	0.00191301	0.00242761	0.0101756	
0.00933108	2.22058e-06	0.000655849	0.00438192	8.98113e-09	2.82475e-06	0.000731271	1.31113e-05	2.11882e-06	0.0888522	0.0357282	0.00336538	0.0593316	0.00938794	0.01191	0.000220785	0.0106267	0.765144	2.83711e-06	0.000310076	
0.0669246	0.00448089	0.00680381	5.55906e-05	4.14345e-08	3.11426e-05	0.0943993	4.20971e-06	0.012299	0.331404	0.0105427	0.0241591	0.00105489	0.000831974	7.84483e-05	0.239645	0.154373	0.0528118	7.64357e-16	0.000100101	
8.3666e-05	0.02005	0.000221254	3.07642e-08	2.82644e-06	0.0364403	0.0984879	4.11704e-05	0.0474657	0.047075	9.67447e-05	0.0403745	0.0507634	0.0225698	0.436115	0.118946	0.0626271	0.0164825	0.00192514	0.000231177	
0.0331841	0.0183907	0.000813615	0.00960345	0.164423	0.231785	0.158637	0.074562	2.49235e-11	0.219881	1.75714e-06	0.00192922	0.00446821	2.49055e-05	0.0612486	6.35597e-05	0.0203997	0.000523385	5.24983e-23	6.10853e-05	
0.0281056	0.0442424	0.0138286	0.00158751	0.000225568	0.171997	0.0331933	0.222559	0.0042593	1.65349e-09	0.0426349	0.107475	6.49661e-05	0.03107	0.0417246	0.118346	0.0890921	0.0466679	1.18237e-05	0.00291476	
0.00341642	0.00798577	5.6461e-05	0.0551633	0.000346768	0.0732422	0.363303	0.00489122	0.0311563	0.0702035	9.48248e-07	0.0101732	3.17595e-06	0.0201045	0.0102052	0.0243059	0.0354706	0.0744693	0.133699	0.0818027	
0.159024	1.54545e-05	8.83286e-06	0.00126228	2.9008e-05	0.0657514	0.0749574	0.000444506	8.2492e-05	0.000651528	5.73356e-07	0.16622	0.100805	0.0590005	0.000423056	0.134025	0.234245	0.00063381	1.40089e-06	0.00241876	
0.020592	0.123881	3.06903e-07	0.000486777	3.88256e-05	0.00014697	0.153612	0.00435788	0.0123518	0.14996	0.0069547	0.000381826	0.0371366	0.0448276	0.0563294	0.0388191	0.226489	0.123635	1.41477e-23	1.77031e-07	
0.0003802	0.00129842	8.16539e-05	6.58936e-08	0.00255403	0.00113176	0.165845	0.0866547	9.96845e-11	0.0103516	0.0137492	0.121736	0.0023509	0.0883117	0.126672	0.0469244	0.0189274	2.75867e-06	4.3499e-19	0.313029	
0.0349058	0.129011	2.42862e-05	1.40284e-08	0.000138544	0.00407906	1.40995e-05	0.0137186	0.0240691	0.00158124	0.00148005	0.0997381	0.0328825	0.0617774	0.132759	0.159255	0.086963	0.000167459	2.77793e-44	0.217437	
8.37847e-08	0.102347	0.195318	0.000355005	0.067587	0.0630991	1.06155e-12	0.00250805	0.204218	0.0401543	0.000173775	0.000748625	2.98893e-06	0.218367	0.0127488	0.0168558	0.0547228	0.011555	1.48161e-10	0.0092392	
0.014248	0.000188424	0.010878	0.000136963	0.0145739	0.000859766	0.0653322	0.218417	1.09217e-05	0.184914	1.25949e-05	0.204173	0.00781833	0.00149782	0.0315141	0.0149391	0.0807507	0.147846	7.41921e-18	0.00188915	
0.197372	2.24433e-10	0.00412888	0.00103577	0.0335153	0.141969	1.79291e-07	4.36327e-06	0.0171902	1.30263e-06	0.0964127	0.0505573	0.0044224	0.0865774	0.242586	0.0708503	0.0198848	0.00105061	0.00474742	0.0276933	
0.00791162	8.53973e-06	8.6794e-07	1.33162e-11	0.00510703	0.00331764	0.00365953	0.0336765	0.0264166	0.00141236	7.35217e-08	0.00727961	0.00038245	5.19064e-05	0.0444934	0.0701511	0.44917	0.33804	3.7572e-14	0.0089207	
0.0169882	0.012758	0.0031843	0.0142284	0.00109251	0.000115924	0.0116369	0.00108358	0.00660692	0.000731571	0.0756195	0.264385	0.00283884	0.0655491	0.497636	0.000130221	0.00420898	0.0190744	1.62851e-14	0.00213198	
0.057009	6.61291e-05	0.13008	0.161252	0.00236088	0.0247446	0.0692395	0.135754	0.00020455	0.00791461	0.0158536	0.0653764	2.43335e-05	0.194311	0.014219	0.0317281	0.0114746	0.0772629	8.17936e-13	0.00112399	
0.111849	0.0120257	0.0031133	0.00204666	5.77068e-06	0.206993	6.67627e-06	0.207482	0.109301	0.000275807	0.0137618	0.274811	0.0118652	0.000300036	0.00339033	0.000176683	3.32861e-08	0.0301924	7.07672e-27	0.012404	
0.003343	2.43802e-07	0.0166899	0.120268	3.42717e-08	0.0420274	3.15524e-08	0.0483391	0.000754797	0.000965366	0.00525889	0.0125669	0.00244354	0.00045998	0.00350855	0.0848226	0.453221	0.205258	5.23925e-05	1.9366e-05	
0.00150027	0.00533614	0.00399372	0.00190414	0.0326568	3.64848e-11	0.000534365	0.0189714	0.00864302	0.0381589	0.0729597	0.0025324	0.0312736	0.12865	0.08833	0.411681	1.22377e-05	4.60115e-07	5.03296e-10	0.152862	
0.0510347	1.25721e-05	0.000519435	0.347868	0.000243686	0.0272359	0.000149602	0.00355602	0.129335	0.00372509	0.155771	0.0223509	0.0205753	0.000902936	0.00321404	0.207642	0.0228346	0.00175546	2.59204e-12	0.00127402	
0.0131625	0.00714299	0.0641273	3.76332e-07	0.113659	0.178546	0.0486633	0.0163609	0.0142785	1.0262e-06	4.62043e-07	0.10401	0.00848512	0.0190141	0.0458692	0.00523473	0.000215413	0.135296	2.77379e-20	0.225933	
0.000852649	0.0161229	0.000642761	0.0144412	8.84419e-06	0.045076	0.0248097	0.00228028	0.0452819	0.000655074	2.92749e-06	0.537597	4.92685e-07	0.00143636	0.30473	1.21963e-05	0.00410169	0.0019111	2.32427e-06	3.47236e-05	
0.153284	5.21419e-05	0.0323877	0.25377	0.0477159	2.3408e-05	0.00279881	0.0076973	0.0132313	0.0614163	0.022495	0.167067	2.74688e-07	0.0914827	0.0146147	0.00156329	0.0831695	0.0370954	2.59937e-37	0.0101354	
0.010228	0.000579091	0.00184018	0.00411385	0.00171177	0.0957269	0.000207616	0.0989109	0.00458324	0.000870003	4.49085e-05	0.0810722	0.00506141	0.000122333	2.10018e-07	0.438205	0.0476182	0.20523	4.50003e-10	0.0038737	
0.00506873	0.149536	0.0188915	0.000768776	0.0172292	1.18891e-05	1.7786e-05	0.00237555	7.18203e-07	0.00281282	0.00495834	0.106398	0.118978	0.00143165	0.0743984	0.298537	0.133635	0.054966	6.12294e-16	0.00998422	
0.0140864	5.87314e-08	1.99021e-07	0.000431747	0.00197632	0.0300949	2.96393e-05	5.23169e-05	0.0788938	0.000408234	0.000356391	0.0111156	2.36922e-09	0.059053	0.0368215	0.642768	0.0217007	0.0184703	2.09574e-09	0.0837406	
0.000405229	0.00108102	0.00412882	0.368721	0.00262756	0.0083382	0.0143986	0.125876	0.000692457	0.000320091	1.51541e-09	0.413405	6.49089e-10	7.35332e-05	0.000554891	0.00278924	0.0179909	0.0385932	7.81063e-44	3.3404e-06	
0.00181844	0.00115507	0.0984962	4.29477e-09	0.0153136	0.0278236	0.0159035	0.476485	4.76316e-07	0.00684503	0.0274372	0.211668	6.24131e-05	0.00683422	0.0259187	0.0115008	0.0189096	0.0289094	0.00971271	0.0152061	
2.49775e-05	0.00336831	2.20939e-08	0.0562529	0.0113313	0.0150677	5.65452e-06	0.244298	0.0883474	9.17239e-05	8.04784e-05	0.0323263	0.000258709	1.31428e-05	0.0283847	0.00320083	0.513793	6.51006e-05	0.00308979	8.23653e-08	
1.47948e-06	4.50977e-07	2.83953e-05	0.00351769	0.0073866	0.0140118	3.41387e-06	0.013073	0.00344384	2.08185e-09	1.14572e-08	0.0186436	1.04582e-05	0.00543758	0.0720635	0.34529	0.174045	0.282922	2.95833e-11	0.0601209	
0.0977613	1.09442e-05	0.00247785	0.000103841	0.0057601	0.00109721	0.0114393	0.21209	0.0626114	0.0127664	2.64123e-08	0.136105	0.000134192	6.01724e-05	9.95349e-06	0.00278947	0.0501467	0.403737	3.88535e-09	0.000898229	
0.0846958	0.000135716	0.149715	0.000263688	0.0073084	0.00116744	1.45073e-07	0.0325429	0.312242	0.0866519	1.57869e-05	0.0412249	0.0505022	1.95126e-07	0.118287	0.0803876	0.0317048	5.88594e-06	2.7813e-10	0.00314914	
0.0189605	5.1407e-05	2.86886e-07	0.000976068	0.0049431	0.0449809	5.08913e-05	0.0659091	0.379377	0.052208	0.0130773	7.79504e-06	0.000647395	0.0769921	1.75524e-05	0.170229	0.111993	0.0078876	0.0516643	2.73991e-05	
0.0912072	0.00192275	0.0655024	0.0237926	0.00613816	0.285636	0.0077069	0.00111026	0.0066468	0.000923128	0.0250582	0.0936713	0.000184074	0.104417	0.007595	0.212613	0.000822721	0.0123974	0.0460053	0.00664989	
0.386679	0.0362494	0.0188994	0.00416956	1.10852e-05	3.35976e-05	7.61323e-05	0.00031028	3.34692e-05	0.00895738	0.00628202	0.00464479	0.00678615	0.000106052	0.204638	1.76652e-07	0.0144951	0.0346165	9.3327e-18	0.273011	
0.010555	2.76104e-06	0.102707	0.0011481	0.000141725	0.406656	8.60425e-06	0.000697397	0.000938542	5.42329e-05	0.0206902	0.0901179	1.97256e-05	0.0267895	1.149e-11	0.134015	0.175553	0.0182473	0.000386667	0.0112712	
0.0472973	5.70666e-05	0.000330699	0.00368537	0.006537	0.0370121	6.52737e-06	0.106692	0.520511	0.00436952	6.27305e-05	0.0272763	9.9156e-05	0.0127744	0.00271187	0.00420037	0.00740896	0.142847	1.64186e-09	0.0761207	
2.61707e-06	0.0045347	0.0913528	0.00110219	0.00870327	2.14004e-05	0.00903202	0.0468142	0.320654	0.215765	0.0606009	0.0298025	0.00890835	0.0655623	0.0480968	0.0596421	0.00455845	0.0216675	0.00282073	0.000358659	
0.0744957	0.0153951	0.00233781	0.0584615	0.0979295	3.29964e-05	0.0454305	0.139024	0.352998	0.0138305	0.0538767	0.00194413	0.000142172	0.000212201	0.0292731	0.0717648	0.000186352	0.0390442	0.00361969	1.05713e-06	
0.0315254	5.44651e-05	0.206462	0.113997	0.00338365	0.0164352	0.0312406	0.0621047	0.000131663	0.00245897	6.76213e-05	0.00373467	0.00274275	0.0230655	0.00335413	0.239537	0.0803319	0.00644859	2.13653e-11	0.172924	
0.00269697	7.13354e-13	0.00250976	0.113474	0.280625	0.000874902	0.0129438	0.00955373	0.00538303	0.000114557	2.77247e-07	0.000267511	0.00694404	0.277218	0.244895	0.000867981	0.00341683	0.0368363	1.32016e-05	0.00136536	
0.000187665	1.11884e-05	0.00467389	0.391492	0.0302366	0.0160697	2.20231e-11	0.015015	0.232993	3.09028e-05	0.052865	0.0450641	0.000732082	0.00293263	0.0721653	0.0699951	0.00606216	0.0491621	1.78848e-66	0.0103116	
0.00162962	0.0364159	2.47933e-05	0.00219515	0.0105694	0.291774	0.00122836	0.0478689	0.225786	0.00345743	0.000621896	0.038503	0.000745986	0.000837983	0.148271	0.0145591	0.00137517	0.00668122	1.19613e-25	0.167455	
0.0589144	0.00285053	0.000107695	0.000895973	0.0203504	0.000958824	0.0018276	2.33466e-05	2.01439e-07	0.0719479	6.11577e-05	0.173397	0.00855508	0.136822	0.30283	0.13431	0.00653352	0.0774599	3.55179e-07	0.00215475	
0.0157533	0.000297394	0.0161971	0.210552	0.328081	2.57939e-06	0.0500212	0.0999564	0.0160374	0.0939731	0.00342998	0.115582	0.0455756	0.000771074	0.000119476	0.00101389	0.000288978	0.000287614	3.56825e-12	0.00206049	
0.0336988	4.00524e-08	0.000223781	0.03678	8.30871e-05	0.000580744	0.0961595	0.00861977	0.0325356	0.00487634	0.0420919	0.0518043	7.82613e-05	0.000818629	0.00753393	0.056335	0.2344	0.113112	1.82571e-19	0.280268	
0.107454	0.0200286	7.37939e-07	0.00048174	2.81694e-12	0.00115665	0.0257239	0.260166	0.0775819	0.000417274	3.04642e-06	2.14678e-06	9.15777e-08	0.0925483	3.68643e-05	0.275781	0.026422	0.087743	6.83024e-13	0.0244528	
0.00536369	3.52473e-05	1.92844e-05	0.0128504	6.77581e-11	0.296076	6.59119e-05	0.00565312	0.00370598	0.00012824	6.86139e-06	0.0526276	1.70224e-05	1.88335e-05	0.317365	0.0323881	0.102805	0.0561587	0.000281686	0.114434	
0.0496413	0.0400771	0.0761935	0.00124531	0.00445166	0.00697499	0.0106406	0.0107448	0.0191	0.256703	0.025383	0.0942559	0.000559292	2.03119e-10	0.377232	0.000787957	0.0226408	0.000345296	1.71322e-11	0.00302356	
0.0296074	0.000351172	0.0295179	5.86589e-05	0.000949837	0.00869565	0.047512	0.0306332	0.01843	0.0413452	0.000521116	0.0163402	8.03336e-05	0.0954486	0.000452136	0.0340584	0.480009	0.133228	0.00565721	0.027104	
