
maxdiff     : 0.010721
meandiff    : 0.000357181

