37
Allox_ar   0.0000000 0.1162285 0.1256990 0.1281212 0.1198037 0.1189106 0.1167607 0.1229644 0.1272722 0.1028305 0.1236073 0.1789554 0.1250154 0.1216960 0.1307682 0.2289637 0.1497735 0.1277112 0.1059798 0.1218848 0.1603532 0.1589801 0.1603415 0.0946533 0.1264055 0.1249022 0.0804396 0.1259326 0.1157357 0.1231902 0.1284001 0.1235816 0.1290671 0.1295291 0.3198764 0.2855463 0.3446335 
Andr_cur   0.1162285 0.0000000 0.0196297 0.0328295 0.0124898 0.0698535 0.0668512 0.0272370 0.0306163 0.1091557 0.0467035 0.1710722 0.0650366 0.0663027 0.1187815 0.2164962 0.1568359 0.0776537 0.0521331 0.0729921 0.1629081 0.1656049 0.1652323 0.0919595 0.1097014 0.0702275 0.1038512 0.0775277 0.0488688 0.0689766 0.0763028 0.0715183 0.0778705 0.0777017 0.3159413 0.2740564 0.3358852 
Andr_gro   0.1256990 0.0196297 0.0000000 0.0355216 0.0231517 0.0780171 0.0738560 0.0313050 0.0324447 0.1155177 0.0517150 0.1830696 0.0730877 0.0724244 0.1292703 0.2340924 0.1707538 0.0848449 0.0563674 0.0805199 0.1770869 0.1785212 0.1806100 0.1000485 0.1182475 0.0767847 0.1122528 0.0848738 0.0555717 0.0766586 0.0841003 0.0788368 0.0862538 0.0853368 0.3470744 0.2973592 0.3637797 
Andr_qln   0.1281212 0.0328295 0.0355216 0.0000000 0.0355083 0.0837765 0.0800709 0.0284456 0.0334572 0.1195526 0.0602954 0.1834232 0.0783508 0.0803735 0.1305361 0.2309803 0.1687056 0.0917606 0.0641590 0.0875452 0.1737217 0.1783647 0.1784259 0.1042989 0.1242315 0.0835794 0.1161684 0.0900189 0.0646527 0.0825083 0.0889092 0.0856327 0.0891208 0.0893118 0.3366633 0.2932460 0.3518760 
Andr_qrm   0.1198037 0.0124898 0.0231517 0.0355083 0.0000000 0.0755028 0.0727212 0.0295186 0.0331981 0.1120576 0.0502553 0.1753614 0.0696047 0.0697537 0.1216827 0.2220459 0.1607743 0.0835530 0.0557989 0.0792767 0.1676377 0.1705749 0.1710859 0.0956884 0.1139093 0.0728352 0.1069210 0.0819572 0.0525421 0.0732017 0.0812187 0.0755955 0.0825181 0.0820483 0.3186330 0.2813643 0.3439411 
Aula_tav   0.1189106 0.0698535 0.0780171 0.0837765 0.0755028 0.0000000 0.0317380 0.0781005 0.0720473 0.1108412 0.0781204 0.1727919 0.0781517 0.0759851 0.1160186 0.2160358 0.1477271 0.0385268 0.0591884 0.0267121 0.1623881 0.1648982 0.1653759 0.0916569 0.1099323 0.0775599 0.1066740 0.0728930 0.0701459 0.0741284 0.0800556 0.0749407 0.0822226 0.0816449 0.3133347 0.2767898 0.3343138 
Aylax_hy   0.1167607 0.0668512 0.0738560 0.0800709 0.0727212 0.0317380 0.0000000 0.0752018 0.0724459 0.1069658 0.0746244 0.1666171 0.0732515 0.0718324 0.1146159 0.2138024 0.1485658 0.0345224 0.0559889 0.0330817 0.1597338 0.1625155 0.1635434 0.0889665 0.1068855 0.0739669 0.1038206 0.0713144 0.0646849 0.0697728 0.0765461 0.0719348 0.0785512 0.0778857 0.3118610 0.2741594 0.3327950 
Beloc_tr   0.1229644 0.0272370 0.0313050 0.0284456 0.0295186 0.0781005 0.0752018 0.0000000 0.0269984 0.1161483 0.0556665 0.1759508 0.0732985 0.0736884 0.1247887 0.2239096 0.1635050 0.0871100 0.0576227 0.0813613 0.1684703 0.1714638 0.1719615 0.0980449 0.1171405 0.0774094 0.1093331 0.0855377 0.0563909 0.0773772 0.0833809 0.0779741 0.0846065 0.0841345 0.3227285 0.2805978 0.3392144 
Bior_pal   0.1272722 0.0306163 0.0324447 0.0334572 0.0331981 0.0720473 0.0724459 0.0269984 0.0000000 0.1214797 0.0580486 0.1831965 0.0733483 0.0747796 0.1361373 0.2194877 0.1762710 0.0752542 0.0554102 0.0770440 0.1763827 0.1768195 0.1821312 0.1038866 0.1186408 0.0813776 0.1113708 0.0819130 0.0551284 0.0790993 0.0853476 0.0784236 0.0896752 0.0888859 0.3600830 0.3017454 0.3638919 
Callas_no  0.1028305 0.1091557 0.1155177 0.1195526 0.1120576 0.1108412 0.1069658 0.1161483 0.1214797 0.0000000 0.1162119 0.1699795 0.1124763 0.1130810 0.1196947 0.2233627 0.1311517 0.1195323 0.0942115 0.1134428 0.1440359 0.1471833 0.1481913 0.0855279 0.1176465 0.1168610 0.0891356 0.1196106 0.1070991 0.1150116 0.1180080 0.1138841 0.1176077 0.1173986 0.3156352 0.2864320 0.3300089 
Calli_sp   0.1236073 0.0467035 0.0517150 0.0602954 0.0502553 0.0781204 0.0746244 0.0556665 0.0580486 0.1162119 0.0000000 0.1775864 0.0738014 0.0737406 0.1247380 0.2281147 0.1652031 0.0846142 0.0578233 0.0814424 0.1705178 0.1731768 0.1745319 0.1003339 0.1165412 0.0771417 0.1120679 0.0854511 0.0561209 0.0771148 0.0845895 0.0783188 0.0859940 0.0859147 0.3256358 0.2819706 0.3486783 
Cecin_ib   0.1789554 0.1710722 0.1830696 0.1834232 0.1753614 0.1727919 0.1666171 0.1759508 0.1831965 0.1699795 0.1775864 0.0000000 0.1788694 0.1744039 0.1735941 0.2843540 0.2090298 0.1802458 0.1552181 0.1735784 0.2147452 0.2186833 0.2152539 0.1552677 0.1696869 0.1755980 0.1681472 0.1794644 0.1677022 0.1752653 0.1779631 0.1765707 0.1807258 0.1793807 0.3365606 0.2837260 0.3370686 
Cerop_ma   0.1250154 0.0650366 0.0730877 0.0783508 0.0696047 0.0781517 0.0732515 0.0732985 0.0733483 0.1124763 0.0738014 0.1788694 0.0000000 0.0722742 0.1261697 0.2301162 0.1653583 0.0833058 0.0579695 0.0820153 0.1725911 0.1771983 0.1770513 0.1013839 0.1174645 0.0758241 0.1119550 0.0857028 0.0633059 0.0782697 0.0831693 0.0755791 0.0841499 0.0837084 0.3323650 0.2919014 0.3506418 
Diast_ki   0.1216960 0.0663027 0.0724244 0.0803735 0.0697537 0.0759851 0.0718324 0.0736884 0.0747796 0.1130810 0.0737406 0.1744039 0.0722742 0.0000000 0.1241863 0.2242674 0.1635504 0.0833935 0.0590345 0.0790474 0.1675788 0.1717647 0.1711500 0.0965129 0.1156274 0.0379081 0.1091124 0.0840821 0.0628384 0.0746098 0.0823740 0.0768733 0.0844720 0.0835859 0.3255833 0.2824959 0.3407867 
Dipl_spi   0.1307682 0.1187815 0.1292703 0.1305361 0.1216827 0.1160186 0.1146159 0.1247887 0.1361373 0.1196947 0.1247380 0.1735941 0.1261697 0.1241863 0.0000000 0.2270404 0.1654393 0.1279099 0.1032931 0.1208572 0.1694166 0.1724603 0.1721473 0.1040228 0.0991088 0.1272593 0.1206780 0.1217799 0.1158369 0.1221771 0.1298758 0.1239360 0.1316919 0.1313257 0.3193257 0.2823935 0.3401137 
Escha_ac   0.2289637 0.2164962 0.2340924 0.2309803 0.2220459 0.2160358 0.2138024 0.2239096 0.2194877 0.2233627 0.2281147 0.2843540 0.2301162 0.2242674 0.2270404 0.0000000 0.2597341 0.2339815 0.2019431 0.2204303 0.2636340 0.2704380 0.2647563 0.2104128 0.2262952 0.2285623 0.2221690 0.2295684 0.2200025 0.2227803 0.2270145 0.2191471 0.2242439 0.2270038 0.3935375 0.3578208 0.4072554 
Gana_sp1   0.1497735 0.1568359 0.1707538 0.1687056 0.1607743 0.1477271 0.1485658 0.1635050 0.1762710 0.1311517 0.1652031 0.2090298 0.1653583 0.1635504 0.1654393 0.2597341 0.0000000 0.1632506 0.1423458 0.1525925 0.1217138 0.1252935 0.1252822 0.1336394 0.1625240 0.1649148 0.1413387 0.1630187 0.1555401 0.1608385 0.1619856 0.1431712 0.1612303 0.1601820 0.3446309 0.3053275 0.3685824 
Hedic_le   0.1277112 0.0776537 0.0848449 0.0917606 0.0835530 0.0385268 0.0345224 0.0871100 0.0752542 0.1195323 0.0846142 0.1802458 0.0833058 0.0833935 0.1279099 0.2339815 0.1632506 0.0000000 0.0641831 0.0406738 0.1764558 0.1751123 0.1775378 0.0998974 0.1171928 0.0852954 0.1169950 0.0771245 0.0745731 0.0808782 0.0866898 0.0826967 0.0883905 0.0878114 0.3362078 0.2948814 0.3648533 
Irae_his   0.1059798 0.0521331 0.0563674 0.0641590 0.0557989 0.0591884 0.0559889 0.0576227 0.0554102 0.0942115 0.0578233 0.1552181 0.0579695 0.0590345 0.1032931 0.2019431 0.1423458 0.0641831 0.0000000 0.0614568 0.1486829 0.1505795 0.1520966 0.0803092 0.0964136 0.0625205 0.0919412 0.0637848 0.0496722 0.0617195 0.0702413 0.0651780 0.0719401 0.0717010 0.3056459 0.2564903 0.3198856 
Isoc_cen   0.1218848 0.0729921 0.0805199 0.0875452 0.0792767 0.0267121 0.0330817 0.0813613 0.0770440 0.1134428 0.0814424 0.1735784 0.0820153 0.0790474 0.1208572 0.2204303 0.1525925 0.0406738 0.0614568 0.0000000 0.1647444 0.1673766 0.1689474 0.0951562 0.1134470 0.0806180 0.1095552 0.0768277 0.0724715 0.0769256 0.0835798 0.0789456 0.0855326 0.0848171 0.3199682 0.2808318 0.3396155 
Lepto_bo   0.1603532 0.1629081 0.1770869 0.1737217 0.1676377 0.1623881 0.1597338 0.1684703 0.1763827 0.1440359 0.1705178 0.2147452 0.1725911 0.1675788 0.1694166 0.2636340 0.1217138 0.1764558 0.1486829 0.1647444 0.0000000 0.0598514 0.0633124 0.1410341 0.1703833 0.1705122 0.1471833 0.1716793 0.1616257 0.1661669 0.1717685 0.1603436 0.1706314 0.1712999 0.3522551 0.3133930 0.3678238 
Lepto_cl   0.1589801 0.1656049 0.1785212 0.1783647 0.1705749 0.1648982 0.1625155 0.1714638 0.1768195 0.1471833 0.1731768 0.2186833 0.1771983 0.1717647 0.1724603 0.2704380 0.1252935 0.1751123 0.1505795 0.1673766 0.0598514 0.0000000 0.0500626 0.1415787 0.1749800 0.1763836 0.1487241 0.1738071 0.1658708 0.1700193 0.1748125 0.1641081 0.1752703 0.1749108 0.3645201 0.3215205 0.3724133 
Lepto_he   0.1603415 0.1652323 0.1806100 0.1784259 0.1710859 0.1653759 0.1635434 0.1719615 0.1821312 0.1481913 0.1745319 0.2152539 0.1770513 0.1711500 0.1721473 0.2647563 0.1252822 0.1775378 0.1520966 0.1689474 0.0633124 0.0500626 0.0000000 0.1437532 0.1736053 0.1750751 0.1515744 0.1764783 0.1647049 0.1703807 0.1741509 0.1631834 0.1739705 0.1735470 0.3501144 0.3117277 0.3572014 
Parn_nig   0.0946533 0.0919595 0.1000485 0.1042989 0.0956884 0.0916569 0.0889665 0.0980449 0.1038866 0.0855279 0.1003339 0.1552677 0.1013839 0.0965129 0.1040228 0.2104128 0.1336394 0.0998974 0.0803092 0.0951562 0.1410341 0.1415787 0.1437532 0.0000000 0.0948380 0.0994134 0.0802598 0.0986835 0.0888144 0.0965992 0.1034790 0.0988487 0.1050470 0.1046721 0.3065633 0.2623519 0.3254152 
Pedia_ac   0.1264055 0.1097014 0.1182475 0.1242315 0.1139093 0.1099323 0.1068855 0.1171405 0.1186408 0.1176465 0.1165412 0.1696869 0.1174645 0.1156274 0.0991088 0.2262952 0.1625240 0.1171928 0.0964136 0.1134470 0.1703833 0.1749800 0.1736053 0.0948380 0.0000000 0.1191484 0.1121541 0.1185431 0.1075713 0.1150728 0.1209139 0.1165531 0.1225552 0.1226130 0.3277824 0.2812343 0.3493205 
Peric_JH   0.1249022 0.0702275 0.0767847 0.0835794 0.0728352 0.0775599 0.0739669 0.0774094 0.0813776 0.1168610 0.0771417 0.1755980 0.0758241 0.0379081 0.1272593 0.2285623 0.1649148 0.0852954 0.0625205 0.0806180 0.1705122 0.1763836 0.1750751 0.0994134 0.1191484 0.0000000 0.1139821 0.0850908 0.0683786 0.0776054 0.0858642 0.0798854 0.0874673 0.0862573 0.3261409 0.2877664 0.3452035 
Phaen_vi   0.0804396 0.1038512 0.1122528 0.1161684 0.1069210 0.1066740 0.1038206 0.1093331 0.1113708 0.0891356 0.1120679 0.1681472 0.1119550 0.1091124 0.1206780 0.2221690 0.1413387 0.1169950 0.0919412 0.1095552 0.1471833 0.1487241 0.1515744 0.0802598 0.1121541 0.1139821 0.0000000 0.1135768 0.1036100 0.1093723 0.1151280 0.1110471 0.1180781 0.1176353 0.3242644 0.2834302 0.3421426 
Phana_JH   0.1259326 0.0775277 0.0848738 0.0900189 0.0819572 0.0728930 0.0713144 0.0855377 0.0819130 0.1196106 0.0854511 0.1794644 0.0857028 0.0840821 0.1217799 0.2295684 0.1630187 0.0771245 0.0637848 0.0768277 0.1716793 0.1738071 0.1764783 0.0986835 0.1185431 0.0850908 0.1135768 0.0000000 0.0780521 0.0791261 0.0891130 0.0850735 0.0909532 0.0905564 0.3473513 0.2927995 0.3491097 
Prot_spe   0.1157357 0.0488688 0.0555717 0.0646527 0.0525421 0.0701459 0.0646849 0.0563909 0.0551284 0.1070991 0.0561209 0.1677022 0.0633059 0.0628384 0.1158369 0.2200025 0.1555401 0.0745731 0.0496722 0.0724715 0.1616257 0.1658708 0.1647049 0.0888144 0.1075713 0.0683786 0.1036100 0.0780521 0.0000000 0.0661474 0.0771717 0.0708665 0.0786652 0.0781325 0.3070804 0.2617556 0.3233070 
Qwaq_sco   0.1231902 0.0689766 0.0766586 0.0825083 0.0732017 0.0741284 0.0697728 0.0773772 0.0790993 0.1150116 0.0771148 0.1752653 0.0782697 0.0746098 0.1221771 0.2227803 0.1608385 0.0808782 0.0617195 0.0769256 0.1661669 0.1700193 0.1703807 0.0965992 0.1150728 0.0776054 0.1093723 0.0791261 0.0661474 0.0000000 0.0817913 0.0767147 0.0827819 0.0835387 0.3225880 0.2823102 0.3408745 
Syne_gif   0.1284001 0.0763028 0.0841003 0.0889092 0.0812187 0.0800556 0.0765461 0.0833809 0.0853476 0.1180080 0.0845895 0.1779631 0.0831693 0.0823740 0.1298758 0.2270145 0.1619856 0.0866898 0.0702413 0.0835798 0.1717685 0.1748125 0.1741509 0.1034790 0.1209139 0.0858642 0.1151280 0.0891130 0.0771717 0.0817913 0.0000000 0.0182910 0.0195844 0.0191871 0.3245497 0.2876697 0.3480760 
Syne_ito   0.1235816 0.0715183 0.0788368 0.0856327 0.0755955 0.0749407 0.0719348 0.0779741 0.0784236 0.1138841 0.0783188 0.1765707 0.0755791 0.0768733 0.1239360 0.2191471 0.1431712 0.0826967 0.0651780 0.0789456 0.1603436 0.1641081 0.1631834 0.0988487 0.1165531 0.0798854 0.1110471 0.0850735 0.0708665 0.0767147 0.0182910 0.0000000 0.0212661 0.0212853 0.3058701 0.2799237 0.3338490 
Syne_jap   0.1290671 0.0778705 0.0862538 0.0891208 0.0825181 0.0822226 0.0785512 0.0846065 0.0896752 0.1176077 0.0859940 0.1807258 0.0841499 0.0844720 0.1316919 0.2242439 0.1612303 0.0883905 0.0719401 0.0855326 0.1706314 0.1752703 0.1739705 0.1050470 0.1225552 0.0874673 0.1180781 0.0909532 0.0786652 0.0827819 0.0195844 0.0212661 0.0000000 0.0071695 0.3211647 0.2858651 0.3426643 
Syne_umb   0.1295291 0.0777017 0.0853368 0.0893118 0.0820483 0.0816449 0.0778857 0.0841345 0.0888859 0.1173986 0.0859147 0.1793807 0.0837084 0.0835859 0.1313257 0.2270038 0.1601820 0.0878114 0.0717010 0.0848171 0.1712999 0.1749108 0.1735470 0.1046721 0.1226130 0.0862573 0.1176353 0.0905564 0.0781325 0.0835387 0.0191871 0.0212853 0.0071695 0.0000000 0.3206521 0.2860617 0.3429114 
Nasoniav   0.3198764 0.3159413 0.3470744 0.3366633 0.3186330 0.3133347 0.3118610 0.3227285 0.3600830 0.3156352 0.3256358 0.3365606 0.3323650 0.3255833 0.3193257 0.3935375 0.3446309 0.3362078 0.3056459 0.3199682 0.3522551 0.3645201 0.3501144 0.3065633 0.3277824 0.3261409 0.3242644 0.3473513 0.3070804 0.3225880 0.3245497 0.3058701 0.3211647 0.3206521 0.0000000 0.3190549 0.3560301 
Orussusa   0.2855463 0.2740564 0.2973592 0.2932460 0.2813643 0.2767898 0.2741594 0.2805978 0.3017454 0.2864320 0.2819706 0.2837260 0.2919014 0.2824959 0.2823935 0.3578208 0.3053275 0.2948814 0.2564903 0.2808318 0.3133930 0.3215205 0.3117277 0.2623519 0.2812343 0.2877664 0.2834302 0.2927995 0.2617556 0.2823102 0.2876697 0.2799237 0.2858651 0.2860617 0.3190549 0.0000000 0.3218480 
Micropld   0.3446335 0.3358852 0.3637797 0.3518760 0.3439411 0.3343138 0.3327950 0.3392144 0.3638919 0.3300089 0.3486783 0.3370686 0.3506418 0.3407867 0.3401137 0.4072554 0.3685824 0.3648533 0.3198856 0.3396155 0.3678238 0.3724133 0.3572014 0.3254152 0.3493205 0.3452035 0.3421426 0.3491097 0.3233070 0.3408745 0.3480760 0.3338490 0.3426643 0.3429114 0.3560301 0.3218480 0.0000000 
