
maxdiff     : 0.0013824
meandiff    : 2.00348e-05

