CATSBDP
1	-1	19926
1
1.8
0	0
0	0
../../data/clustal34_ag_lt0.26_no_escha.phy
4
0
Universal

0
0
0
0
10	0
0
((Qwaq_sco:0.140774350851638,(((Phana_JH:0.138512019586094,(((Isoc_cen:0.0560358604586463,Aula_tav:0.039662951012834):0.015271430995253,Hedic_le:0.067480976413151):0.00397545634080549,Aylax_hy:0.0488628052348155):0.0674701054730705):0.0138877865459123,(((((((Lepto_cl:0.0830006964885906,Lepto_he:0.122906236187516):0.0336072012450118,Lepto_bo:0.117988462733171):0.18235583829192,Gana_sp1:0.203522966307801):0.19794401834442,Callas_no:0.184330069564687):0.0103879305798158,(Phaen_vi:0.126251905746059,Allox_ar:0.193536913990927):0.0505306498445925):0.0204464758148996,Parn_nig:0.124719043668983):0.0422592502918471,((((Orussusa:0.841725548650629,Micropld:1.53781189969771):0.159131730486749,Nasoniav:1.27424213952574):0.591598047316314,Cecin_ib:0.389786289727757):0.182021542693545,(Dipl_spi:0.218250650897954,Pedia_ac:0.183198005700237):0.0249485315758208):0.0302684370125972):0.0901742492944983):0.00611517840637952,(((Prot_spe:0.102376437659582,(Calli_sp:0.138553992776018,(((Andr_qrm:0.031345574234355,Andr_cur:0.0375623859396754):0.0093474795773295,Andr_gro:0.0884882795777874):0.0051585828432802,(Bior_pal:0.070359754167198,(Beloc_tr:0.0397273241775951,Andr_qln:0.102598660357251):0.00689383133073415):0.0175793380733596):0.0364121870308448):0.0256199806353909):0.0147211557939678,(Irae_his:0.0985640088619193,Cerop_ma:0.124584316615151):0.00411169734772045):0.00465179180516558,(Diast_ki:0.0586388856811543,Peric_JH:0.0737151554897738):0.0696175999352754):0.0160125138915806):0.00336158094260951):0.135154814138794,((Syne_umb:0.0172969436623285,Syne_jap:0.0155048138664205):0.0305301964818754,Syne_gif:0.031418030826044):0.00972254277848157,Syne_ito:0.0378073403646353);
((Qwaq_sco:0.140774350851638,(((Phana_JH:0.138512019586094,(((Isoc_cen:0.0560358604586463,Aula_tav:0.039662951012834):0.015271430995253,Hedic_le:0.067480976413151):0.00397545634080549,Aylax_hy:0.0488628052348155):0.0674701054730705):0.0138877865459123,(((((((Lepto_cl:0.0830006964885906,Lepto_he:0.122906236187516):0.0336072012450118,Lepto_bo:0.117988462733171):0.18235583829192,Gana_sp1:0.203522966307801):0.19794401834442,Callas_no:0.184330069564687):0.0103879305798158,(Phaen_vi:0.126251905746059,Allox_ar:0.193536913990927):0.0505306498445925):0.0204464758148996,Parn_nig:0.124719043668983):0.0422592502918471,((((Orussusa:0.841725548650629,Micropld:1.53781189969771):0.159131730486749,Nasoniav:1.27424213952574):0.591598047316314,Cecin_ib:0.389786289727757):0.182021542693545,(Dipl_spi:0.218250650897954,Pedia_ac:0.183198005700237):0.0249485315758208):0.0302684370125972):0.0901742492944983):0.00611517840637952,(((Prot_spe:0.102376437659582,(Calli_sp:0.138553992776018,(((Andr_qrm:0.031345574234355,Andr_cur:0.0375623859396754):0.0093474795773295,Andr_gro:0.0884882795777874):0.0051585828432802,(Bior_pal:0.070359754167198,(Beloc_tr:0.0397273241775951,Andr_qln:0.102598660357251):0.00689383133073415):0.0175793380733596):0.0364121870308448):0.0256199806353909):0.0147211557939678,(Irae_his:0.0985640088619193,Cerop_ma:0.124584316615151):0.00411169734772045):0.00465179180516558,(Diast_ki:0.0586388856811543,Peric_JH:0.0737151554897738):0.0696175999352754):0.0160125138915806):0.00336158094260951):0.135154814138794,((Syne_umb:0.0172969436623285,Syne_jap:0.0155048138664205):0.0305301964818754,Syne_gif:0.031418030826044):0.00972254277848157,Syne_ito:0.0378073403646353);
1
6.7055
0.590716
5000
32.2291
0.340833	0.165283	0.126443	0.203217	0.216727	0.208201	0.177885	0.324861	0.284393	0.302714	0.184625	0.336435	0.204387	0.303981	0.242739	0.482675	0.342452	0.360713	0.05121	0.154814	

0.000432234	0.0024535	2.32319e-15	2.33194e-05	0.0286168	3.87177e-07	0.00209858	0.362155	0.000522122	0.234921	0.0115359	0.000191823	1.02717e-05	4.60446e-06	4.31434e-14	0.00207191	0.00559698	0.349365	3.64643e-08	1.57917e-07	
0.135295	0.00432525	0.0115856	0.0174395	0.00140913	0.00100473	6.79792e-07	0.0586423	0.04726	0.0205509	0.0348188	0.0575999	0.0284975	0.0183201	0.014811	0.15292	0.360973	0.0340514	1.54981e-05	0.000480706	
0.00292493	0.000550377	0.655045	0.265257	9.82812e-08	0.0077906	0.00298494	2.45726e-06	0.00622782	0.00192337	8.22733e-05	0.0354936	0.00276357	0.000989551	0.0015874	0.0104092	0.00257387	0.0020255	3.63282e-05	0.00133188	
0.00786101	0.00719845	0.147677	0.105872	0.00011765	0.0705725	0.00196965	0.00202142	0.134504	0.0133035	0.000150506	0.0559104	0.10416	0.143948	0.074556	0.0801335	9.58403e-06	0.0472336	0.00151339	0.00128775	
0.639204	2.92408e-11	0.0036157	5.81261e-05	0.00657319	0.0528903	0.012738	0.00971744	0.0157912	0.0191761	1.33875e-07	3.44403e-07	0.0116065	0.000248262	0.0099074	0.0156374	0.072139	0.129749	3.1109e-06	0.00094507	
0.00699115	9.66849e-12	0.0161469	0.0627652	3.03336e-06	0.00563774	0.00425247	0.000454024	0.611827	0.00241068	0.00805018	0.078943	0.00178925	0.0624287	0.098152	0.022859	0.0153651	0.00170781	4.27113e-09	0.000217005	
0.00738885	0.00223237	0.00456186	0.0023716	0.00111953	0.95632	3.42204e-07	0.000261135	0.00220679	0.00099776	1.43099e-09	0.00469693	2.7507e-06	0.00152968	0.00244343	0.0130976	9.5109e-05	8.99908e-05	3.26895e-15	0.00058432	
0.264064	0.00245634	0.0127421	0.0172879	0.0107975	0.0655745	0.00920797	0.015097	0.00910978	0.0145924	0.00884464	0.0349929	0.0593932	0.0127443	0.00919747	0.180222	0.198653	0.069482	2.63224e-08	0.00554086	
0.000332781	0.00074022	0.000622451	0.00210138	6.12103e-05	0.000239244	0.0015949	0.00382617	0.274479	0.0031595	2.27537e-06	1.25864e-05	0.00448429	0.0147975	0.688458	0.00247623	0.000109535	0.000570954	0.00146161	0.000470041	
0.0185682	4.00598e-11	4.14341e-06	0.00141049	0.00424193	0.00391695	1.19927e-06	0.147598	0.00175851	0.0180616	0.00410415	0.00134062	1.47542e-05	9.23712e-07	5.86609e-05	0.000154946	0.00231934	0.794397	3.91828e-08	0.00204856	
0.0114282	0.0050454	0.376343	0.15533	0.013714	0.0482447	0.0253329	0.00864234	0.0291438	0.0051083	3.52085e-06	0.192849	0.00851548	0.0104348	0.00782833	0.0559079	0.0197757	0.0128335	3.04389e-06	0.0135167	
9.7875e-07	0.00114047	4.1705e-07	0.00104913	3.20247e-05	0.000293489	3.21732e-05	0.830327	9.97212e-05	0.0383503	0.0209256	0.000408201	0.000235372	0.0002155	1.35507e-06	0.000359882	0.000151553	0.106375	2.95799e-09	1.36547e-06	
0.00417768	0.976192	0.000196824	1.13916e-14	0.000989465	0.000782649	1.39238e-05	0.00250716	0.00170945	2.57326e-10	1.46709e-05	0.000193104	3.94353e-10	0.000188261	0.000959795	0.00758497	5.12127e-05	0.00236779	2.08833e-07	0.00207049	
0.00122517	0.000745063	0.000415571	0.00126545	1.4412e-05	0.000453392	0.00192491	0.00145152	0.890059	1.68156e-05	0.00284569	0.0123493	0.000634559	0.00736431	0.0713302	0.00214433	0.00289649	0.00231756	3.83399e-09	0.000546694	
0.00414459	0.00185377	0.000550846	0.000992409	0.0568679	9.11412e-05	1.40418e-08	0.569155	0.00854933	0.115857	0.0311641	0.00756791	0.000700708	0.00243009	0.000838559	0.00215532	0.0195758	0.168928	1.29493e-19	0.00857709	
3.2081e-08	4.46834e-13	0.00331852	4.89595e-06	0.000165533	2.98293e-06	0.00328598	0.00143751	0.000736924	0.000309019	1.70131e-05	0.986818	3.55006e-05	0.000191747	6.55095e-05	0.00127619	0.00102304	5.96196e-08	5.00336e-25	0.00131115	
0.0606825	0.00765615	0.0181812	0.0156683	0.0335619	0.01275	0.0169009	0.024536	0.0294645	0.0891276	0.00917085	0.0254342	0.170241	0.031315	0.0160838	0.291094	0.108684	0.0284124	0.00245277	0.00858318	
0.0279009	0.0017952	0.00285242	0.00256939	5.71229e-05	0.00604295	0.00974705	0.00511004	1.04548e-05	0.0262975	0.00196165	0.000469185	0.800425	0.0159584	0.00632084	0.0657584	0.0206978	0.0054212	7.04254e-08	0.000604816	
0.0011471	6.2247e-06	0.000282775	1.4457e-05	2.05459e-07	9.23067e-05	0.00160799	0.466898	0.000700322	0.0246591	0.00141454	0.000408714	0.00217318	0.00135835	0.00272227	0.00239482	0.00603686	0.487552	1.89976e-15	0.000530604	
0.0863693	0.00537443	0.00589806	0.0247184	0.0377669	0.0203541	0.0106344	0.143482	0.0663985	0.111448	0.0517383	0.0422368	0.0160001	0.0256786	0.0182704	0.0770574	0.115619	0.124247	0.00400615	0.012702	
0.000241609	0.00043614	2.89134e-08	3.05023e-08	0.00928016	5.65105e-07	0.000320144	0.028346	0.00046761	0.944426	0.00427485	0.000574361	0.000132074	5.26174e-05	0.00138383	0.000621563	0.000752988	0.00775382	6.73978e-29	0.000935635	
0.0721185	0.0262139	5.97755e-06	0.00270427	0.056246	8.99705e-05	0.0297061	0.230298	7.56083e-06	0.0548106	0.00934739	9.42941e-06	0.011557	2.1943e-14	0.00777361	0.0806863	0.116334	0.249463	0.000216184	0.0524124	
0.00482192	2.55522e-08	6.37844e-10	0.0057386	0.717501	0.000102832	1.86477e-05	0.0181838	0.00463186	0.00917626	0.000179747	0.00580464	0.00317618	1.81146e-07	1.54815e-05	0.0129101	0.000712448	0.0106164	2.60749e-08	0.20641	
0.00932525	2.65947e-07	3.50254e-05	0.022787	0.00575687	0.00699165	0.00603702	0.0188298	0.695852	0.0157619	0.00282732	0.0184985	0.000697105	0.0532185	0.103647	0.00243052	0.0255626	0.00819894	3.02792e-36	0.00354272	
4.35638e-05	0.00522326	0.00144892	0.000210978	0.0427924	0.000367035	0.0113353	0.00144952	0.00156678	0.00462905	2.40263e-05	0.00235739	0.000628168	0.000573951	0.00168612	7.65104e-06	0.000379888	0.00218821	0.000727667	0.92236	
0.00304977	0.00885253	0.00290118	0.00450912	0.00426634	0.0170859	0.0308956	0.00645531	0.0652179	0.0138509	0.00267681	0.00851362	0.000520058	0.0600998	0.757443	0.0093337	0.00296623	0.00130188	5.85401e-05	2.18923e-06	
1.56365e-08	0.00908974	0.000393423	0.0316651	0.00184202	0.0182911	0.0025703	0.0122185	0.510049	0.0174845	1.40964e-09	0.102233	0.00227233	0.0335896	0.187699	0.0402164	0.0286413	1.49076e-05	9.19983e-21	0.00172981	
0.0321825	0.00668101	0.00218549	0.00028238	0.019061	0.00189824	0.00180277	0.374281	0.000837983	0.0399718	0.0588094	1.02112e-05	2.86737e-07	0.00157931	4.9369e-07	0.00189444	0.0422608	0.41125	0.00182165	0.00318927	
0.0583074	2.60974e-05	0.0399555	0.211372	1.38132e-08	0.156857	0.0216926	0.0196618	0.110276	0.0242871	0.000626601	0.0287999	0.0141154	0.0515448	0.129388	0.0445029	0.0250105	0.0600824	3.59199e-08	0.00349473	
0.072518	0.00151339	0.000203998	0.00858348	0.000925002	1.12588e-06	2.83749e-08	0.182601	0.0116924	0.0131157	0.024589	0.00427427	3.86995e-06	0.00809528	0.0100286	0.0599713	0.510193	0.0916779	1.21367e-06	1.10029e-05	
0.015937	0.00734733	0.00899303	0.0615497	0.0146588	0.0275598	0.06129	0.0123415	0.135393	0.0380216	0.00818495	0.0382916	0.0328031	0.251394	0.178709	0.0539888	0.0332268	0.00439641	0.00488274	0.0110299	
0.00302357	0.0250384	0.00127925	0.00293393	0.00441199	0.1139	0.0222361	0.00121928	0.32731	0.010862	0.000413069	0.212469	0.0155122	0.00389926	0.000113457	0.223189	0.0267334	0.00474681	0.000362524	0.000346739	
0.0363513	0.00625676	0.0333259	0.111484	0.00117521	0.00984035	0.0986948	0.0748266	0.1474	0.0563093	0.00669143	0.120842	0.00175904	0.143927	0.00390685	0.0299075	0.0530731	0.0272164	1.56072e-06	0.0370106	
0.00168059	0.000414882	0.000153302	0.000355143	0.000174651	0.00165312	0.00140021	2.07667e-05	0.0125459	0.00249356	0.00067557	0.000296153	0.000360922	0.000576395	0.968438	0.00734342	0.000165496	0.000342844	0.000499593	0.000409772	
0.00476829	0.0126924	5.88707e-09	2.26738e-06	0.000239463	0.00406396	7.17634e-08	1.42967e-05	6.93041e-05	2.06933e-08	0.00024351	0.00672639	0.000121368	2.64733e-08	3.28403e-05	0.936147	0.0344961	0.000253055	1.03324e-11	0.000130161	
0.00351153	8.61319e-06	0.193098	0.0145323	4.06882e-06	0.0245979	0.0219154	0.00702919	0.0694956	0.000486245	0.000796463	0.506909	0.000858485	0.0145902	0.00308809	0.109593	0.0159849	0.0076581	2.84682e-12	0.00584288	
0.0081252	0.00326492	0.000386644	0.00662476	0.0583153	0.000449789	0.00500273	0.0765759	0.00965062	0.65187	0.0342159	0.000746144	0.0170743	0.0179679	0.00648724	0.0288122	0.00524161	0.0627849	0.0017113	0.00469264	
0.000577623	0.0120859	1.0675e-09	0.000565988	0.715257	0.00446554	0.00851785	0.0248286	3.73714e-07	0.129572	0.0104406	4.34099e-05	0.000590595	4.914e-07	3.65679e-05	0.00487769	0.000911446	0.0113563	2.84169e-30	0.0758716	
0.0209738	0.00538189	0.0958567	0.19699	0.0106446	0.0385022	0.0230435	5.4343e-06	0.246947	0.00143235	0.000129482	0.179296	0.00209177	0.0452375	0.0311185	0.059974	0.0213111	0.0191103	7.15753e-09	0.00195459	
0.0967395	0.0261796	0.0151112	0.0116929	0.00189632	0.515621	0.00520347	0.00364086	0.00457929	0.00358307	0.000665738	0.0470266	0.0156076	0.00818191	0.0177452	0.172365	0.0260547	0.0281062	8.52041e-33	2.82584e-07	
9.52518e-06	3.38356e-06	2.54063e-06	1.6224e-08	0.119363	0.000509199	0.000945283	0.0174935	0.00205741	0.797066	0.0170998	0.00206389	1.2248e-08	0.0049515	0.000741667	0.0121583	0.00153282	0.0121951	0.00669674	0.00511074	
0.0207198	0.00120251	0.00837448	0.0311762	3.53424e-06	0.0120358	0.061342	0.00460073	0.0251459	0.0424095	0.0102388	0.00393595	0.0651487	0.616528	0.0255197	0.0324556	0.0370748	0.00208773	7.332e-37	7.16784e-07	
0.000192028	0.0376321	0.000248611	0.0144671	0.162836	2.01337e-06	0.11665	0.0608225	0.00366741	0.1549	0.0179669	0.0148828	0.0102769	0.0285961	0.0527708	0.0309982	0.00929729	0.0264461	8.84849e-15	0.257347	
0.0035152	1.05304e-05	0.00303186	1.58941e-05	0.01294	1.60099e-07	0.000175008	0.336858	0.00236575	0.33562	0.2202	0.00755131	0.00012209	0.000557569	2.45104e-06	0.00667664	0.00161088	0.0667616	0.00198364	1.30531e-06	
0.0295666	0.00115801	0.194505	0.485993	0.00095978	0.0262836	0.00913557	0.0105846	0.0607892	0.00817489	0.00435446	0.0425281	0.00963199	0.0530718	0.0114156	0.0198301	0.013496	0.0147174	0.000380443	0.00342403	
0.0404923	0.00126498	0.0502165	0.627062	1.05261e-05	0.0321469	0.002454	0.000826638	0.0862518	6.32814e-06	0.00330413	0.00683136	0.00126774	0.0706453	0.00503802	0.0206871	0.0163244	0.0349999	0.000168331	1.79156e-06	
0.0248503	9.11443e-07	9.87959e-05	0.000897034	0.00152641	0.000146583	0.00111787	0.4442	0.00215611	0.0933315	0.0846464	0.0155304	0.018673	0.00108454	0.000618553	0.0168907	0.102853	0.191354	1.77956e-39	2.40806e-05	
0.0283488	0.000550014	0.0305716	0.0998528	0.00188214	0.0225102	0.00779697	0.0187266	0.336429	0.0136665	0.0132513	0.117715	0.0175563	0.0738925	0.0785998	0.0497973	0.0693083	0.0185951	0.000247463	0.000702695	
0.000936539	0.00233121	0.000333371	0.00164491	0.00538318	0.00116346	0.00040297	0.0031522	0.00312967	0.00706039	4.9238e-05	0.000496427	0.00019674	0.00238244	0.00387619	0.00301126	1.68567e-05	0.000875888	0.959047	0.00450986	
0.117402	0.000349829	0.0143035	0.00416556	0.0020612	0.00698563	9.58152e-05	0.219536	3.46169e-05	0.0261972	2.11593e-07	0.00530276	0.0150535	0.00270462	2.23862e-10	0.0380748	0.082496	0.463353	1.51027e-06	0.00188232	
0.00249651	0.00110822	0.033839	0.927579	0.00206774	0.00295195	7.5215e-07	0.00145716	0.00641818	0.0014449	0.00136763	0.00203422	2.8037e-09	0.0135557	0.000300468	7.42097e-06	0.000931054	0.00242567	1.42728e-05	6.30568e-17	
0.880099	0.000309582	0.000146624	0.00389988	0.00108706	0.0141267	2.98436e-08	0.00264823	5.3579e-05	0.000117899	1.44894e-08	0.000532304	0.00514518	0.000123022	2.36291e-06	0.0437259	0.0243703	0.0231641	0.000448673	2.32331e-12	
0.000238248	0.163391	1.90818e-08	0.000328687	1.4122e-05	0.000276857	4.67015e-05	0.124511	0.025749	0.000856466	3.63475e-05	0.117489	0.0169911	0.000844717	4.34897e-05	0.362353	0.0801564	0.10413	0.000333125	0.00221011	
0.363651	0.00359445	0.00481778	0.0141976	0.000281375	0.0209198	3.03092e-07	0.066511	0.00755712	0.0215089	0.031067	0.00861854	0.0103955	0.000506148	0.00190237	0.0612877	0.228126	0.155044	1.24692e-05	4.98699e-12	
1.89396e-07	0.001759	0.000224609	2.02009e-08	0.96463	1.05887e-05	5.28893e-05	0.00134648	0.000224117	0.00916309	0.000408166	0.000518727	0.000645677	0.000974257	0.000350205	0.000941437	8.96952e-05	0.00254187	0.000914137	0.0152048	
0.0113147	0.0252024	0.0311076	0.0105149	0.116516	0.0053216	0.228859	0.00938653	0.00935286	0.048233	0.00113183	0.0554483	0.00223054	0.0364791	0.0117573	0.0499545	0.00980037	0.00672263	4.10667e-09	0.330666	
0.0117423	0.00664876	0.0100472	1.68876e-07	0.00195317	0.0183527	0.00389498	0.00561458	0.317601	0.00214443	0.0127507	0.00827564	0.00520131	0.0181431	0.483376	0.0500994	0.0273407	0.00522982	0.00291044	0.00867368	
0.0194853	0.012814	0.00279897	0.128112	2.65623e-06	0.189176	0.0259901	0.0388286	0.203668	0.00499894	7.31767e-12	0.000527765	0.00133968	0.00383267	0.343526	0.0173148	0.00411688	0.000566613	0.00290014	1.11942e-06	
0.0826128	0.0090814	0.0473028	0.0738682	0.00413646	0.00769437	0.00973276	0.000971448	0.0308596	0.0722808	0.00475483	0.0259234	0.333323	0.0468037	0.0355862	0.163346	0.0253577	0.024734	0.000352383	0.00127791	
0.0316878	5.08424e-05	0.000633666	0.00015354	0.00234725	2.76283e-05	0.000480748	0.0730714	0.00143398	0.131055	0.0922241	8.31567e-05	2.76504e-06	9.95402e-05	1.12591e-09	6.83544e-06	0.000786887	0.665855	1.07861e-07	1.09005e-09	
0.142534	1.54075e-07	0.00153597	4.47966e-07	0.00889903	0.118248	0.013618	0.000903286	0.0483702	0.0712267	0.0586139	0.0289778	0.295926	0.00459015	0.0404363	0.0304334	0.135501	0.000133942	1.93484e-07	5.19221e-05	
0.00692873	3.28942e-09	0.000219741	0.00238279	0.0156749	0.000594398	0.748354	0.000343673	0.0115125	0.00414182	3.73701e-11	0.15836	0.0044869	9.16148e-07	0.000317189	0.00100789	9.43681e-05	0.00261299	9.10988e-11	0.0429672	
0.115168	0.037261	0.00819024	0.0122345	0.027459	0.0104918	0.00477399	0.00197458	0.018159	0.0394252	0.00304615	0.0232395	0.0021548	0.00649289	0.00510921	0.546905	0.100936	0.0155691	0.00108567	0.0203239	
0.0609403	0.00133048	0.12294	0.281026	0.0195857	0.0360724	7.63917e-07	0.0637553	0.0485247	0.0424826	0.00899347	0.0254112	0.0213692	0.0538508	0.00016049	0.0632599	0.0451744	0.0924968	1.05521e-15	0.0126251	
0.5181	0.0152439	0.000140581	0.00818493	0.00501846	0.00523604	0.000257183	0.00979452	0.00115937	0.000511754	0.0108273	0.00352549	0.0252447	0.00767932	0.00532442	0.10742	0.157515	0.115546	4.14807e-08	0.0032717	
0.00753846	0.00018952	0.219555	0.722181	0.000530523	0.0141205	0.000135796	8.36729e-06	0.00975976	2.23224e-05	0.000438117	0.00194208	0.000400645	0.0172979	0.000305059	1.35096e-06	0.000902562	0.0042769	3.82197e-06	0.00039096	
0.00365997	0.00199561	0.00048161	3.9616e-14	0.049393	0.0018625	0.00228329	0.222076	0.00151977	0.5489	0.0341481	2.53244e-05	5.78444e-12	0.000103918	0.00472466	0.0029659	0.0186912	0.102284	0.00153753	0.00334729	
0.0218903	7.25669e-12	0.0211709	0.348057	0.00573049	0.017709	0.0211145	0.0115631	0.132908	0.0238169	0.00782797	0.00350167	0.0107319	0.284355	0.0443115	0.00756456	0.012779	0.0235275	1.68637e-07	0.00144094	
0.0393767	0.000585781	0.0159147	0.0708275	2.1536e-06	0.718341	0.00212697	0.0065819	0.00925157	0.000418485	0.00567939	0.0115728	0.00128445	0.000579189	0.0383909	0.0398644	0.0176103	0.0164647	0.00298066	0.00214651	
0.0337613	0.0130302	0.055732	0.0329964	0.00558127	0.0369635	0.020066	0.0323046	0.0698097	0.0109635	0.00593056	0.257771	0.008811	0.0159056	0.0368752	0.229071	0.10552	0.0180096	3.4617e-06	0.0108932	
0.00102187	0.000479317	0.0451825	0.00529717	0.0325095	0.00444402	0.00978397	0.259472	0.0474373	0.0208628	0.0594911	0.164016	0.00477889	0.0131449	0.0101931	0.0712731	0.124859	0.118648	0.000308482	0.00679739	
0.000294912	5.01972e-07	0.965146	0.00551834	0.000388609	0.000961785	3.62916e-07	0.000897853	1.63965e-05	4.72769e-05	0.000378751	0.0235518	2.25288e-06	2.21619e-05	0.00132734	0.00054378	3.58882e-06	0.00054019	0.000329369	2.88434e-05	
0.0006962	1.38316e-07	0.0120369	0.0768808	0.000329664	1.87568e-07	0.0225986	6.95418e-05	0.0352535	0.0365096	2.54605e-08	0.00282569	0.00275194	0.775569	0.0274876	0.00267617	0.00288487	3.41374e-05	1.20075e-06	0.00139437	
0.0249949	0.000624748	0.248655	0.121278	1.31427e-05	0.000104616	0.130443	0.0512378	0.0292379	0.0651847	0.0279323	0.229911	0.00588521	0.00912853	0.0337496	0.00853059	0.000114793	0.0015764	3.83467e-11	0.0113974	
0.00948063	0.00234548	3.53644e-05	4.48973e-13	4.71312e-05	1.97303e-07	9.65861e-06	0.0122903	2.11178e-05	0.00110783	0.00858509	0.0155386	2.08749e-10	0.000111204	0.00107192	0.0510637	0.89824	5.13447e-05	1.71055e-10	3.07098e-13	
0.00173559	2.18577e-06	1.29472e-05	4.49851e-07	0.000545779	5.09069e-11	8.00732e-06	0.0276894	0.000354085	0.0318896	0.921707	3.82701e-05	0.000679203	4.56224e-06	1.00226e-07	0.00568454	0.00550112	0.00370235	0.000441562	2.90971e-06	
3.34502e-05	4.46937e-06	0.00273518	0.000250509	2.3227e-07	4.69459e-05	0.968654	9.58522e-05	1.14383e-07	8.18001e-05	0.000955967	0.000803329	0.000217136	0.0136119	0.00787094	1.47232e-05	4.58203e-05	0.00109342	2.90248e-16	0.00348429	
0.025289	0.0160349	0.00634833	0.000543009	3.3015e-05	0.0303441	0.0498603	0.0358241	0.000389731	0.0073749	1.93418e-06	0.52428	0.00583536	0.00407363	0.00143516	0.217171	0.0548796	0.00414453	1.17112e-07	0.0161374	
1.08891e-05	0.0544021	0.018156	0.0298211	0.00603957	0.0485206	0.26946	0.00173598	0.00303531	0.0408325	0.0637601	0.184744	0.00391862	0.156752	0.000722538	0.0897182	0.000595114	0.0277475	1.96265e-16	2.80139e-05	
0.00213707	1.91858e-08	3.05391e-05	0.000739725	0.00205277	0.000548951	8.86546e-05	0.000181128	0.00464363	0.00034425	0.000121316	0.0029357	0.969083	0.000913516	0.00161171	0.0139838	0.000448149	0.000127548	1.83695e-25	9.02204e-06	
0.209226	4.94242e-06	1.05209e-09	7.1303e-05	6.75972e-05	0.00594482	6.87796e-05	0.00557413	0.00141108	0.00852124	0.0155786	0.0252842	0.000791099	0.00083855	0.00739605	0.30644	0.396971	0.0158105	8.19369e-08	9.46446e-09	
0.190361	0.0978141	4.36601e-06	2.36281e-07	0.0228561	0.00498235	0.000230486	0.0324894	5.35736e-07	0.032681	0.00286521	7.0631e-05	0.00508397	0.0105278	0.000177179	0.553556	0.0448966	0.00133615	1.4177e-20	6.74419e-05	
0.404567	0.00185261	0.00114471	0.000161896	0.00232455	0.0169329	2.08023e-10	0.0767557	0.00252599	0.0276927	0.00686994	3.09037e-05	0.00541469	0.00108071	0.000246302	0.0223027	0.0142761	0.414263	4.62188e-05	0.00151064	
0.0221279	0.0178525	0.00259426	0.00403033	0.0021074	0.131098	0.000733039	0.00937583	0.00283461	0.00336786	0.00410824	0.146305	0.00356877	0.00291556	0.0176683	0.532723	0.0866246	0.00481059	0.00108689	0.00406743	
0.0265237	0.000985077	0.0039812	7.09995e-08	0.00191651	0.00604062	0.000905848	0.000962397	5.56674e-10	0.0245503	0.00492538	0.0127438	0.0358548	1.46828e-09	0.0135447	0.722031	0.142356	0.00101434	1.40869e-06	0.0016629	
0.145583	0.0124975	0.00524111	0.0103646	0.00942303	0.000367633	0.000161679	0.118864	3.1565e-05	0.0529345	0.000570922	0.0854546	0.0523345	4.70563e-05	9.43086e-09	0.0997858	0.275284	0.131001	4.94166e-05	3.38996e-06	
0.00271253	0.01583	0.0897199	0.0181918	0.00255445	0.00975562	0.180745	0.00854806	0.0761876	0.027041	5.75738e-06	0.266891	1.02531e-07	0.0509625	0.0623978	0.0810473	0.0120903	0.00813191	9.73437e-06	0.0871777	
0.13429	7.05491e-06	0.0141438	0.0075974	4.70194e-09	0.0872211	0.000579298	0.128568	0.00315572	0.0823273	0.119239	0.00685488	0.0111581	0.0076099	0.00971602	0.046029	0.0780719	0.263322	3.77841e-10	0.000109595	
0.0183811	0.000144003	1.69344e-05	0.00450267	0.0102603	0.0151844	0.00595749	0.191475	0.0118908	0.113877	0.32211	0.00511449	0.006196	0.00970308	0.000198996	0.0305533	0.157799	0.0961809	0.000436509	1.72128e-05	
0.632679	0.00493	0.00365119	1.56444e-06	0.000113106	0.0313634	6.7636e-05	0.000180661	0.00609467	0.00683867	0.000772091	0.00065624	0.00109911	0.00602004	0.00431266	0.276931	0.0199098	0.0043513	1.58544e-10	2.81882e-05	
3.11703e-06	0.00211867	0.0016809	0.000802688	0.00892547	5.45455e-13	0.602829	7.15187e-05	0.00327063	0.00105591	2.71311e-07	0.0353967	2.47415e-05	0.0350054	0.0148965	0.010589	0.00228268	9.5638e-06	0.00793544	0.273102	
0.0854376	1.65789e-06	1.74508e-17	0.00019143	4.79709e-07	0.0132998	4.97601e-07	0.0534751	0.188284	0.0499358	0.0625508	0.000525776	1.86614e-05	2.76343e-05	0.0375843	0.195852	0.285047	0.0277666	2.7641e-17	1.47928e-08	
0.0219274	0.000120354	0.00651902	0.000717746	0.00750356	0.0087565	4.51894e-07	0.0292727	7.54014e-07	0.00556262	0.00253416	0.0379055	0.0022395	0.000544384	0.00275995	0.453666	0.414349	0.00362302	5.78521e-19	0.00199709	
0.0117995	0.000763777	1.25964e-05	0.00229125	0.000259908	0.454878	0.00054956	0.00119102	0.00826316	0.00147918	0.000543827	0.160598	0.00127628	0.00118315	4.43508e-06	0.343169	0.00305605	0.0013866	2.02235e-08	0.00729414	
0.131269	0.00661056	0.0191526	0.0417213	0.00791296	0.0175194	3.19492e-07	0.0586805	2.84592e-05	0.17967	0.0455654	0.0608551	0.000188409	6.50611e-09	1.1168e-05	0.262594	0.143303	0.0216445	0.00327267	1.06133e-06	
0.00364709	2.80727e-10	1.36453e-05	0.00372926	7.02161e-08	2.92718e-05	0.0467641	0.00300291	0.000353848	0.00270814	6.1105e-06	2.55366e-05	0.00997513	0.910878	0.00952261	0.00248571	0.00413473	0.00254036	1.60373e-12	0.000183808	
0.0664964	0.000603907	4.64136e-05	0.0118518	0.00817516	0.0195048	0.021139	0.0261582	0.00961483	0.113808	0.0072046	0.0135354	0.367439	0.0876468	0.0433818	0.122866	0.0594089	0.0165671	0.00455104	8.23576e-07	
0.243014	0.000527492	7.52118e-07	0.0144703	0.000959546	0.011857	0.0365061	0.00151015	0.0468478	0.0962988	0.000255602	0.000123761	0.0172833	0.143133	0.013353	0.0611864	0.238368	0.0742961	5.05172e-12	9.39254e-06	
0.00060934	0.00215224	0.344791	0.0231777	0.00465569	0.0873214	0.0132799	0.000483608	0.006807	1.34852e-05	1.9736e-09	0.40629	4.19819e-05	0.00494517	0.000142166	0.0836698	0.0166733	0.000672767	0.00275446	0.00151894	
0.00895756	2.17139e-07	0.61604	0.133456	4.16378e-06	0.0239086	0.0172351	0.00268113	0.00496383	0.00278404	2.2975e-09	0.141843	1.07291e-07	0.0113228	0.00342856	0.0153655	0.00354183	0.00633458	2.29702e-09	0.00813336	
0.00896729	0.00300212	3.53299e-08	0.00977845	4.66967e-06	0.0480257	0.0167678	0.00122562	0.00307471	0.00414218	7.3876e-05	0.483366	0.00240359	0.0116403	8.75781e-05	0.394461	0.00975406	0.00307617	7.60928e-17	0.000149663	
0.249473	0.0160277	0.102041	0.0832097	0.00298551	0.0445327	0.000580129	0.00900229	0.00310565	0.000947914	0.00180269	0.0570861	0.0139972	0.00564603	8.80784e-05	0.234627	0.141157	0.0314852	1.21312e-08	0.00220565	
0.10802	1.80338e-08	0.0047442	0.00259006	0.0496565	0.00888318	0.00178075	0.241018	0.00453111	0.154909	0.0171709	0.00820795	7.6746e-05	0.0094466	0.000832423	0.0183935	0.0262352	0.343448	1.63305e-61	5.60042e-05	
0.000859073	0.0202932	0.00408977	4.18996e-06	0.280495	3.68447e-06	0.0431535	0.00136567	8.60619e-06	0.0184811	0.0109111	0.00714813	0.00293521	0.00102418	0.00233441	0.0171159	3.92531e-05	0.000200403	0.0156152	0.573922	
0.0038203	0.00123993	0.00227699	2.1474e-09	0.0139232	0.00522795	0.000131633	0.0352572	0.000294137	0.802635	0.109415	0.000748424	0.000197658	0.00691768	0.00191589	0.00771437	0.000361608	0.00792048	7.55706e-22	1.95797e-06	
0.000157021	0.002123	5.29381e-06	0.00308129	0.00124358	0.0551097	0.00252053	0.0170183	0.100089	0.00922247	0.000469253	0.336991	0.00356207	0.0271243	0.048875	0.339227	0.0520888	0.00109152	5.74994e-12	5.93036e-07	
0.0752653	0.0034176	0.00155715	1.15486e-05	0.00015134	0.0125978	1.79653e-06	0.000731179	0.000111034	0.0299989	0.0016715	0.00204498	0.410847	0.00148142	0.000753725	0.40051	0.0493561	0.009491	4.17489e-36	8.02807e-08	
0.00527319	0.200847	0.0285105	6.10847e-05	0.021214	0.00358612	0.00436382	0.0191702	0.00485643	0.000206688	0.00104734	0.0442059	1.94854e-05	0.00435459	2.25987e-05	0.219144	0.410395	0.0299949	1.32532e-08	0.00272744	
0.000111342	0.00840312	0.00185242	0.016809	0.00540639	3.35338e-05	0.0865999	0.0112971	0.0727107	0.0285319	0.00426883	0.0188009	3.87136e-05	0.668719	0.0345528	0.00601147	0.00309557	0.0111308	3.97309e-38	0.0216262	
0.121391	0.000316738	2.26601e-13	0.0157506	0.000199282	0.000170796	0.0103839	3.72122e-06	0.0123351	0.00165834	0.00460296	0.0121449	0.428746	0.0593247	0.00706207	0.220567	0.103542	0.000505003	0.00111639	0.000179884	
0.0563669	5.00345e-12	0.0166174	0.130693	0.00769248	4.58241e-06	0.0011952	0.177894	0.00477286	0.0619551	0.0157688	0.0159239	5.25493e-05	0.0063242	0.000396206	0.00843556	0.0940873	0.400229	2.75011e-18	0.00159101	
0.256079	3.17752e-08	5.88039e-06	0.0644924	0.00950441	0.250248	7.39087e-05	0.133314	0.000386369	0.0443459	0.00380535	4.27706e-06	0.0711228	0.0191875	0.00181849	0.0206817	0.00103199	0.123841	4.7014e-05	9.97215e-06	
0.00672323	0.0510211	1.35475e-06	0.0127917	0.0574973	0.0111739	0.00543651	0.0098104	0.0258099	0.104082	0.0229623	0.000722998	0.00961527	0.0141848	0.0159605	0.0252884	0.000783191	0.00975458	0.538676	0.077705	
0.0765096	3.54525e-08	3.99087e-05	0.0285305	0.000534506	0.000664123	0.0219192	0.0353545	0.188725	0.148798	0.000286816	0.0304704	0.262908	0.110732	0.0615305	0.0135948	0.0141614	0.00522172	4.05682e-09	1.96186e-05	
0.15313	0.000110648	0.126703	0.0397471	2.53974e-06	0.0646546	0.00959734	0.123326	0.00591691	0.0228784	0.00107891	0.0669259	0.0223215	7.23386e-06	0.00920396	0.079423	0.0553329	0.218315	1.7752e-08	0.00132561	
0.017933	0.00682583	0.109171	4.68414e-09	0.00320122	0.135269	0.0570413	0.00915284	0.00159132	0.0059742	4.73809e-05	0.0465217	0.150658	0.0292101	0.191516	0.205114	0.00100603	0.0294372	1.10295e-25	0.00032969	
2.16823e-05	8.30113e-05	3.26706e-07	0.000316688	0.00784292	0.000237096	0.0117757	0.000528014	0.0434906	0.000663369	0.0168155	0.0147465	6.04034e-06	0.00202673	0.00174255	0.225708	0.653883	0.0109497	0.00793584	0.00122581	
0.291868	4.82299e-08	0.024852	0.149518	6.95175e-10	0.0219158	1.28284e-07	0.0139002	0.0629391	0.0307208	0.000452014	0.00671513	3.53183e-10	4.61957e-05	0.0176381	0.115157	0.153071	0.105497	3.03159e-06	0.00570661	
0.0199418	0.00888318	0.0154604	0.0194575	0.0723325	0.0173911	0.112827	0.0343912	0.0576964	0.280239	0.0225498	0.0188359	0.018336	0.0842095	0.0706906	0.0558375	0.0159294	0.0538274	5.3677e-17	0.0211644	
0.0181366	0.021876	0.00476212	0.000109619	0.322775	0.00656968	0.00166861	0.115535	0.00440254	0.300122	0.0365441	0.00685383	1.88158e-11	0.000238647	0.0062258	0.0335715	0.0152195	0.0595399	0.00893762	0.0369128	
0.00025319	8.3158e-05	0.000101357	6.61214e-06	0.250053	3.16617e-05	0.0117621	0.0561227	0.00153252	0.270308	0.00187589	0.000147488	0.114907	0.00828482	0.00070203	0.0986058	0.00479768	0.136051	1.76339e-24	0.0443746	
0.477986	0.0178695	0.0537272	0.0110691	0.0392219	0.000275669	0.000482762	0.00143093	0.00226048	0.0916244	0.000762158	2.14171e-06	0.00681146	0.00222107	0.0375943	0.126555	0.000157658	0.0924041	0.0165879	0.0209556	
0.0856603	0.00444007	0.00537888	0.335615	0.000785555	0.00186431	0.000451781	0.0121937	0.227829	0.00396072	4.78169e-07	0.00248614	0.0652909	0.119232	0.00169932	0.101437	0.0235529	0.00801665	7.71194e-05	2.92168e-05	
0.00477927	0.0129318	0.000969032	0.0093949	0.00885724	5.8858e-05	0.000131498	0.142041	0.0154661	0.114977	0.553686	0.000317738	0.00210792	0.000965114	0.0113468	0.00219973	0.00983861	0.095979	1.01494e-07	0.0139526	
0.118128	0.0760731	0.00581347	1.11075e-06	0.0504463	0.0285257	0.000101158	0.128106	0.0207729	0.145215	1.4991e-09	0.0169591	1.91346e-06	0.0370409	0.000311744	0.0666565	0.0345456	0.26208	0.00284983	0.00637123	
0.00960555	0.00330966	1.42886e-09	7.55821e-13	1.27982e-05	0.0170088	0.200815	1.15794e-08	0.04472	0.012628	5.96184e-05	0.0110039	0.00406632	0.0493511	0.605361	0.000481746	0.0192524	0.000324165	0.0218519	0.000147862	
0.0295745	0.588977	0.00156742	0.000720741	0.0240415	0.0369564	4.58215e-06	0.00617764	1.91797e-05	0.0216326	0.000399608	0.000774382	0.000486602	1.33429e-06	0.0134725	0.199561	0.0301255	0.00216061	0.00264336	0.040703	
0.0390225	6.74845e-10	0.0307815	0.0040592	9.99427e-05	4.81826e-05	1.11195e-05	0.0208985	0.000443944	0.00595605	0.00111231	0.361424	0.0127388	0.0177496	0.00159751	0.295699	0.202952	0.00540645	8.14835e-37	2.66719e-09	
0.0386719	0.000189962	0.0111921	0.0300543	0.00860458	0.00970217	0.00860043	0.285787	0.0114049	0.0943166	0.0649203	0.0437329	0.029171	0.00701329	0.0281915	0.00617091	0.0327972	0.288531	1.75346e-07	0.000948066	
0.0186693	0.325841	0.0109913	4.57077e-09	0.0870251	0.0115183	0.0447955	0.00840432	0.00585381	0.022925	0.00150338	0.0380779	0.00727133	0.00334937	0.014351	0.0893103	0.0147355	0.0263692	0.0153451	0.253663	
0.00543426	5.21331e-05	0.000190482	2.80947e-05	0.00526522	4.48078e-05	0.0616086	0.0391463	0.156689	0.0384579	0.0173588	0.00514693	1.28492e-15	0.0429845	0.448821	0.000859749	0.0812952	0.096616	1.83888e-06	2.75308e-10	
0.00741968	0.0511178	7.66717e-08	6.13225e-06	0.000477599	0.197365	2.13306e-05	0.171881	0.0116608	0.00103371	0.00289418	0.318909	0.00143116	0.00193092	0.0062915	0.0555057	0.138802	0.00363262	3.7638e-13	0.0296196	
0.312873	0.00766338	0.00756948	0.00471675	0.0121514	0.137905	0.00857907	0.000799386	0.00469967	0.0155271	7.48367e-05	8.38875e-06	0.00394076	7.36162e-05	0.000431321	0.318468	0.158805	0.00571354	3.93233e-09	3.98023e-07	
0.00439219	0.00373834	7.83663e-06	0.000196985	0.00137373	0.000163201	0.0220561	0.0100862	0.35374	6.37622e-05	0.0115112	0.320493	0.00711891	0.0752063	0.0491484	0.0827879	0.0539354	3.46935e-05	0.00394325	2.66719e-06	
0.047613	5.71874e-05	0.0269882	0.0474682	1.04216e-10	0.0370898	0.0186603	0.149862	0.0144367	0.00501262	0.00453303	0.0992023	0.0340293	0.00161326	0.00369305	0.103747	0.399719	0.00441757	0.00178741	6.93181e-05	
0.0249945	0.062351	0.0257922	0.0219348	0.113824	0.0234309	0.00067792	0.0550436	0.0253494	0.114979	0.0174459	0.0361672	0.0279267	2.80888e-05	0.0246907	0.241603	0.064257	0.0496591	0.0137676	0.0560781	
0.00275211	0.0103406	0.0716729	0.199305	0.0012136	3.24527e-05	0.0822068	3.79012e-05	0.106023	0.0214019	5.14652e-05	0.0586407	3.19106e-06	0.342742	0.0501997	0.0196854	0.0212353	0.00422153	3.2557e-10	0.00823375	
0.218539	5.80398e-09	0.00463268	0.0416928	0.00162095	0.0243572	2.01835e-09	0.0429198	8.84838e-05	0.00775037	0.00676441	9.84799e-11	0.347901	0.0257363	0.00339422	0.0570271	0.112626	0.104906	1.66005e-09	4.41883e-05	
0.0627889	5.09312e-13	5.7147e-05	0.00460978	0.0036431	2.37542e-09	0.0118205	0.0262033	0.213368	0.017065	0.000952839	0.0438788	0.105911	0.0040388	0.147199	0.0348531	0.252249	0.0641719	0.000444813	0.00674459	
0.00358918	0.00191875	0.0124386	0.0183858	0.00355315	0.000164837	0.408967	0.0099856	0.00934548	0.0349776	0.000611342	0.0918219	0.0630303	0.202335	0.0619909	0.00511468	0.00143451	0.00920069	1.48387e-35	0.061135	
0.00165264	0.098017	0.00100187	0.0186659	0.000557019	3.85018e-05	0.137515	1.92217e-05	0.0632765	0.0324341	0.00500839	0.0519508	0.0202087	0.100248	0.371092	0.0408962	1.46379e-05	0.00337362	0.00281343	0.0512168	
5.90316e-05	4.35986e-05	1.02233e-10	3.49582e-05	0.000421239	0.000763787	0.142103	0.0766222	5.80292e-05	0.0496	0.0263097	2.0618e-05	6.32806e-06	0.0208959	0.533759	0.0258964	0.0957199	0.0274855	2.21178e-05	0.000178997	
0.00142325	0.00491528	0.0268346	0.000707295	0.00452992	0.0014886	0.0331124	0.00618303	0.0594014	0.00111783	0.00118228	0.704761	1.98219e-05	0.00293555	0.000187541	0.106701	0.0293057	0.00180183	4.24458e-22	0.0133919	
0.0653722	0.0133338	0.000117932	0.000127597	0.0845902	0.00900369	0.0127647	0.0725218	0.00137502	0.107611	0.056338	0.50555	0.000434553	4.37908e-06	0.000478915	0.0114264	0.0388053	0.0201433	2.07076e-21	9.57939e-07	
0.0051403	7.45744e-05	4.32347e-05	0.000441697	5.63373e-06	2.11332e-08	1.61282e-06	0.067539	0.126962	1.27173e-06	4.08513e-05	7.95982e-05	0.0142819	0.00454913	0.0912919	0.320266	0.318191	0.0166694	0.00155819	0.0328629	
0.0383347	0.00259643	1.16344e-15	0.143711	1.19813e-06	0.00963169	0.00067738	0.0299559	0.316157	0.00152713	0.0043432	0.00415326	0.0206112	0.111084	0.0240006	0.00601882	0.246326	0.0405349	1.04201e-12	0.00033516	
0.0443447	0.0137138	0.00666023	0.00191881	0.0177409	1.71261e-05	0.0427128	0.0149188	0.345921	0.0129515	4.68856e-05	0.00666208	0.000973762	0.00830325	0.347987	0.00215791	0.000186563	0.0105688	0.00798318	0.114231	
0.0177617	3.32165e-14	0.000144478	5.31135e-06	0.000417478	0.00265307	0.707664	0.0103226	0.00180858	0.0590711	4.49611e-05	0.0197407	0.020317	0.0737671	0.000485334	0.0244122	0.0362432	1.20902e-05	9.6228e-05	0.0250327	
0.0891997	1.32186e-06	0.0557026	0.019426	0.00112829	0.283232	5.94173e-05	0.041014	0.0221852	0.0305997	0.00129923	0.0688718	0.0178352	4.97324e-06	0.000381954	0.335143	0.000652907	0.0323846	0.000877648	2.11913e-13	
0.0333318	5.44956e-07	0.0273925	0.0113103	0.00360908	0.0121795	0.397128	1.27872e-06	0.0574332	0.0114145	3.36336e-08	0.116985	0.00700919	0.236631	0.027844	0.0521507	0.00469042	1.43973e-06	3.96428e-05	0.000847079	
0.0231331	0.135602	0.00137251	1.56744e-06	0.0118778	0.00173375	0.0030923	0.000225935	0.011601	4.58657e-06	0.000260751	0.327717	0.00645096	0.00218159	0.0211372	0.443104	0.000841061	1.25277e-05	0.00635031	0.00329985	
0.0755671	9.86483e-06	0.192541	0.167715	9.76019e-06	0.265781	0.00285178	0.00262244	0.0306333	0.00409506	9.63078e-05	0.118888	0.00698909	0.0195139	0.0199492	0.0661442	0.0163326	0.0102203	3.99157e-05	2.98362e-10	
0.327804	0.00426036	1.65221e-06	0.000690665	0.000657706	0.600164	0.00636387	0.000445853	0.000111892	0.0050873	2.29332e-05	0.000500363	2.86462e-11	0.0012601	0.0107044	0.0367856	0.00506657	7.30929e-05	1.34292e-08	3.63275e-15	
0.0108926	0.000537541	0.00182122	0.0277233	5.14583e-05	1.51872e-09	0.0212952	0.180936	0.159984	0.190279	0.174561	0.0274032	2.8351e-05	0.0609623	0.0664961	0.00217468	0.028595	0.0423807	0.00386049	1.84304e-05	
0.0224394	0.171432	0.00230124	6.74329e-06	0.00093632	0.000757792	0.0689052	0.0641208	0.00194405	9.64907e-05	0.0597601	0.0641643	0.00494942	0.0160691	0.0968845	0.276053	0.104451	0.0257374	7.82784e-05	0.0189118	
0.200079	8.77075e-05	2.5616e-08	0.0552888	0.00932195	0.000101008	4.20072e-06	0.0930432	0.0156972	0.0285146	0.0004909	0.00072059	0.00249388	0.00072964	1.68393e-05	0.00227635	0.520652	0.0688355	3.0598e-29	0.00164608	
0.00169781	0.0863817	2.81757e-16	0.040088	0.0799485	0.0312317	0.0295679	0.0502291	0.0883397	0.0374456	0.0174582	0.0339266	6.76046e-05	0.0311554	0.185373	0.119043	0.034546	0.0172542	0.0253443	0.0909021	
0.244678	0.00297997	0.000829671	8.50931e-07	0.000933123	3.70149e-05	0.00169125	0.106702	0.0114271	0.0471708	0.0215319	0.12375	7.57294e-08	0.0675612	0.0149999	0.122601	0.000314324	0.20638	0.000191117	0.0262204	
0.199617	0.000281108	1.6581e-05	0.000173761	0.0899733	0.00515304	0.000485805	0.115296	0.000582968	0.00570005	1.33655e-07	0.022357	9.54124e-06	0.000576542	0.000346265	0.218239	0.234594	0.106471	2.88072e-16	0.000127348	
0.0248067	0.052981	0.206282	0.0607328	0.000772424	0.505483	1.03163e-06	0.00402736	1.70119e-07	0.00356318	0.000127965	0.000359743	9.62186e-10	0.00210821	0.006287	0.121839	0.00237488	0.00823559	3.26255e-11	1.75533e-05	
0.000311916	0.467306	5.90203e-07	0.000226251	0.154631	0.0510647	0.00281563	0.0133525	0.00099529	0.066891	0.000680907	0.0332338	0.0109383	0.000272147	0.00338507	0.0978103	6.78645e-06	2.14231e-05	0.0940316	0.00202488	
0.00252481	0.00200475	0.00288306	7.39562e-05	0.000208404	4.55703e-05	0.00561513	0.0087014	0.151028	0.225232	0.0548008	0.153372	0.00120769	2.87444e-07	0.00766632	0.0976957	0.166734	0.0685172	0.051653	3.54751e-05	
0.0227604	4.10553e-05	0.0159436	0.00106713	3.90272e-05	0.00470105	0.00374752	0.122138	0.00324233	0.255886	0.0937251	8.68352e-10	0.324873	0.0560138	8.24258e-06	0.0129092	0.0477568	0.0319847	1.87052e-08	0.0031627	
0.000387943	0.00953596	5.31301e-07	9.32944e-06	6.99544e-11	0.00839074	0.00313953	0.0968135	5.61925e-05	0.225245	1.76095e-09	0.146721	0.331257	0.00175131	0.028874	0.0403383	0.0531627	0.0534481	0.000163332	0.000705335	
0.00317402	0.00595126	0.00034835	7.46264e-06	1.04634e-07	0.00667548	5.48013e-09	0.0612089	0.45035	0.00592659	0.11971	0.0287008	1.18803e-08	7.84669e-07	0.177182	0.00540394	0.0823883	0.048764	5.81561e-07	0.00420628	
0.034064	0.0122809	6.51554e-07	0.00178927	0.0260999	0.0553222	0.00196169	0.00849851	0.0131658	0.0813676	0.00762443	0.0942065	0.0387641	0.103458	0.0176849	0.268364	0.214153	0.0182859	7.27661e-08	0.00290892	
0.000883922	0.0504157	2.93663e-06	0.000157291	0.0570666	3.11005e-10	0.0843458	2.91212e-07	8.67106e-08	0.000376695	0.628808	0.065189	0.018045	0.0568986	9.65106e-09	0.0242124	0.000672911	0.0129096	3.65844e-17	1.53461e-05	
0.118959	0.0167524	0.000149407	0.0361655	0.269862	0.00403699	0.075508	0.0096094	7.7951e-06	0.0110689	0.000814935	0.00152251	0.0547824	0.0126582	0.00850261	0.169975	0.04434	0.0128858	3.19538e-08	0.1524	
0.0652899	1.45024e-05	0.0287342	0.000697157	0.000340424	0.00492771	7.92723e-10	0.0169872	0.000282089	0.133151	3.11691e-06	0.000728202	0.200292	0.0435976	0.00112016	0.113656	0.117797	0.272353	1.20995e-08	2.9581e-05	
