CATSBDP
1	-1	19682
1
1.8
0	0
0	0
../../data/clustal34_ag_lt0.26_no_escha.phy
4
0
Universal

0
0
0
0
10	0
0
((Cecin_ib:0.387147321088659,((Dipl_spi:0.21808829851963,Pedia_ac:0.17663792686031):0.0277724299900187,((((Allox_ar:0.193479142609483,Phaen_vi:0.126814847131135):0.0468423364576467,(Callas_no:0.185814930777493,(Gana_sp1:0.209335086016049,((Lepto_cl:0.0851913639604922,Lepto_he:0.122401030262723):0.0369813312835181,Lepto_bo:0.114417772073329):0.16413915774437):0.203011533959852):0.0107542388148574):0.0221305854779927,Parn_nig:0.122824540278508):0.0355002654731139,((((((Syne_umb:0.0168330084811778,Syne_jap:0.016420753503906):0.0325051467304086,Syne_gif:0.0314484293074873):0.0102440446919241,Syne_ito:0.0373259391019114):0.133106653194602,Qwaq_sco:0.142550139917355):0.00531375150878166,(((Prot_spe:0.106424188935333,((((Beloc_tr:0.0390644185198883,Andr_qln:0.105329672273834):0.00458342078349839,Bior_pal:0.0685442293387175):0.0173809815763059,((Andr_qrm:0.0338689994015971,Andr_cur:0.0388436091551818):0.00811745927792258,Andr_gro:0.0896261002092046):0.00509852643573027):0.0352386778347304,Calli_sp:0.146225380334102):0.0248270881315828):0.0168728317089707,(Cerop_ma:0.121047812274724,Irae_his:0.100073815304015):0.004670564888585):0.00549846342533834,(Peric_JH:0.0764633037311876,Diast_ki:0.0565588671279656):0.0718839230488126):0.0133353119068851):0.00804660657142862,(Phana_JH:0.141059900493249,(((Isoc_cen:0.0592483525757841,Aula_tav:0.0420719289647331):0.0125609029314575,Hedic_le:0.0676735647361025):0.00328646958732116,Aylax_hy:0.0499920434644412):0.0714807971077631):0.0116305356309589):0.097843848114705):0.0309878210951558):0.177202079022527):0.561008316036164,Nasoniav:1.24913321195824,(Orussusa:0.858292562100262,Micropld:1.58417160980683):0.186245028747137);
((Cecin_ib:0.387147321088659,((Dipl_spi:0.21808829851963,Pedia_ac:0.17663792686031):0.0277724299900187,((((Allox_ar:0.193479142609483,Phaen_vi:0.126814847131135):0.0468423364576467,(Callas_no:0.185814930777493,(Gana_sp1:0.209335086016049,((Lepto_cl:0.0851913639604922,Lepto_he:0.122401030262723):0.0369813312835181,Lepto_bo:0.114417772073329):0.16413915774437):0.203011533959852):0.0107542388148574):0.0221305854779927,Parn_nig:0.122824540278508):0.0355002654731139,((((((Syne_umb:0.0168330084811778,Syne_jap:0.016420753503906):0.0325051467304086,Syne_gif:0.0314484293074873):0.0102440446919241,Syne_ito:0.0373259391019114):0.133106653194602,Qwaq_sco:0.142550139917355):0.00531375150878166,(((Prot_spe:0.106424188935333,((((Beloc_tr:0.0390644185198883,Andr_qln:0.105329672273834):0.00458342078349839,Bior_pal:0.0685442293387175):0.0173809815763059,((Andr_qrm:0.0338689994015971,Andr_cur:0.0388436091551818):0.00811745927792258,Andr_gro:0.0896261002092046):0.00509852643573027):0.0352386778347304,Calli_sp:0.146225380334102):0.0248270881315828):0.0168728317089707,(Cerop_ma:0.121047812274724,Irae_his:0.100073815304015):0.004670564888585):0.00549846342533834,(Peric_JH:0.0764633037311876,Diast_ki:0.0565588671279656):0.0718839230488126):0.0133353119068851):0.00804660657142862,(Phana_JH:0.141059900493249,(((Isoc_cen:0.0592483525757841,Aula_tav:0.0420719289647331):0.0125609029314575,Hedic_le:0.0676735647361025):0.00328646958732116,Aylax_hy:0.0499920434644412):0.0714807971077631):0.0116305356309589):0.097843848114705):0.0309878210951558):0.177202079022527):0.561008316036164,Nasoniav:1.24913321195824,(Orussusa:0.858292562100262,Micropld:1.58417160980683):0.186245028747137);
1
7.76886
0.585694
5000
31.2362
0.306526	0.144665	0.218926	0.211507	0.190364	0.227672	0.220557	0.33371	0.252964	0.317832	0.182463	0.297956	0.206009	0.278063	0.259207	0.441706	0.429259	0.317683	0.043228	0.153601	

0.00122127	0.00039314	0.000142265	0.00122599	4.39724e-05	8.60842e-10	0.00348449	0.0024217	0.289	0.000724969	0.000103255	0.00162651	1.89749e-05	0.0147369	0.682533	0.000147869	3.69621e-05	0.000277481	9.69348e-07	0.0018597	
0.0128494	0.0146419	0.0137869	0.0440654	0.0415705	0.0175483	0.0586102	0.0301799	0.11193	0.139999	0.0193483	0.0337239	0.0143376	0.134234	0.134084	0.0635744	0.0548319	0.0439777	0.00934527	0.00736022	
0.00239263	0.000709162	1.41379e-05	0.000208495	0.00250056	2.93025e-06	3.05082e-06	0.57224	0.000976686	0.0379834	0.00300722	2.95907e-05	8.02787e-10	0.00153594	0.000107804	0.00120133	0.00489886	0.372188	6.16054e-13	7.25099e-08	
0.365864	1.06875e-05	0.0019444	0.00915016	0.00482526	0.0230106	0.000871452	0.0727319	0.0032992	0.0333996	0.00970485	0.0020893	0.0021801	0.00219469	0.00211027	0.0267021	0.0307186	0.409053	0.000131423	8.46533e-06	
0.0492989	0.0293817	0.0331854	0.0183721	0.00582301	0.0266075	0.0137783	0.0465182	0.0328272	0.00888794	0.00551431	0.224906	0.0133335	0.0144585	0.0372032	0.285273	0.113337	0.0283166	1.20154e-08	0.012978	
0.00104506	4.32408e-07	0.95178	0.0108807	0.000678699	0.00183345	6.20861e-07	0.00135499	4.47678e-05	0.000479503	0.000854774	0.0284753	2.68036e-06	6.14034e-05	0.000156775	0.000191671	0.00173046	0.000271885	0.000156723	2.67259e-19	
0.00157238	0.0216335	0.000330841	0.0135524	0.000788888	0.0233412	0.0682066	0.000310099	0.0610451	0.0178137	0.00396317	0.0144446	5.78194e-05	0.0471872	0.696481	0.0205475	0.00607363	0.000158769	0.00151156	0.000980475	
1.07681e-05	0.000487267	0.000368913	0.000209656	0.115059	0.00287598	0.000461914	0.0169067	0.000851501	0.815214	0.0134072	0.000967029	0.00365965	0.00301964	8.47203e-05	0.0102449	0.000740013	0.00374651	0.00442814	0.0072569	
0.0166766	0.00705979	0.00156297	3.17174e-11	0.35232	0.00419502	0.00337733	0.0970465	0.0051067	0.360179	0.0289483	0.0025416	0.0002403	0.00256681	0.00536642	0.0158752	0.00727793	0.0516901	0.0117404	0.0262284	
0.0298871	0.000426963	0.00200936	0.000842954	0.00105242	0.00628163	0.0102463	0.00478381	0.0013176	0.0258275	0.000833175	0.00290339	0.761767	0.0220854	0.00523219	0.0879401	0.0272296	0.00846221	3.61004e-11	0.000871405	
0.00165841	0.00380165	0.00121753	4.94095e-05	0.00215189	0.00171463	0.000515357	0.041475	0.0046042	0.0354732	0.886592	0.00167139	1.4714e-05	1.89028e-10	0.00237514	0.00133611	0.00484088	0.00828227	0.000837188	0.00138927	
4.75448e-05	0.00319082	0.000402706	1.62338e-08	0.0336896	0.000333079	0.00881778	0.00294226	0.00181693	0.00190591	2.03198e-07	0.000759801	0.000989077	0.000204886	0.00171667	0.00022045	0.00028541	0.00258816	0.000315911	0.939773	
0.0728957	1.92708e-06	0.0437195	0.0133563	2.66502e-06	0.239822	0.00178085	0.0234644	0.0230429	0.0359915	0.00330735	0.160654	0.000334889	0.0135478	0.0282238	0.279816	0.0454381	0.00918137	8.35779e-08	0.00541885	
0.897748	0.00085368	4.53249e-05	0.000106293	0.0011672	0.0106933	4.2165e-09	0.000230284	0.00152107	0.00144903	0.00170114	0.000213111	0.000795236	0.00051661	0.00015867	0.0396278	0.0182845	0.0247198	3.2582e-05	0.000136256	
0.0415971	2.67723e-05	0.0184942	0.061757	0.0127823	0.0071428	0.00150082	0.26463	0.00986123	0.0573239	0.022409	0.0117644	0.00468486	0.018555	0.0128259	0.000241675	0.0472483	0.402457	0.000753438	0.0039444	
0.000316056	1.52049e-09	0.0131799	0.100832	2.89512e-07	1.30709e-06	0.0471838	0.00407025	0.0582715	0.0357756	0.00109583	0.00781058	0.00540518	0.676514	0.0355051	0.00807764	0.00494431	0.00100524	1.00322e-05	1.33273e-06	
0.00787754	0.00955992	0.002436	0.00150916	0.00687821	0.0242426	0.00621143	0.0094664	0.246673	0.00151267	0.00795239	0.00728762	3.36786e-06	0.0326293	0.558152	0.0348692	0.019656	0.0058656	0.0106576	0.00655957	
0.00126699	0.000390157	0.00121941	0.00150966	1.49558e-08	1.27421e-05	0.000925258	0.00300874	0.879415	7.00067e-07	0.00357406	0.010105	4.98706e-08	0.00608401	0.0798072	0.00299144	0.00481546	0.00238698	3.77236e-14	0.00248706	
0.279593	1.05384e-05	0.0425244	0.0843902	0.00495411	0.0186393	0.00126421	0.000327976	0.00440627	1.79344e-05	7.17678e-06	0.0296109	0.0319153	0.00415529	4.80805e-05	0.322736	0.153476	0.0214996	1.78449e-05	0.000405937	
0.0020469	0.000478963	0.0264689	0.946972	0.00242952	0.00344027	8.35353e-06	0.000413776	0.000104242	0.00152818	0.00235222	3.98522e-05	2.22538e-08	0.0125366	8.67521e-06	3.75978e-06	0.00111693	4.35929e-05	2.93897e-07	6.95864e-06	
0.166487	0.0179107	0.000700197	1.38556e-08	0.0824954	1.34105e-07	0.00677366	0.179411	0.00133859	0.0176076	0.0023349	0.00202526	0.00170982	0.0120187	7.97109e-05	0.0715292	0.163299	0.211305	1.6603e-08	0.0629746	
0.0133123	2.88967e-14	4.47526e-08	0.000576152	0.0049317	0.00203862	0.000429209	0.168732	2.47268e-06	0.0205165	0.0049039	0.000245891	0.00123259	4.45098e-12	0.000300523	7.2398e-07	0.00455268	0.777169	4.78155e-05	0.00100818	
3.53296e-06	0.000337463	2.18037e-05	0.000293921	0.00476249	3.35688e-09	0.000806387	0.0315437	0.000382785	0.941641	0.00489585	0.00086365	3.58485e-07	1.00597e-07	0.000770636	0.0012932	0.00183313	0.0104606	2.68313e-05	6.30847e-05	
0.0599241	0.00731191	0.00263091	0.0193907	0.0331949	0.0226201	0.0165496	0.169967	0.071373	0.0863875	0.0627815	0.0352576	0.0169451	0.0147001	0.0264514	0.065419	0.106361	0.16266	0.00359702	0.0164782	
0.014642	0.00495813	0.350468	0.149444	0.00807876	0.0392616	0.015612	0.0114243	0.0309201	0.00844212	0.000243697	0.222565	0.00757477	0.0147728	0.00508123	0.0534113	0.0228715	0.0216933	2.92885e-07	0.0185346	
0.00372799	4.98555e-06	0.00119625	0.0001904	0.0149826	0.00789744	0.720432	0.00198896	0.00574408	0.0155751	3.02658e-06	0.0777463	0.00887284	0.0438006	0.0189441	0.0183509	0.00678444	6.49889e-06	2.23151e-12	0.0537513	
0.0135078	0.00931974	0.0213309	0.00773718	3.19035e-05	0.824006	7.76057e-05	0.00163969	0.00443627	0.00176052	8.84004e-07	0.0270942	0.000813586	0.00207149	0.0140448	0.0622946	0.00145723	0.00659494	0.00028078	0.00149946	
0.317598	0.00454977	0.0179603	0.0202848	0.0143721	0.077011	0.00687383	0.000185278	0.011936	0.0181237	0.0137572	0.0253104	0.038083	0.00477543	0.0110413	0.168313	0.169617	0.073677	2.45485e-07	0.00653101	
0.125674	2.86229e-06	0.0143795	0.00368079	9.00764e-06	0.028336	0.011275	0.0474073	0.0606651	9.6329e-09	4.726e-07	0.136934	2.98665e-06	0.0110304	0.0172885	0.208003	0.326258	0.00904996	4.40401e-18	3.30376e-06	
0.00205056	0.00148384	1.02021e-05	7.78616e-07	0.0541378	9.80161e-08	0.00199072	0.130754	0.00177886	0.674526	0.0374578	2.83543e-06	0.000482467	0.000870228	0.00421352	0.00177544	0.00962175	0.0709518	0.000964666	0.00692682	
0.0125909	0.00763453	1.72462e-15	3.76558e-05	0.0567979	5.69024e-05	7.86555e-05	0.478014	0.0113482	0.141603	0.0492659	0.00267469	0.000612723	2.22552e-05	0.000102425	0.0015844	0.0207133	0.208107	0.00133059	0.00742499	
0.00475754	0.000344692	0.0254789	0.0584428	1.82357e-05	7.80862e-07	0.019858	0.000270124	0.536604	1.60907e-05	0.00731428	0.12844	0.003584	0.0864767	0.08398	0.0287314	0.0150262	2.28944e-07	3.68233e-06	0.000653019	
0.00973415	2.90727e-05	0.608728	0.156004	1.79298e-05	0.0268269	0.0158289	0.00396759	0.00722396	0.000193082	0.000449107	0.132871	5.22468e-07	0.00640798	0.0046782	0.0142723	0.00294106	0.00541028	4.75752e-06	0.00441082	
0.00649709	4.42398e-07	0.000366544	0.000254686	0.000328057	0.00063213	7.03471e-06	1.09901e-06	0.00334931	0.00683227	5.01636e-07	4.00363e-07	0.959224	0.00209071	0.00219088	0.0152944	4.85448e-06	0.00263948	1.417e-74	0.00028648	
0.231051	0.000982961	0.00266152	8.66386e-06	2.86079e-09	0.032673	0.00885947	0.000660158	9.88064e-06	0.000111222	1.6178e-05	0.0119786	0.406285	0.0496598	0.00455949	0.142715	0.0984842	0.00928229	1.06048e-22	5.34965e-07	
0.0167116	0.00234807	0.000117236	0.000552099	3.4828e-05	0.00122141	3.45407e-05	0.0191369	4.89408e-06	0.00218086	0.00857142	0.0105967	0.000301447	0.00074743	0.00216689	0.0657196	0.868476	0.000420795	7.33198e-23	0.000657595	
0.00521015	5.91421e-08	8.09448e-08	0.000673307	7.47034e-07	3.89734e-05	0.0354048	0.000540891	0.00397223	0.0101764	3.7595e-09	3.49659e-05	0.00616882	0.925522	0.00725143	0.000283207	0.00459902	0.000116315	2.87784e-06	4.11168e-06	
0.000203152	0.000498593	4.61029e-05	0.000614645	0.00555745	0.00154376	0.00100089	0.0021191	0.00181867	0.00580076	0.000267315	0.000229709	0.000751958	0.000232581	9.50585e-05	0.000958825	0.000862996	0.00080129	0.96947	0.00712729	
0.000203788	0.0044621	0.0702234	0.00804447	0.00384345	9.7213e-09	0.03137	0.025262	0.083533	0.0138039	1.15989e-14	0.547664	4.18719e-06	0.0134313	0.0102718	0.115234	0.0464913	0.000894274	1.53951e-10	0.0252623	
0.00182002	0.00113851	0.00105415	0.000104191	0.000565819	0.00177634	0.00434463	0.000301752	0.0128921	0.00358507	4.0603e-05	5.34366e-07	0.0021982	0.00377971	0.95883	0.00655003	0.00089957	0.000103223	1.32216e-09	1.52088e-05	
0.000270738	0.00135313	6.08769e-07	0.000639158	0.960416	1.20979e-07	5.84432e-06	0.0013326	0.000439596	0.00904558	0.000351139	0.00124502	9.23438e-06	0.000302964	7.84023e-05	0.000114559	0.000374373	0.00399744	0.00123976	0.018784	
0.00650761	0.00099592	0.00174757	0.00254036	0.000554373	0.972964	1.05597e-05	0.000440258	0.00162918	0.00121258	3.42301e-06	0.000813535	0.000175798	0.000511102	0.000211258	0.00936359	6.67601e-05	4.77163e-08	5.84143e-07	0.000251313	
0.278825	0.00645408	0.0023897	0.0102141	0.00284093	0.0165474	8.62705e-05	0.0718635	0.00902872	0.0270666	0.0182856	0.022253	0.018887	0.00251815	0.00681776	0.128122	0.239066	0.138017	6.06167e-08	0.000716971	
0.0147295	0.570209	0.00299264	1.14498e-05	0.0606267	0.0279633	0.0112202	0.0101725	0.00349469	0.0229335	1.99321e-06	0.0045637	0.000354845	0.00202083	0.0229043	0.0825877	0.00924161	0.0073993	0.0149823	0.13159	
0.00803735	0.000546072	0.00295362	0.0178108	0.0385363	0.00259842	0.012487	0.0717592	0.0182673	0.608679	0.0402226	0.000432604	0.0282013	0.0287507	0.0144194	0.0477379	0.00282082	0.0496416	0.00397546	0.00212273	
0.0108502	0.0117985	1.08951e-06	2.05606e-06	0.000233974	0.0114631	6.21033e-06	3.03246e-06	0.000377734	0.00165245	9.80132e-05	0.0158431	7.02731e-05	0.00221686	9.92965e-07	0.894931	0.050322	4.5858e-08	0.000118365	1.07439e-05	
0.0260868	0.00240728	0.0408612	0.711394	0.00315474	0.0202976	0.00221895	0.00771411	0.0695118	0.0061239	0.000906922	0.00791944	2.21228e-05	0.0582602	0.00482067	0.00647744	0.00764524	0.0231496	1.94755e-26	0.00102774	
0.100853	0.0245408	0.00996892	0.0168949	0.0374814	0.0172692	8.69643e-06	0.00907398	0.0209233	0.078859	0.00754128	0.0298482	0.00639414	0.0043887	0.00571825	0.483363	0.104705	0.022285	0.00637879	0.0135045	
0.00770903	2.31286e-09	0.227204	0.709125	2.1159e-09	0.0114263	1.25609e-05	0.000367209	0.0118379	0.00153902	0.000226869	0.00480372	0.00106257	0.0150417	0.00191773	0.00193268	0.00117909	0.00461487	6.5015e-14	3.489e-09	
0.0270427	0.00483306	0.00241348	5.77619e-07	0.0384257	0.0158461	0.0554488	0.0108811	0.0078825	1.78038e-10	0.0035395	0.635794	0.0162443	0.00396686	2.31418e-05	0.075663	0.0891515	0.012668	0.0001762	1.04712e-17	
0.00822262	0.0524803	0.00524778	0.0166552	0.234113	0.00115978	0.0690313	0.0471742	0.00886581	0.208193	0.0275396	0.0186891	0.0194065	0.0171707	0.0153361	0.0437537	0.00734619	0.0285186	3.44375e-15	0.171097	
0.0703504	3.96563e-05	0.022097	0.0502993	0.00386227	0.00229164	8.54238e-07	0.0163909	0.0197261	0.0370203	0.00222971	0.0084159	0.49693	0.0770416	0.0302246	0.0987948	0.0531608	0.00808516	0.0030385	1.49816e-07	
0.119995	5.65228e-05	0.00848949	0.000912144	0.0370394	0.0109758	0.000182764	0.206588	0.00219806	0.164222	0.0212888	0.00283286	0.000257886	0.00659369	1.64411e-05	0.0143509	0.036528	0.367446	2.64451e-05	6.01377e-12	
0.667017	0.00810945	0.00449632	8.14418e-05	3.24735e-06	0.0136852	0.000425474	0.000859948	1.11291e-09	5.33649e-05	0.00220658	0.0027041	0.0197021	7.1972e-09	0.00217594	0.0462558	0.0969359	0.134228	0.00104837	1.16847e-05	
0.13304	8.98729e-07	0.081899	0.16403	0.0195289	0.0355509	0.00113356	0.0675139	0.0446128	0.063439	0.0296313	0.0506636	0.0354497	0.0274591	0.000620339	0.0419004	0.0939864	0.108552	5.08263e-14	0.000987812	
0.00425766	0.000235756	0.638675	0.294942	0.00203106	0.0123786	0.00138907	6.52398e-05	0.00226854	0.00205832	0.000226953	0.0166051	0.00697565	0.00209872	6.15388e-05	0.00818357	0.00234156	0.000253937	3.50286e-10	0.00495137	
0.0694252	0.0112607	0.020486	0.0204906	0.0211451	0.0148322	0.0230588	0.0178004	0.0337528	0.0920912	0.00246972	0.0344458	0.185582	0.0342415	0.0246648	0.267461	0.0930602	0.0254931	0.00115647	0.00708221	
9.42236e-05	7.50421e-07	3.22698e-07	0.000195506	4.78889e-06	1.02188e-05	0.00445515	0.00166784	8.36256e-05	2.10814e-07	5.64023e-05	0.987535	1.2785e-05	0.000775968	7.26901e-07	0.00297222	0.000716226	4.21432e-05	3.0304e-06	0.00137326	
0.0258611	3.70692e-07	0.0270649	0.354529	0.00495891	0.0140626	0.015102	0.0090814	0.132284	0.0221451	0.00377667	0.00303889	0.0240352	0.249407	0.0597602	0.0201529	0.0167938	0.0166666	0.000212228	0.00106685	
0.0228611	0.00833032	0.108723	0.0725564	0.00651638	0.047555	0.0126315	0.00436811	0.14638	0.00931411	1.78038e-05	0.248225	0.00745266	0.0276859	0.0472361	0.158911	0.0662749	0.00495954	4.85772e-12	1.17945e-06	
0.0239488	0.00227635	0.000257585	0.00144	0.011465	1.19591e-07	0.00218094	0.0107702	5.61328e-08	0.013736	0.00290595	0.00796839	0.0369032	7.27263e-10	5.71077e-07	0.745793	0.137617	0.000179403	6.16883e-07	0.00255586	
0.0364664	0.00147485	0.209724	0.44113	0.00140566	0.0431904	0.0103319	0.00879049	0.0599299	0.00801883	0.00416374	0.036389	0.00744041	0.0461984	0.0114624	0.0312135	0.0176306	0.0218384	3.32352e-19	0.00320193	
0.106578	0.00925637	0.00935536	0.00136834	0.00442273	0.00358089	7.45652e-05	0.244152	9.56864e-06	1.36886e-06	8.29117e-06	0.00453805	0.00451124	0.000540469	0.00103226	0.0316141	0.0739257	0.50486	4.9783e-05	0.000120583	
0.0441259	0.00189244	0.0014001	4.31371e-05	0.00480575	0.000134079	0.00430179	0.401739	0.00617801	0.0822441	0.0429525	0.0197424	0.0207877	0.0015028	0.00162494	0.0163683	0.0619464	0.28812	2.70377e-15	9.02428e-05	
0.0223775	0.00187221	0.0118864	0.0696474	0.00113601	0.0104299	0.0103751	0.0210639	0.391579	0.0191354	0.0109712	0.101104	0.0169341	0.0692275	0.117262	0.0444584	0.0645368	0.0160034	2.81327e-09	1.78173e-11	
0.000241096	3.03179e-05	1.05145e-06	0.00185135	0.0041112	0.00125144	2.49497e-05	0.798625	0.00108746	0.036402	0.0297979	1.68481e-07	0.000204082	7.83738e-07	8.01357e-07	0.000624269	0.0026401	0.12307	3.95113e-09	3.606e-05	
0.00268113	0.000121273	0.000264249	0.00412508	0.66697	1.25525e-06	0.0131913	0.0194797	0.00350134	0.0363357	0.00028491	2.53129e-05	7.16605e-07	0.00216998	1.00984e-05	0.0124705	0.00226312	0.00637437	2.35782e-07	0.22973	
0.00325187	0.000238342	4.40257e-05	0.033223	0.00532745	0.00872227	0.0016143	0.0176916	0.681732	0.0131736	0.00598256	0.0221461	0.000986323	0.0722275	0.107721	0.00290836	0.0167864	0.00574625	4.46721e-08	0.000477939	
0.0208767	0.000364571	0.04202	0.0177985	1.57666e-05	0.0345034	1.07787e-06	0.0223986	0.0183039	0.00477381	0.00046891	0.404688	2.47525e-08	0.0172587	1.79525e-09	0.25707	0.150495	0.00896266	2.46007e-07	6.09059e-08	
0.030411	0.000110407	0.034707	0.0952788	7.34854e-05	0.0567751	0.150246	0.00645705	0.0579395	0.00168208	0.00638904	0.0992153	0.0421909	0.180093	0.103379	0.0818672	0.0338316	3.86263e-07	4.56344e-09	0.0193533	
0.00379628	0.00167357	0.000783065	0.000155794	0.027056	0.00093395	0.000406576	0.0217861	3.31432e-05	0.823477	0.0911968	0.00161952	6.00329e-05	0.00859326	0.004885	0.00593908	0.00234819	0.00480802	1.33514e-09	0.000448199	
0.0794495	0.00404752	0.00941208	0.0298877	0.00032579	4.13994e-05	0.00219558	0.105058	0.092868	0.0201087	0.0298395	0.0389494	0.0317437	0.0212741	0.0262167	0.113001	0.340477	0.0550527	7.46987e-08	5.17429e-05	
0.0311112	0.0145045	0.0673692	0.171964	0.00990506	0.000984882	0.0551766	0.0204291	0.134031	0.0529051	0.00339139	0.0739747	0.0118028	0.234835	0.0138215	0.0203854	0.0444553	0.0196636	1.54347e-08	0.01929	
0.00450919	1.40176e-10	0.20499	0.0169588	1.33832e-07	0.0201225	0.0229545	0.0006011	0.0366101	7.90426e-05	0.000445269	0.567178	0.00184726	0.0046604	3.53616e-05	0.0914928	0.0219065	0.00541646	0.000158395	3.38055e-05	
0.00137418	0.971507	0.000189171	1.30865e-06	0.00245524	0.000561206	2.94401e-12	0.0014278	0.000764516	6.12619e-05	2.20569e-06	0.00035606	0.00108267	0.000105298	0.0010877	0.0115405	0.000863827	0.00264884	9.63087e-39	0.00397145	
0.114313	0.00171226	0.0289711	0.0378898	0.00216235	0.0280595	8.21459e-06	0.0376777	0.0148316	0.100674	0.0571477	0.0788909	0.0150469	0.0172991	0.00255961	0.202992	0.251225	0.00853952	8.64195e-21	9.70003e-21	
0.00268392	0.032913	0.00312247	0.00199945	0.0424961	1.08232e-06	0.00151057	0.00833006	0.0116486	0.0846953	0.00616433	0.000307891	0.00237724	0.0327314	0.0118509	0.018863	1.12287e-05	0.00731439	0.693154	0.0378254	
0.117083	0.00562741	0.00155438	0.0149312	0.291881	0.0129429	0.0546186	0.000918512	0.00723781	0.0024128	0.00984033	0.0101523	0.0545953	0.0374462	0.0163227	0.20986	0.0436548	0.0117337	3.84705e-16	0.0971864	
0.024341	0.0177207	0.000385721	7.19025e-12	0.0969401	1.99726e-14	0.0132125	0.0120093	0.00785692	0.202021	0.0457871	0.0206083	0.169534	0.0122464	0.0110941	0.239997	0.0644646	0.000151167	5.19193e-16	0.0616305	
0.442767	0.0182234	1.41243e-11	3.49256e-06	0.000307532	0.0669405	0.000103231	0.00370906	8.61587e-05	0.0095431	8.24863e-07	0.00226674	0.000362662	0.00532534	0.000103324	0.3341	0.113971	0.00124903	0.000474191	0.000463309	
0.00877135	5.61529e-13	0.0241656	0.0178792	0.010524	1.57685e-05	0.377687	0.000921383	0.0172987	0.0295451	2.76059e-06	0.104729	0.0340561	0.207667	0.0637467	0.0281173	0.00572645	0.00452819	0.0022546	0.0623636	
0.00291277	0.0191257	0.00340837	3.14904e-14	0.222916	0.000318635	0.0279622	6.92945e-09	1.04772e-05	0.0104646	0.00342245	0.00243584	2.04776e-06	0.000343846	0.00109009	0.0115151	1.2303e-05	0.00384312	0.00571561	0.684501	
0.194112	0.00520573	0.0113251	0.000814825	0.00684994	0.0015631	0.0117171	0.0736194	0.00494904	0.0167575	0.00821571	0.112962	0.0274391	0.0260688	5.20876e-09	0.165563	0.250719	0.0765031	1.981e-07	0.00561457	
0.011747	0.00210739	0.0831642	0.309777	0.00288619	0.058038	4.70395e-07	0.0039675	0.228979	0.00887784	0.00218901	0.0900235	0.0070576	0.0963439	0.0357565	0.026094	0.0153282	0.0176633	1.08654e-21	5.88942e-08	
0.102861	1.63663e-08	0.0180284	0.00440029	1.49195e-07	0.107797	4.66213e-09	0.107001	0.00857234	0.0900636	0.0904395	0.0231589	0.0128219	0.00869339	0.0030893	0.0755092	0.0467734	0.299547	0.000759709	0.000483774	
0.0495724	2.38501e-05	0.029405	0.0829947	0.000234834	0.676746	0.000412077	0.00281572	0.0106618	9.08885e-05	0.00795742	0.0163742	0.00165311	6.62567e-08	0.0471601	0.0391	0.0133633	0.0143008	0.00517628	0.00195716	
0.125057	0.0169814	0.0138037	0.00376025	0.00325464	0.454899	0.00368697	0.0169528	0.00704701	0.00732709	0.00212861	0.0439972	0.0266944	0.00967571	0.0195832	0.177592	0.0339931	0.0335654	1.05585e-07	3.71016e-12	
0.0766397	2.58487e-06	0.000318385	0.00365735	2.47922e-07	0.00508331	0.0139882	0.00407425	0.0977808	0.00768323	0.057788	0.0457302	0.00048615	0.000424267	0.0387022	0.351326	0.278056	0.0182584	8.18673e-19	1.35419e-06	
0.25842	0.000143137	0.012551	0.0341976	0.0124668	0.00688258	0.0099483	0.101224	0.00344448	0.0118343	4.04907e-05	0.0176882	0.136258	1.32465e-12	0.00432941	0.0773883	0.120184	0.191748	3.65463e-24	0.00125185	
0.0175275	0.000178261	0.00216281	0.0104304	0.000148241	0.00865271	0.0798527	0.0137951	0.0216071	0.0452557	0.0098632	0.0185273	0.0624073	0.620267	0.0318127	0.0311393	0.0228268	0.00335944	4.00084e-29	0.000186124	
2.14599e-10	0.000189833	0.136026	0.636808	3.41259e-07	0.00140745	0.0101154	0.000423719	0.0104866	0.0125338	0.0127002	0.00958534	3.89689e-05	0.0935983	1.1835e-06	0.0424169	0.0141823	4.63613e-05	0.00985427	0.00958585	
0.0136201	5.81841e-09	0.000189905	0.0137616	0.00747608	0.00291602	0.00115989	0.180811	0.0127788	0.112933	0.419211	0.000152404	0.0137452	0.00703142	0.0123233	0.0105179	0.0805789	0.106842	1.40761e-09	0.00395045	
0.0077371	8.59505e-06	0.0060753	5.27808e-06	0.187896	0.0131749	0.0231202	0.0981532	1.86429e-07	0.310389	0.00536265	9.61059e-05	0.0553057	5.28227e-05	0.00864411	0.0666806	0.0354636	0.14184	0.00229485	0.0376998	
0.000300748	8.42091e-11	0.00397243	0.000492963	0.000106735	5.54928e-06	0.959274	0.000607043	0.000479228	0.00175759	0.00121203	0.00338285	4.79816e-11	0.0189829	0.00358127	0.000499658	0.0010044	0.00401482	8.32397e-13	0.000326135	
0.0687031	0.0431171	0.0568496	0.0312689	0.125293	0.026474	1.746e-05	0.0742113	0.0101493	0.0602949	0.000641555	0.0279198	0.0300554	0.000205521	0.000374871	0.227771	0.0494309	0.100673	0.00267732	0.0638725	
0.0161331	0.0446232	0.00882884	0.00897677	0.00396805	0.127894	0.00434134	0.00846283	0.00190473	0.00395527	0.00184616	0.157502	0.00752341	0.00013262	0.0159311	0.510383	0.0638743	0.00553929	9.28381e-07	0.0081782	
0.172064	0.021411	0.00247318	0.00628188	1.39764e-05	0.755349	0.00259483	0.0101365	0.00113863	0.000205814	3.99605e-06	6.63375e-05	1.79063e-10	0.00323831	2.94247e-05	0.0167102	0.00295168	0.00519271	1.26387e-10	0.000138986	
0.00233428	6.51252e-13	0.00372798	1.35839e-05	0.0287771	3.96249e-05	0.00931618	0.3508	7.42069e-07	0.326918	0.00605007	0.00225522	2.72032e-11	0.0142444	0.0105965	0.0002894	0.0058938	0.238116	2.46351e-16	0.000627044	
0.0407589	0.0244656	0.00206318	0.00605356	0.126565	6.48325e-05	0.000630328	0.102636	0.00351839	0.34055	0.0657087	0.03201	0.00124654	0.0118716	0.00289829	0.0753326	0.0466955	0.107479	0.00228497	0.00716654	
0.00305072	0.00460167	0.000910186	0.00102989	9.67342e-06	1.55373e-05	0.619041	0.00221166	0.00363458	3.20153e-07	1.49345e-07	0.0208305	0.00092958	0.0150573	0.0151392	0.000836055	0.00101098	0.000143538	1.09926e-13	0.311548	
0.0106695	9.40754e-07	0.000570371	0.0372441	0.000129934	6.32645e-07	0.0100408	0.135812	0.189884	0.212113	0.151218	0.053617	0.000127902	0.0431156	0.0666935	0.0139762	0.0396652	0.0326689	0.0024508	7.56542e-07	
0.00290165	0.00144345	0.484024	0.193574	0.0139338	0.00109781	0.000620938	0.0573276	4.98333e-07	0.0119929	0.0180862	0.000523129	0.000294715	0.000121514	0.00102449	0.0589642	0.0295402	0.113082	0.00880151	0.002646	
0.0439419	0.0054604	0.0471571	0.166188	3.27699e-07	0.237654	0.0159259	0.0164125	0.0584322	0.031983	0.000307408	0.0389464	0.00294549	0.0261868	0.177609	0.064807	0.0113433	0.0543292	1.90423e-10	0.000369987	
0.635454	0.00428615	0.00942065	0.00409386	2.60165e-06	0.00261003	0.00571775	0.00923636	0.0044351	0.0187772	0.000548732	0.0107826	1.04142e-05	0.00212248	6.08137e-12	0.257242	0.0230942	0.0120882	2.82376e-35	7.71171e-05	
0.00707743	0.00193402	0.0026659	0.024118	0.00561471	0.0154121	0.0637023	0.00410329	0.120538	0.0423428	0.0129279	0.0019338	0.00641031	0.240951	0.38466	0.0137191	0.0254573	0.00118203	3.03017e-20	0.0252488	
0.330532	0.000309821	0.0174623	0.12468	0.00254389	0.0286533	6.66085e-06	0.014895	0.0497378	0.0198001	0.000105612	0.000426013	0.000785103	0.000406832	0.018953	0.0612673	0.23472	0.0901833	3.08668e-21	0.0045327	
0.0234232	4.53781e-10	0.00629115	0.000250948	0.00437442	0.0210386	3.24742e-05	0.0271132	2.51187e-09	0.00993499	0.00506511	0.0880637	0.0388719	0.00292402	0.00795422	0.504777	0.259844	4.63956e-08	8.86066e-18	4.00878e-05	
0.00120581	9.63361e-06	0.00921825	0.00595287	0.0149396	0.0240445	0.000652095	0.31963	1.46031e-06	0.186571	0.116599	0.0167501	2.3634e-10	1.92929e-05	0.000923935	0.0384577	0.134606	0.130205	0.00021398	2.6986e-11	
0.000570338	0.101683	4.80242e-07	0.00857794	0.0281297	0.0155462	1.67668e-05	0.108032	0.0114337	0.0619667	0.00796396	0.00200631	0.00495191	7.09783e-06	0.0353436	0.0220789	0.0076144	0.0297754	0.489411	0.0648899	
2.66172e-05	0.0233405	0.00063073	0.00798244	0.00959721	0.0122454	0.0214483	0.00401546	0.0118452	0.00167653	8.73845e-08	0.0237332	0.450256	0.0346195	0.0211794	0.36093	0.0129298	0.00353157	3.02399e-08	1.15748e-05	
0.0522006	2.11167e-10	0.00381932	6.97058e-05	0.000858045	0.00130376	2.48876e-09	0.113066	0.00349778	0.0931554	0.119357	0.00556815	3.2867e-05	8.57186e-05	2.26378e-08	0.00205058	0.000529413	0.604405	5.11315e-14	9.77801e-11	
0.00815548	0.219272	5.07993e-05	1.72069e-10	0.00224542	0.0262333	9.74656e-05	0.0424953	0.00218532	4.31108e-06	8.02206e-05	0.014638	0.011092	0.00536741	0.54247	0.0927541	0.0257963	0.00703112	5.34382e-23	3.1477e-05	
0.0037288	0.0267539	0.0266034	0.00679111	0.0882983	0.0075188	0.267196	0.00815041	0.0281868	0.0254007	0.00608256	0.0342804	0.000356504	0.0382371	0.00452713	0.0155612	0.0164419	0.00336421	0.000130935	0.39239	
0.0148759	0.155933	0.000112231	3.21056e-07	2.94194e-06	3.53908e-07	0.00934128	6.30488e-05	0.00422681	0.0422368	0.00239448	3.23743e-05	0.0147878	0.0143924	0.010332	0.4817	0.196346	0.0326181	0.0206035	1.35262e-12	
0.000542894	0.010845	0.00540151	0.0517385	0.000918114	0.00874459	0.00439621	0.224658	1.20397e-05	0.00235205	2.22118e-07	0.0851098	0.000114171	0.00130948	0.000974831	0.0890375	0.480367	0.0334725	3.26919e-08	6.2342e-06	
0.109772	0.0145528	1.62361e-06	0.00769862	0.00348397	0.0768138	0.04943	0.00386517	0.0513565	3.90137e-05	0.00130882	0.0226135	0.0128998	0.000468262	0.184252	0.171339	0.238638	0.0469567	0.0045024	7.06571e-06	
0.504972	7.9965e-06	0.000258879	0.000142521	0.0116978	0.00102609	0.00804	0.000442174	0.00614312	0.0447302	0.0135455	4.1448e-05	0.000107012	0.0125487	0.0142323	0.288952	0.00384418	0.047093	0.0305786	0.0115961	
0.000890966	0.0278051	0.0018087	3.71925e-08	0.796929	0.00227086	0.00273139	0.0188593	0.00389447	0.0891861	0.00437726	0.000451079	4.18873e-07	4.84912e-05	1.97892e-05	0.0118333	1.57415e-08	0.00531673	1.86156e-06	0.0335756	
0.00480542	4.82026e-05	0.00153881	0.00215308	0.0124811	2.45487e-05	0.00132524	0.271964	0.00208222	0.365532	0.236842	0.00275476	0.00134375	3.44999e-05	9.37397e-05	0.00291853	1.32585e-06	0.0940476	6.80282e-23	8.42716e-06	
0.349429	0.000456618	2.86962e-09	0.000218865	3.12988e-07	6.73336e-07	1.35211e-05	0.0120624	3.4921e-08	0.0212547	0.0186645	0.0263591	0.00142064	3.72628e-05	0.00229696	0.0564865	0.472607	0.0386837	3.75151e-11	8.51571e-06	
0.00354192	0.00748951	0.14366	0.0290692	0.0108376	6.87685e-07	0.15935	0.0147661	0.078026	0.035566	0.00440318	0.30329	0.000324154	0.0402209	0.0624541	0.0522326	0.000940581	0.0031434	0.000174991	0.050509	
0.177116	4.08224e-10	0.170975	0.0720342	0.00261568	0.111831	0.0114047	0.0754075	0.0200541	0.0123444	2.33699e-05	0.0845433	0.00183845	2.49678e-05	0.00375829	0.0813258	0.0677045	0.106215	5.55436e-08	0.000783399	
0.000219408	0.00807131	0.021521	0.0232263	0.000450501	0.0101518	0.0267015	0.0173566	0.362036	0.00554381	7.89156e-06	0.215974	0.0112904	0.00843179	0.161782	0.0285445	0.0388491	0.0227299	0.00989838	0.0272132	
0.000412262	0.000212893	0.00169563	0.000140581	0.00141787	0.000127053	0.00540369	0.441518	0.0340826	0.0243841	6.42043e-05	0.000462122	0.00212379	1.37899e-05	0.0183312	0.031174	0.258217	0.180123	1.80644e-05	7.7715e-05	
0.0372143	0.176887	0.0105682	3.2033e-05	0.000688743	0.00073317	0.231404	0.00670451	6.16162e-07	0.238434	4.76981e-09	0.00040286	0.0470573	0.0864885	0.0191563	0.0925477	0.0123784	0.00185942	8.98255e-11	0.0374432	
0.0286176	0.000467585	0.00324951	0.00167148	1.74264e-05	2.19362e-09	0.00899828	1.57497e-05	0.00106689	0.0203438	0.00675275	0.0336294	5.70902e-06	0.0182162	0.00133799	0.398877	0.475081	0.00035982	0.00121936	7.19988e-05	
0.105963	1.52156e-09	3.68372e-05	0.00036843	1.4634e-05	0.00146531	0.00648055	0.0126832	0.00186949	0.000104862	0.00914646	0.0423089	1.43554e-09	1.39654e-06	6.24477e-10	0.307218	0.511273	0.000965753	2.07811e-07	0.000101154	
0.000324289	2.54253e-07	0.0468759	0.00231558	0.0127778	0.00194858	0.00869	0.304304	0.0144952	0.0146605	0.11104	0.18299	0.00787147	0.0140178	0.00612844	0.0436433	0.115149	0.103535	0.00396571	0.00526789	
0.000159706	1.19481e-14	0.179959	0.0838279	1.73913e-05	0.0315286	0.290015	0.00486872	2.01777e-05	0.0632478	0.0045142	0.0564453	0.0264335	3.55524e-06	0.000759443	0.156674	0.0039946	1.07482e-10	1.30543e-05	0.097518	
0.000382285	0.101586	0.0087526	0.0213624	0.0851351	0.0449172	0.0595876	0.0358735	0.0535148	0.0435242	0.00202112	0.0798537	0.00666746	0.0137653	0.0853806	0.15357	0.0406629	0.0150395	0.0161635	0.132239	
0.0147232	0.0123338	0.0103989	0.0540629	0.0194787	0.0327464	0.0525747	0.0379682	0.0368797	0.0144187	1.80164e-07	0.00948214	4.23792e-07	0.609999	0.0302849	0.010965	0.00031024	0.00925133	0.00125874	0.0428626	
0.000472238	0.00783025	0.000932391	0.00971295	0.00334457	0.0401196	0.0125095	0.0164093	0.128385	0.0112317	0.00797832	0.332967	0.0018361	5.0736e-05	0.0630725	0.28039	0.0793417	0.00048391	3.2992e-07	0.0029315	
0.0827262	0.000198616	0.00114849	0.00664692	0.00680195	0.0312137	0.0130677	0.0508122	0.00897878	0.198041	0.0415545	2.70746e-05	0.261788	0.0525668	0.0297781	0.0715625	0.0602135	0.0828084	2.42109e-07	6.58578e-05	
6.61211e-08	5.40022e-11	0.00100405	0.000312713	0.0110829	0.0127962	0.000495838	0.00115248	0.0170593	0.00239692	8.26519e-05	0.0188952	0.00357268	0.01267	0.000148418	0.242655	0.661009	0.000845124	0.013721	0.000100649	
0.00428408	2.63194e-07	0.00415698	4.71191e-09	0.0354413	0.00451313	5.96708e-05	0.0256688	0.0330712	0.000997255	0.130602	0.0236222	3.17435e-05	0.0054584	0.0421264	0.21714	0.471913	0.000225761	0.000685637	1.25218e-06	
0.152624	1.16558e-05	4.43036e-10	0.179639	0.0314082	7.96608e-06	2.37517e-05	7.74274e-05	0.159988	0.00174568	4.6273e-06	0.11508	1.62494e-06	0.0310891	0.00222201	0.144954	0.0804722	0.0745769	7.14501e-18	0.0260739	
0.101178	3.92114e-06	0.00806401	4.27222e-05	0.0265982	0.0252825	0.0186402	0.00988923	6.55732e-06	0.188914	0.236922	5.57264e-05	0.0344679	0.09523	9.01695e-09	0.0750789	0.164754	2.59639e-05	1.03119e-06	0.0148452	
0.130289	0.0322904	3.19679e-06	1.30484e-08	0.0212997	0.0178987	0.00181666	8.48185e-07	0.00306029	0.0107324	0.00432592	0.000122128	0.00224649	0.00274985	0.00841018	0.736212	0.0155129	0.0028484	4.40162e-08	0.0101815	
0.0523356	0.0351329	1.76787e-11	3.16024e-05	9.17859e-09	1.92151e-07	0.00241628	0.139789	0.0222577	0.323533	0.0165593	0.000220632	1.14961e-10	0.00753147	0.0050995	0.107464	0.0383487	0.218871	1.36731e-05	0.0303949	
0.0399523	0.0595745	0.0203537	1.83927e-06	0.000109405	0.02051	8.29642e-05	0.0543798	0.000181564	8.06978e-06	0.00459532	0.317955	0.00430256	4.97689e-08	0.00234604	0.255401	0.197799	0.0125552	5.31366e-14	0.00989206	
0.00416494	0.000851225	0.000130855	0.00373111	0.00204983	0.0276093	0.000158073	0.022196	0.525675	0.00921769	5.9597e-06	0.0660153	0.0118738	7.78073e-05	0.290196	0.0177876	0.0177716	0.000270403	8.05251e-17	0.000217439	
0.089105	1.33605e-05	1.00411e-07	0.00181105	6.46934e-05	0.000474209	0.000133947	0.183603	2.6022e-05	0.0147382	0.045006	0.0101142	2.27314e-09	0.00227798	0.00412276	0.0558024	0.54111	0.0515963	7.13319e-60	5.55781e-16	
0.109798	0.0483449	0.0687622	0.0281814	0.0158979	1.70549e-17	0.00370191	0.00244062	0.028057	0.00575066	7.82992e-13	0.00412999	0.427914	0.0153443	0.0581277	0.0408087	0.0965053	0.0431139	4.89068e-06	0.00311689	
0.0545288	4.81062e-05	0.00732388	4.04595e-06	7.32034e-06	0.0511082	0.000107835	0.00083395	0.209788	0.0572529	6.27045e-11	7.45372e-05	0.151287	0.0580223	0.276638	0.0578029	0.013543	0.0503093	3.09285e-09	0.0113201	
0.0879043	0.0601611	0.0013049	0.0243235	0.237047	0.000791092	0.10917	3.89955e-05	0.00207558	0.0564169	0.00015114	8.2035e-05	0.0184737	0.000116631	0.248011	0.0190364	0.127425	0.0074677	2.13207e-06	7.20259e-07	
0.0993314	0.213122	3.09808e-09	0.0130197	0.0291871	0.0312719	0.00880902	0.0593494	0.00270704	0.0309931	1.75906e-06	0.0291622	0.0107547	0.00219954	0.00275534	0.338571	0.00598516	0.0781402	0.00804131	0.0365976	
0.000801554	0.0107334	0.00138086	1.15014e-05	0.0030685	0.0303256	0.130116	0.0257944	0.037251	0.00925367	5.23244e-09	0.500984	4.03292e-05	0.0223257	0.00546742	0.13381	0.0342187	0.018251	4.72889e-07	0.0361665	
0.108378	0.0119487	0.000641956	0.00747502	0.000208001	0.0242607	0.00292813	0.0880234	0.0172816	0.100456	0.246111	0.0154043	1.14349e-06	0.000736688	0.00386616	0.099251	0.142156	0.130872	3.11574e-19	3.79703e-08	
0.427466	9.9565e-05	2.03887e-07	0.00496988	2.74449e-05	0.0230769	0.012332	0.00218524	0.00689933	0.04045	0.000152179	0.0089557	0.0108584	0.0924307	4.1875e-08	0.0535081	0.229188	0.0838523	2.53503e-07	0.0035477	
0.105436	0.0732286	0.0215562	9.46083e-05	0.0087701	0.0208498	0.00813567	0.0176185	2.25046e-05	0.000945471	0.00406879	0.00649392	1.38582e-05	8.82578e-07	0.00584594	0.318748	0.388595	0.0185388	2.85072e-11	0.00103666	
0.0460311	3.50146e-05	0.219754	0.0892313	7.5365e-20	0.319319	0.0117943	0.00362264	0.0272687	0.00257877	1.71152e-08	0.141327	1.96756e-05	0.0305933	0.0245783	0.0813079	0.00142231	0.000995781	1.83324e-06	0.000118752	
0.512085	0.0023203	3.22805e-05	8.0928e-06	0.0114117	0.163556	0.00778609	0.024636	0.0120082	0.0370645	0.0192783	0.0118538	0.00650851	1.68874e-05	0.0156345	0.000119104	0.121616	0.0437149	5.1615e-05	0.0102987	
0.00962462	0.00165895	0.00227712	0.00664269	7.97094e-08	0.0285395	0.0175346	0.00565939	0.0147301	9.20286e-05	0.000146542	0.58905	0.00362936	0.00482465	3.57768e-08	0.31058	0.00328875	0.00172136	1.7697e-10	1.05059e-09	
0.0048651	8.05089e-05	0.00174901	1.83482e-06	0.0456779	0.0470261	0.0984082	0.0499677	0.000471969	0.278417	0.0161213	0.099754	0.0892701	0.120464	0.0316857	0.0315535	0.0141921	0.0436223	5.00441e-05	0.0266215	
0.0101341	0.000141571	0.00212413	0.147581	0.0111817	8.37256e-05	0.00043213	0.0322679	0.000541376	0.156647	1.68631e-05	0.000230684	0.215274	0.000132549	0.0265693	0.0334529	0.288083	0.0361617	1.61329e-05	0.0389284	
0.0421032	0.00406528	0.00427918	2.92007e-09	0.000495609	0.00702875	0.00172748	0.185367	0.00518557	0.353147	0.000366916	0.00807529	0.221668	0.00824663	7.27917e-05	0.12586	0.0263331	0.00597538	1.31311e-09	2.8536e-06	
0.00058344	0.000232191	0.00726207	0.000162423	9.95341e-06	0.0190266	1.66295e-07	0.0562315	0.0472599	0.0430528	1.98102e-09	0.0022133	0.00509647	1.71231e-06	0.10028	0.336328	0.349549	0.00610078	7.46789e-11	0.0266089	
0.14029	7.69374e-05	4.13714e-05	0.00447077	0.000166335	0.0319797	0.0039867	0.0426243	0.0327261	6.17153e-05	0.000841198	0.0743307	0.137161	0.0249157	4.22574e-07	0.146467	0.34499	0.014753	9.72399e-06	0.000106757	
0.486627	0.0184182	0.0503919	0.0896266	8.59906e-08	0.109616	0.00193046	0.000323825	7.71508e-05	0.00870981	3.64464e-11	0.016038	0.0143726	0.0281971	9.86663e-05	0.13496	0.0241815	0.0164185	1.11516e-05	4.72416e-07	
0.0968128	0.00378389	0.00363889	0.000121173	0.0324455	0.00490928	0.280117	0.0383543	0.00217581	0.0526934	0.00584991	0.0856118	0.0526482	0.114919	0.0125068	0.0885913	0.0147258	0.037132	0.00133165	0.0716313	
0.0849281	8.46503e-05	3.4839e-06	0.000701556	0.0049354	0.0239531	3.68079e-05	0.00774506	0.0103223	0.0262669	0.0144473	0.0175853	0.309123	0.0129362	0.000479819	0.384952	0.0931134	0.00833991	5.86928e-10	4.65597e-05	
0.02515	3.30397e-05	0.0189586	0.0458566	0.00048118	0.00123895	0.023746	0.0135113	0.0167257	0.0054001	0.134429	0.0359364	4.3447e-07	2.26505e-05	0.344819	0.00337804	0.0304166	0.0784412	0.221218	0.00023817	
0.173304	0.346185	0.00519619	0.000740934	0.0160238	0.0116543	0.00010643	0.00731083	0.0228868	0.00879355	0.00165304	0.00375973	0.0109136	1.65567e-05	5.25494e-08	0.344583	0.0442545	1.21563e-05	8.73709e-08	0.00260602	
0.151791	8.54132e-06	7.65833e-08	0.113674	0.132292	0.273924	4.52281e-06	0.0472423	0.0202993	0.0315251	0.00103503	0.0417151	0.0642813	0.0149287	0.0863765	0.000637718	0.000336329	0.0199277	2.06589e-32	3.18444e-08	
0.000533691	8.35448e-06	0.0259538	0.000516183	0.00264475	0.00855227	0.2507	0.0447987	0.00184748	0.0457069	0.0362205	0.000296631	0.00206074	0.0877148	0.00399816	0.0143354	0.000410126	0.206572	0.00328432	0.263845	
0.411937	0.0123921	4.1899e-06	0.000803012	1.2582e-07	0.0116565	0.00606757	0.00474245	0.0992439	0.000464303	0.0176925	4.64662e-07	0.0102474	0.0531593	0.0410636	0.0350811	0.00111232	0.0354526	5.47348e-09	0.258879	
0.0775755	0.000878858	1.93212e-06	0.0127481	0.000291933	0.0116749	1.57756e-06	0.04148	0.319809	8.04289e-05	0.0954146	0.000105629	3.79595e-05	0.000111245	0.0845545	0.0777989	0.235868	0.0358108	0.0057307	2.52923e-05	
0.0434269	0.000382172	0.0546879	0.00498851	0.0863406	0.000548959	0.00241465	0.0713567	0.19459	0.0400116	0.0299044	9.79229e-06	0.0291295	0.0820591	0.0515636	0.0238321	0.284474	6.8872e-06	1.5166e-06	0.000271212	
0.0878078	1.08658e-05	0.438181	0.0961874	0.0134467	0.00225952	0.0710661	0.0277481	0.00155549	0.0208139	0.0478793	0.11044	0.00260036	0.000715994	0.0388774	0.000196012	1.94255e-06	0.0309127	2.34432e-09	0.00929969	
2.50817e-05	1.34e-05	0.00164148	0.0483284	0.00830262	0.725818	0.0310214	0.00892447	0.0421281	0.00266197	1.60731e-07	6.18187e-05	0.000181019	0.000484902	0.0117295	0.0156951	0.0393805	0.0480673	2.17697e-14	0.0155349	
