37
Allox_ar   0.0000000 0.2076544 0.2261049 0.2256189 0.2096127 0.1945687 0.2083895 0.2017433 0.1918903 0.1866132 0.2145728 0.3510055 0.2124397 0.2030380 0.2374579 0.3844764 0.2328590 0.2011251 0.1929623 0.2008167 0.2723509 0.2603769 0.2717533 0.1755940 0.2146133 0.2244286 0.1424855 0.2079827 0.2202782 0.2058777 0.2081951 0.2036067 0.2074052 0.2054513 0.6078492 0.5621693 0.6430392 
Andr_cur   0.2076544 0.0000000 0.0511239 0.0651184 0.0385270 0.1093412 0.1210071 0.0520285 0.0616500 0.2046617 0.0924307 0.3329368 0.1080476 0.1074877 0.2172941 0.3701017 0.2434274 0.1191603 0.1087384 0.1154687 0.2906897 0.2811546 0.2902465 0.1743284 0.1992905 0.1269382 0.1797619 0.1262880 0.1055489 0.1217456 0.1265082 0.1224193 0.1267782 0.1249724 0.5925248 0.5557324 0.6383954 
Andr_gro   0.2261049 0.0511239 0.0000000 0.0617412 0.0595963 0.1242590 0.1188826 0.0641234 0.0556511 0.1946313 0.1070224 0.3080666 0.1067682 0.1193472 0.2083304 0.3636957 0.2783231 0.1321068 0.0997506 0.1292173 0.3102146 0.2993104 0.2945765 0.1705843 0.1917536 0.1359452 0.1876295 0.1371316 0.0982882 0.1362399 0.1400151 0.1364180 0.1425064 0.1402472 0.6057331 0.5828825 0.6743134 
Andr_qln   0.2256189 0.0651184 0.0617412 0.0000000 0.0753360 0.1319066 0.1223765 0.0578738 0.0451853 0.1995563 0.1097586 0.3170625 0.1103565 0.1266022 0.2066025 0.3586536 0.2691189 0.1359126 0.1025510 0.1345147 0.3097224 0.3003376 0.2965366 0.1680748 0.1912824 0.1406059 0.1930189 0.1459886 0.1042743 0.1395064 0.1447001 0.1408431 0.1456581 0.1432479 0.5934620 0.5834881 0.6616933 
Andr_qrm   0.2096127 0.0385270 0.0595963 0.0753360 0.0000000 0.1109229 0.1262280 0.0587071 0.0671019 0.2138065 0.1010837 0.3412822 0.1181081 0.1126667 0.2239502 0.3733146 0.2332262 0.1233158 0.1151318 0.1200411 0.2928265 0.2855631 0.2945014 0.1846491 0.2022237 0.1348044 0.1887694 0.1349458 0.1147463 0.1264245 0.1320967 0.1293812 0.1300336 0.1300550 0.5979624 0.5400450 0.6438126 
Aula_tav   0.1945687 0.1093412 0.1242590 0.1319066 0.1109229 0.0000000 0.0599585 0.1082940 0.1121840 0.1838818 0.1218870 0.3137987 0.1164056 0.1073251 0.1987406 0.3535028 0.2283126 0.0553354 0.1044361 0.0429739 0.2721068 0.2633376 0.2704004 0.1594708 0.1785477 0.1234535 0.1726777 0.1043312 0.1196171 0.1108274 0.1154066 0.1130626 0.1141186 0.1155349 0.5708737 0.5254373 0.6123076 
Aylax_hy   0.2083895 0.1210071 0.1188826 0.1223765 0.1262280 0.0599585 0.0000000 0.1217501 0.0997571 0.1789095 0.1349626 0.2965944 0.1106585 0.1196613 0.1897211 0.3376229 0.2514681 0.0637156 0.0976891 0.0628585 0.2863025 0.2808658 0.2754199 0.1499138 0.1685859 0.1328509 0.1751678 0.1162345 0.1096677 0.1253566 0.1298707 0.1266380 0.1308581 0.1292747 0.5810904 0.5565348 0.6412507 
Beloc_tr   0.2017433 0.0520285 0.0641234 0.0578738 0.0587071 0.1082940 0.1217501 0.0000000 0.0539260 0.2013049 0.0910295 0.3201518 0.1140306 0.1032218 0.2079150 0.3622706 0.2381728 0.1138688 0.1062588 0.1122100 0.2778675 0.2689333 0.2778332 0.1701806 0.1927565 0.1228250 0.1770348 0.1200734 0.1034032 0.1182343 0.1216721 0.1191537 0.1229634 0.1208088 0.5701681 0.5384027 0.6118548 
Bior_pal   0.1918903 0.0616500 0.0556511 0.0451853 0.0671019 0.1121840 0.0997571 0.0539260 0.0000000 0.1642919 0.1139099 0.2526723 0.0928498 0.1141634 0.1807169 0.3036175 0.2505436 0.1185393 0.0891389 0.1177717 0.2616664 0.2584260 0.2460809 0.1416811 0.1677952 0.1187573 0.1550686 0.1358854 0.0979288 0.1192650 0.1258698 0.1229991 0.1265511 0.1221709 0.5007102 0.5013103 0.5787839 
Callas_no  0.1866132 0.2046617 0.1946313 0.1995563 0.2138065 0.1838818 0.1789095 0.2013049 0.1642919 0.0000000 0.2080586 0.2850329 0.1838500 0.1962307 0.2051036 0.3712334 0.2423156 0.1874080 0.1644911 0.1889941 0.2806221 0.2645726 0.2649030 0.1367225 0.1789698 0.2117314 0.1452675 0.1940506 0.1906747 0.2064123 0.2088506 0.2003332 0.2072246 0.2065730 0.6114940 0.5858741 0.6882514 
Calli_sp   0.2145728 0.0924307 0.1070224 0.1097586 0.1010837 0.1218870 0.1349626 0.0910295 0.1139099 0.2080586 0.0000000 0.3296472 0.1254217 0.1142090 0.2232552 0.3725536 0.2486629 0.1263195 0.1157381 0.1245599 0.2917690 0.2847184 0.2911476 0.1860862 0.2015811 0.1357256 0.1841543 0.1257849 0.1161956 0.1277979 0.1318056 0.1344913 0.1377572 0.1358325 0.5936049 0.5573261 0.6314229 
Cecin_ib   0.3510055 0.3329368 0.3080666 0.3170625 0.3412822 0.3137987 0.2965944 0.3201518 0.2526723 0.2850329 0.3296472 0.0000000 0.2936201 0.3200314 0.2997387 0.4508903 0.3865916 0.3176055 0.2579600 0.3198873 0.4095305 0.4018864 0.3883327 0.2800932 0.2679753 0.3433308 0.2993876 0.3295511 0.3116363 0.3353894 0.3275551 0.3213148 0.3347405 0.3273494 0.6383106 0.6007056 0.7398949 
Cerop_ma   0.2124397 0.1080476 0.1067682 0.1103565 0.1181081 0.1164056 0.1106585 0.1140306 0.0928498 0.1838500 0.1254217 0.2936201 0.0000000 0.1117266 0.1959937 0.3502235 0.2628412 0.1257568 0.0844893 0.1216504 0.2976141 0.2847680 0.2790933 0.1552532 0.1771871 0.1260614 0.1773736 0.1347895 0.0966618 0.1274382 0.1295584 0.1259877 0.1321569 0.1302479 0.5909285 0.5583465 0.6514847 
Diast_ki   0.2030380 0.1074877 0.1193472 0.1266022 0.1126667 0.1073251 0.1196613 0.1032218 0.1141634 0.1962307 0.1142090 0.3200314 0.1117266 0.0000000 0.2110274 0.3644271 0.2361460 0.1133233 0.1001712 0.1096127 0.2797491 0.2741457 0.2855185 0.1699929 0.1937797 0.0772192 0.1799930 0.1175754 0.1099051 0.1169010 0.1225564 0.1205674 0.1239682 0.1212097 0.5847385 0.5443704 0.6174151 
Dipl_spi   0.2374579 0.2172941 0.2083304 0.2066025 0.2239502 0.1987406 0.1897211 0.2079150 0.1807169 0.2051036 0.2232552 0.2997387 0.1959937 0.2110274 0.0000000 0.3683032 0.2880517 0.2025849 0.1839101 0.2053331 0.3130439 0.3047426 0.3024192 0.1692082 0.1642066 0.2158746 0.1956364 0.2154107 0.2063802 0.2153571 0.2184793 0.2139181 0.2205543 0.2195312 0.6090474 0.5828387 0.6732621 
Escha_ac   0.3844764 0.3701017 0.3636957 0.3586536 0.3733146 0.3535028 0.3376229 0.3622706 0.3036175 0.3712334 0.3725536 0.4508903 0.3502235 0.3644271 0.3683032 0.0000000 0.3946933 0.3587385 0.3360188 0.3555310 0.4328088 0.4362436 0.4232373 0.3312553 0.3596280 0.3856012 0.3457966 0.3557419 0.3561338 0.3648837 0.3747666 0.3691225 0.3742869 0.3740643 0.7070292 0.7070847 0.7703449 
Gana_sp1   0.2328590 0.2434274 0.2783231 0.2691189 0.2332262 0.2283126 0.2514681 0.2381728 0.2505436 0.2423156 0.2486629 0.3865916 0.2628412 0.2361460 0.2880517 0.3946933 0.0000000 0.2288407 0.2409498 0.2326716 0.1944743 0.1937196 0.2015397 0.2296503 0.2718652 0.2734117 0.2209897 0.2410240 0.2734085 0.2506456 0.2507524 0.2409888 0.2520507 0.2529804 0.6264439 0.5299745 0.6596245 
Hedic_le   0.2011251 0.1191603 0.1321068 0.1359126 0.1233158 0.0553354 0.0637156 0.1138688 0.1185393 0.1874080 0.1263195 0.3176055 0.1257568 0.1133233 0.2025849 0.3587385 0.2288407 0.0000000 0.1085321 0.0596709 0.2746737 0.2661845 0.2770832 0.1646832 0.1822276 0.1290580 0.1772930 0.1045059 0.1245307 0.1175435 0.1226645 0.1200958 0.1249628 0.1227857 0.5808503 0.5339470 0.6185759 
Irae_his   0.1929623 0.1087384 0.0997506 0.1025510 0.1151318 0.1044361 0.0976891 0.1062588 0.0891389 0.1644911 0.1157381 0.2579600 0.0844893 0.1001712 0.1839101 0.3360188 0.2409498 0.1085321 0.0000000 0.1096171 0.2799503 0.2711461 0.2665285 0.1397797 0.1587690 0.1083275 0.1559796 0.1184894 0.0888352 0.1154311 0.1175534 0.1140564 0.1170654 0.1159433 0.5611588 0.5561889 0.6315668 
Isoc_cen   0.2008167 0.1154687 0.1292173 0.1345147 0.1200411 0.0429739 0.0628585 0.1122100 0.1177717 0.1889941 0.1245599 0.3198873 0.1216504 0.1096127 0.2053331 0.3555310 0.2326716 0.0596709 0.1096171 0.0000000 0.2747900 0.2660101 0.2721245 0.1630721 0.1864913 0.1282554 0.1761106 0.1090809 0.1230635 0.1159419 0.1197094 0.1188514 0.1226004 0.1204449 0.5784933 0.5347295 0.6177646 
Lepto_bo   0.2723509 0.2906897 0.3102146 0.3097224 0.2928265 0.2721068 0.2863025 0.2778675 0.2616664 0.2806221 0.2917690 0.4095305 0.2976141 0.2797491 0.3130439 0.4328088 0.1944743 0.2746737 0.2799503 0.2747900 0.0000000 0.1208118 0.1368353 0.2580063 0.3011970 0.2989495 0.2491027 0.2791441 0.3077910 0.2864312 0.2888870 0.2825420 0.2876066 0.2874468 0.6470107 0.5924717 0.6685714 
Lepto_cl   0.2603769 0.2811546 0.2993104 0.3003376 0.2855631 0.2633376 0.2808658 0.2689333 0.2584260 0.2645726 0.2847184 0.4018864 0.2847680 0.2741457 0.3047426 0.4362436 0.1937196 0.2661845 0.2711461 0.2660101 0.1208118 0.0000000 0.0930313 0.2503057 0.2917319 0.2948661 0.2387530 0.2654037 0.2929933 0.2775687 0.2771111 0.2710897 0.2759048 0.2744120 0.6431818 0.6020172 0.6769107 
Lepto_he   0.2717533 0.2902465 0.2945765 0.2965366 0.2945014 0.2704004 0.2754199 0.2778332 0.2460809 0.2649030 0.2911476 0.3883327 0.2790933 0.2855185 0.3024192 0.4232373 0.2015397 0.2770832 0.2665285 0.2721245 0.1368353 0.0930313 0.0000000 0.2473157 0.2908635 0.2987159 0.2449255 0.2767393 0.2924543 0.2894239 0.2881478 0.2827901 0.2866068 0.2854193 0.6443447 0.6073470 0.6932038 
Parn_nig   0.1755940 0.1743284 0.1705843 0.1680748 0.1846491 0.1594708 0.1499138 0.1701806 0.1416811 0.1367225 0.1860862 0.2800932 0.1552532 0.1699929 0.1692082 0.3312553 0.2296503 0.1646832 0.1397797 0.1630721 0.2580063 0.2503057 0.2473157 0.0000000 0.1531032 0.1841135 0.1355493 0.1732836 0.1624557 0.1730401 0.1803584 0.1772170 0.1795664 0.1791668 0.5689441 0.5496616 0.6150576 
Pedia_ac   0.2146133 0.1992905 0.1917536 0.1912824 0.2022237 0.1785477 0.1685859 0.1927565 0.1677952 0.1789698 0.2015811 0.2679753 0.1771871 0.1937797 0.1642066 0.3596280 0.2718652 0.1822276 0.1587690 0.1864913 0.3011970 0.2917319 0.2908635 0.1531032 0.0000000 0.2047375 0.1792006 0.1943557 0.1811129 0.1944698 0.1985881 0.1984091 0.1944569 0.1972508 0.5821952 0.5633484 0.6619343 
Peric_JH   0.2244286 0.1269382 0.1359452 0.1406059 0.1348044 0.1234535 0.1328509 0.1228250 0.1187573 0.2117314 0.1357256 0.3433308 0.1260614 0.0772192 0.2158746 0.3856012 0.2734117 0.1290580 0.1083275 0.1282554 0.2989495 0.2948661 0.2987159 0.1841135 0.2047375 0.0000000 0.1947285 0.1420665 0.1282319 0.1364000 0.1384636 0.1361957 0.1379431 0.1357024 0.6123581 0.5693376 0.6587663 
Phaen_vi   0.1424855 0.1797619 0.1876295 0.1930189 0.1887694 0.1726777 0.1751678 0.1770348 0.1550686 0.1452675 0.1841543 0.2993876 0.1773736 0.1799930 0.1956364 0.3457966 0.2209897 0.1772930 0.1559796 0.1761106 0.2491027 0.2387530 0.2449255 0.1355493 0.1792006 0.1947285 0.0000000 0.1836556 0.1840212 0.1868210 0.1825490 0.1835961 0.1850933 0.1830346 0.5681642 0.5421187 0.6018976 
Phana_JH   0.2079827 0.1262880 0.1371316 0.1459886 0.1349458 0.1043312 0.1162345 0.1200734 0.1358854 0.1940506 0.1257849 0.3295511 0.1347895 0.1175754 0.2154107 0.3557419 0.2410240 0.1045059 0.1184894 0.1090809 0.2791441 0.2654037 0.2767393 0.1732836 0.1943557 0.1420665 0.1836556 0.0000000 0.1283977 0.1201983 0.1312717 0.1270483 0.1361061 0.1352288 0.5719841 0.5584642 0.6231021 
Prot_spe   0.2202782 0.1055489 0.0982882 0.1042743 0.1147463 0.1196171 0.1096677 0.1034032 0.0979288 0.1906747 0.1161956 0.3116363 0.0966618 0.1099051 0.2063802 0.3561338 0.2734085 0.1245307 0.0888352 0.1230635 0.3077910 0.2929933 0.2924543 0.1624557 0.1811129 0.1282319 0.1840212 0.1283977 0.0000000 0.1301792 0.1381622 0.1328113 0.1402250 0.1352312 0.6172992 0.5917285 0.6814219 
Qwaq_sco   0.2058777 0.1217456 0.1362399 0.1395064 0.1264245 0.1108274 0.1253566 0.1182343 0.1192650 0.2064123 0.1277979 0.3353894 0.1274382 0.1169010 0.2153571 0.3648837 0.2506456 0.1175435 0.1154311 0.1159419 0.2864312 0.2775687 0.2894239 0.1730401 0.1944698 0.1364000 0.1868210 0.1201983 0.1301792 0.0000000 0.1250141 0.1238177 0.1275024 0.1265220 0.6024305 0.5593350 0.6403073 
Syne_gif   0.2081951 0.1265082 0.1400151 0.1447001 0.1320967 0.1154066 0.1298707 0.1216721 0.1258698 0.2088506 0.1318056 0.3275551 0.1295584 0.1225564 0.2184793 0.3747666 0.2507524 0.1226645 0.1175534 0.1197094 0.2888870 0.2771111 0.2881478 0.1803584 0.1985881 0.1384636 0.1825490 0.1312717 0.1381622 0.1250141 0.0000000 0.0335447 0.0328107 0.0308604 0.5850382 0.5526840 0.6249965 
Syne_ito   0.2036067 0.1224193 0.1364180 0.1408431 0.1293812 0.1130626 0.1266380 0.1191537 0.1229991 0.2003332 0.1344913 0.3213148 0.1259877 0.1205674 0.2139181 0.3691225 0.2409888 0.1200958 0.1140564 0.1188514 0.2825420 0.2710897 0.2827901 0.1772170 0.1984091 0.1361957 0.1835961 0.1270483 0.1328113 0.1238177 0.0335447 0.0000000 0.0393288 0.0367967 0.5741999 0.5371869 0.6084432 
Syne_jap   0.2074052 0.1267782 0.1425064 0.1456581 0.1300336 0.1141186 0.1308581 0.1229634 0.1265511 0.2072246 0.1377572 0.3347405 0.1321569 0.1239682 0.2205543 0.3742869 0.2520507 0.1249628 0.1170654 0.1226004 0.2876066 0.2759048 0.2866068 0.1795664 0.1944569 0.1379431 0.1850933 0.1361061 0.1402250 0.1275024 0.0328107 0.0393288 0.0000000 0.0143951 0.5857571 0.5483306 0.6215876 
Syne_umb   0.2054513 0.1249724 0.1402472 0.1432479 0.1300550 0.1155349 0.1292747 0.1208088 0.1221709 0.2065730 0.1358325 0.3273494 0.1302479 0.1212097 0.2195312 0.3740643 0.2529804 0.1227857 0.1159433 0.1204449 0.2874468 0.2744120 0.2854193 0.1791668 0.1972508 0.1357024 0.1830346 0.1352288 0.1352312 0.1265220 0.0308604 0.0367967 0.0143951 0.0000000 0.5874684 0.5482003 0.6244493 
Nasoniav   0.6078492 0.5925248 0.6057331 0.5934620 0.5979624 0.5708737 0.5810904 0.5701681 0.5007102 0.6114940 0.5936049 0.6383106 0.5909285 0.5847385 0.6090474 0.7070292 0.6264439 0.5808503 0.5611588 0.5784933 0.6470107 0.6431818 0.6443447 0.5689441 0.5821952 0.6123581 0.5681642 0.5719841 0.6172992 0.6024305 0.5850382 0.5741999 0.5857571 0.5874684 0.0000000 0.6709979 0.7538391 
Orussusa   0.5621693 0.5557324 0.5828825 0.5834881 0.5400450 0.5254373 0.5565348 0.5384027 0.5013103 0.5858741 0.5573261 0.6007056 0.5583465 0.5443704 0.5828387 0.7070847 0.5299745 0.5339470 0.5561889 0.5347295 0.5924717 0.6020172 0.6073470 0.5496616 0.5633484 0.5693376 0.5421187 0.5584642 0.5917285 0.5593350 0.5526840 0.5371869 0.5483306 0.5482003 0.6709979 0.0000000 0.6688892 
Micropld   0.6430392 0.6383954 0.6743134 0.6616933 0.6438126 0.6123076 0.6412507 0.6118548 0.5787839 0.6882514 0.6314229 0.7398949 0.6514847 0.6174151 0.6732621 0.7703449 0.6596245 0.6185759 0.6315668 0.6177646 0.6685714 0.6769107 0.6932038 0.6150576 0.6619343 0.6587663 0.6018976 0.6231021 0.6814219 0.6403073 0.6249965 0.6084432 0.6215876 0.6244493 0.7538391 0.6688892 0.0000000 
