37
Allox_ar   0.0000000 0.2004465 0.2061920 0.1896368 0.1929227 0.1760853 0.1760241 0.1876187 0.2071212 0.1832425 0.1937723 0.3161795 0.1954802 0.1887548 0.2066650 0.3270231 0.2151139 0.1740684 0.1727350 0.1775867 0.2490640 0.2529975 0.2655780 0.1495315 0.2031280 0.1886406 0.1275836 0.1898445 0.1922069 0.1955896 0.1999901 0.1962180 0.2014524 0.2017127 0.5625153 0.5065173 0.6487877 
Andr_cur   0.2004465 0.0000000 0.0546477 0.0605829 0.0489641 0.1069653 0.1097590 0.0571976 0.0736863 0.2074778 0.0920546 0.3004109 0.1183205 0.1205097 0.1911593 0.3074087 0.2346929 0.1094310 0.1023020 0.1097703 0.2571144 0.2689003 0.2738192 0.1776764 0.1802652 0.1162340 0.1662451 0.1249034 0.1051567 0.1312829 0.1264323 0.1221730 0.1293292 0.1302179 0.5626554 0.4995061 0.6291481 
Andr_gro   0.2061920 0.0546477 0.0000000 0.0721549 0.0584178 0.1163063 0.1213687 0.0628706 0.0829573 0.2095395 0.1003506 0.3053653 0.1247203 0.1270725 0.1974304 0.3147848 0.2460118 0.1177080 0.1037729 0.1193925 0.2658619 0.2797583 0.2875368 0.1846643 0.1885488 0.1247723 0.1702675 0.1344030 0.1147363 0.1413234 0.1412817 0.1346624 0.1418899 0.1425193 0.5805046 0.5122796 0.6572548 
Andr_qln   0.1896368 0.0605829 0.0721549 0.0000000 0.0580436 0.1031585 0.1065243 0.0400549 0.0589905 0.1985169 0.0922123 0.2893343 0.1148994 0.1147880 0.1851058 0.2963710 0.2294546 0.1048606 0.0983093 0.1066973 0.2485026 0.2602240 0.2649465 0.1647134 0.1739540 0.1131529 0.1577895 0.1227273 0.1195854 0.1252323 0.1252752 0.1186714 0.1281323 0.1290340 0.5597677 0.4990607 0.6289401 
Andr_qrm   0.1929227 0.0489641 0.0584178 0.0580436 0.0000000 0.1046259 0.1089106 0.0516713 0.0695662 0.1975923 0.0870814 0.2973952 0.1111723 0.1148181 0.1909389 0.3021979 0.2311454 0.1048733 0.0964457 0.1079375 0.2536077 0.2657969 0.2698002 0.1688038 0.1791843 0.1128875 0.1587882 0.1218955 0.1169726 0.1247122 0.1263390 0.1213443 0.1282780 0.1280657 0.5636353 0.5004474 0.6362386 
Aula_tav   0.1760853 0.1069653 0.1163063 0.1031585 0.1046259 0.0000000 0.0398784 0.0990583 0.1178298 0.1772638 0.1071698 0.2801010 0.1054571 0.1025509 0.1675015 0.2770769 0.2055556 0.0431588 0.0877574 0.0338598 0.2339074 0.2460252 0.2505620 0.1417228 0.1575285 0.0998032 0.1394412 0.0973950 0.1225781 0.1105682 0.1151334 0.1104246 0.1171266 0.1190178 0.5423029 0.4742562 0.6170701 
Aylax_hy   0.1760241 0.1097590 0.1213687 0.1065243 0.1089106 0.0398784 0.0000000 0.1029810 0.1224085 0.1809142 0.1090902 0.2810964 0.1069596 0.1051486 0.1719046 0.2800903 0.2080062 0.0437325 0.0900915 0.0433778 0.2294210 0.2403378 0.2473960 0.1494515 0.1598810 0.1018598 0.1417592 0.0995726 0.1252955 0.1096980 0.1128994 0.1089753 0.1160974 0.1184409 0.5385285 0.4781617 0.6203802 
Beloc_tr   0.1876187 0.0571976 0.0628706 0.0400549 0.0516713 0.0990583 0.1029810 0.0000000 0.0560581 0.1935597 0.0861405 0.2856259 0.1068088 0.1066212 0.1800908 0.2932126 0.2243857 0.1014193 0.0894097 0.1032066 0.2461289 0.2586801 0.2660364 0.1617365 0.1683642 0.1067412 0.1520586 0.1154216 0.1170956 0.1203105 0.1244744 0.1203184 0.1269080 0.1285552 0.5541679 0.4967050 0.6248199 
Bior_pal   0.2071212 0.0736863 0.0829573 0.0589905 0.0695662 0.1178298 0.1224085 0.0560581 0.0000000 0.2156854 0.1017312 0.3067973 0.1275531 0.1201501 0.2043811 0.3235423 0.2454054 0.1194442 0.1067399 0.1213757 0.2580747 0.2780798 0.2802163 0.1849603 0.1944910 0.1252657 0.1738844 0.1376772 0.1327222 0.1410226 0.1401722 0.1345915 0.1409889 0.1408008 0.5921711 0.5191519 0.6578822 
Callas_no  0.1832425 0.2074778 0.2095395 0.1985169 0.1975923 0.1772638 0.1809142 0.1935597 0.2156854 0.0000000 0.2049108 0.3202330 0.2002839 0.1935459 0.2042495 0.3369802 0.2182034 0.1766624 0.1800158 0.1796860 0.2462756 0.2521901 0.2612167 0.1673897 0.2079150 0.1983963 0.1483628 0.1935090 0.2210620 0.1979974 0.2049209 0.1980753 0.2067935 0.2070640 0.6032709 0.5141046 0.6656796 
Calli_sp   0.1937723 0.0920546 0.1003506 0.0922123 0.0870814 0.1071698 0.1090902 0.0861405 0.1017312 0.2049108 0.0000000 0.2923142 0.1116894 0.1061930 0.1786881 0.3117779 0.2330291 0.1075800 0.1001479 0.1096341 0.2582861 0.2697385 0.2795139 0.1711779 0.1799214 0.1143588 0.1570431 0.1235654 0.1213813 0.1311173 0.1303688 0.1263376 0.1342604 0.1359616 0.5679679 0.5035610 0.6397632 
Cecin_ib   0.3161795 0.3004109 0.3053653 0.2893343 0.2973952 0.2801010 0.2810964 0.2856259 0.3067973 0.3202330 0.2923142 0.0000000 0.2962609 0.2849676 0.2944063 0.4188277 0.3374436 0.2773206 0.2707607 0.2782514 0.3670900 0.3745907 0.3877654 0.3025136 0.2872483 0.2818056 0.2910489 0.2921181 0.3196088 0.2983019 0.3023184 0.2976885 0.3021766 0.3017237 0.5698879 0.4907289 0.6286702 
Cerop_ma   0.1954802 0.1183205 0.1247203 0.1148994 0.1111723 0.1054571 0.1069596 0.1068088 0.1275531 0.2002839 0.1116894 0.2962609 0.0000000 0.1049574 0.1825735 0.3023927 0.2295172 0.1077835 0.0945182 0.1077565 0.2565023 0.2669285 0.2707147 0.1693344 0.1737696 0.1084174 0.1561940 0.1232911 0.1268858 0.1282061 0.1226477 0.1208734 0.1282885 0.1284450 0.5645939 0.4905820 0.6319404 
Diast_ki   0.1887548 0.1205097 0.1270725 0.1147880 0.1148181 0.1025509 0.1051486 0.1066212 0.1201501 0.1935459 0.1061930 0.2849676 0.1049574 0.0000000 0.1834655 0.2960332 0.2264530 0.1041404 0.0950597 0.1035671 0.2518109 0.2567836 0.2645833 0.1603957 0.1716189 0.0571482 0.1532441 0.1163461 0.1289068 0.1243940 0.1233750 0.1204781 0.1261755 0.1256268 0.5517005 0.4880495 0.6143400 
Dipl_spi   0.2066650 0.1911593 0.1974304 0.1851058 0.1909389 0.1675015 0.1719046 0.1800908 0.2043811 0.2042495 0.1786881 0.2944063 0.1825735 0.1834655 0.0000000 0.3137378 0.2335657 0.1709720 0.1681809 0.1699034 0.2584718 0.2709098 0.2744866 0.1754823 0.1528744 0.1827084 0.1715150 0.1739399 0.2022296 0.1966403 0.1901459 0.1911071 0.1973223 0.2000300 0.5599015 0.4808464 0.6143976 
Escha_ac   0.3270231 0.3074087 0.3147848 0.2963710 0.3021979 0.2770769 0.2800903 0.2932126 0.3235423 0.3369802 0.3117779 0.4188277 0.3023927 0.2960332 0.3137378 0.0000000 0.3420944 0.2768945 0.2736774 0.2792934 0.3569254 0.3628931 0.3718223 0.3116529 0.3165386 0.2929872 0.2931505 0.2884276 0.3267777 0.3048136 0.3073385 0.3021696 0.3064685 0.3081458 0.6287864 0.5732809 0.6954513 
Gana_sp1   0.2151139 0.2346929 0.2460118 0.2294546 0.2311454 0.2055556 0.2080062 0.2243857 0.2454054 0.2182034 0.2330291 0.3374436 0.2295172 0.2264530 0.2335657 0.3420944 0.0000000 0.2058139 0.2069583 0.2011302 0.1852331 0.1901573 0.1994783 0.2214311 0.2341780 0.2278743 0.1887573 0.2172479 0.2569149 0.2320297 0.2338681 0.2263810 0.2357099 0.2358583 0.5747746 0.5102344 0.6507537 
Hedic_le   0.1740684 0.1094310 0.1177080 0.1048606 0.1048733 0.0431588 0.0437325 0.1014193 0.1194442 0.1766624 0.1075800 0.2773206 0.1077835 0.1041404 0.1709720 0.2768945 0.2058139 0.0000000 0.0890056 0.0462024 0.2326259 0.2426819 0.2487650 0.1468931 0.1588733 0.1027435 0.1406827 0.0997149 0.1234876 0.1107262 0.1145542 0.1108538 0.1180858 0.1198479 0.5350100 0.4666235 0.6098575 
Irae_his   0.1727350 0.1023020 0.1037729 0.0983093 0.0964457 0.0877574 0.0900915 0.0894097 0.1067399 0.1800158 0.1001479 0.2707607 0.0945182 0.0950597 0.1681809 0.2736774 0.2069583 0.0890056 0.0000000 0.0900601 0.2358404 0.2366894 0.2487858 0.1454719 0.1560166 0.0942316 0.1410094 0.0985454 0.1129223 0.1127805 0.1097195 0.1057093 0.1114076 0.1125531 0.5343468 0.4620576 0.5996417 
Isoc_cen   0.1775867 0.1097703 0.1193925 0.1066973 0.1079375 0.0338598 0.0433778 0.1032066 0.1213757 0.1796860 0.1096341 0.2782514 0.1077565 0.1035671 0.1699034 0.2792934 0.2011302 0.0462024 0.0900601 0.0000000 0.2291669 0.2341248 0.2468898 0.1453673 0.1592344 0.1008652 0.1419798 0.0991421 0.1262389 0.1116199 0.1142951 0.1079916 0.1151165 0.1176544 0.5299569 0.4622464 0.6082935 
Lepto_bo   0.2490640 0.2571144 0.2658619 0.2485026 0.2536077 0.2339074 0.2294210 0.2461289 0.2580747 0.2462756 0.2582861 0.3670900 0.2565023 0.2518109 0.2584718 0.3569254 0.1852331 0.2326259 0.2358404 0.2291669 0.0000000 0.1116420 0.1191520 0.2572069 0.2617942 0.2483265 0.2169668 0.2475299 0.2787034 0.2583199 0.2607302 0.2507234 0.2591484 0.2595074 0.6045982 0.5260842 0.6541091 
Lepto_cl   0.2529975 0.2689003 0.2797583 0.2602240 0.2657969 0.2460252 0.2403378 0.2586801 0.2780798 0.2521901 0.2697385 0.3745907 0.2669285 0.2567836 0.2709098 0.3628931 0.1901573 0.2426819 0.2366894 0.2341248 0.1116420 0.0000000 0.0936990 0.2591037 0.2718749 0.2598756 0.2296695 0.2581296 0.2918122 0.2679986 0.2653428 0.2567996 0.2623470 0.2638261 0.6245496 0.5336597 0.6841432 
Lepto_he   0.2655780 0.2738192 0.2875368 0.2649465 0.2698002 0.2505620 0.2473960 0.2660364 0.2802163 0.2612167 0.2795139 0.3877654 0.2707147 0.2645833 0.2744866 0.3718223 0.1994783 0.2487650 0.2487858 0.2468898 0.1191520 0.0936990 0.0000000 0.2763884 0.2806277 0.2681208 0.2349356 0.2666798 0.2966087 0.2720166 0.2737265 0.2663883 0.2735552 0.2723040 0.6268707 0.5445778 0.6805326 
Parn_nig   0.1495315 0.1776764 0.1846643 0.1647134 0.1688038 0.1417228 0.1494515 0.1617365 0.1849603 0.1673897 0.1711779 0.3025136 0.1693344 0.1603957 0.1754823 0.3116529 0.2214311 0.1468931 0.1454719 0.1453673 0.2572069 0.2591037 0.2763884 0.0000000 0.1684989 0.1631160 0.1331663 0.1602987 0.1641673 0.1792101 0.1631789 0.1689899 0.1758438 0.1764009 0.5727934 0.5057052 0.6417131 
Pedia_ac   0.2031280 0.1802652 0.1885488 0.1739540 0.1791843 0.1575285 0.1598810 0.1683642 0.1944910 0.2079150 0.1799214 0.2872483 0.1737696 0.1716189 0.1528744 0.3165386 0.2341780 0.1588733 0.1560166 0.1592344 0.2617942 0.2718749 0.2806277 0.1684989 0.0000000 0.1706452 0.1626752 0.1687052 0.1876190 0.1835151 0.1796302 0.1783610 0.1836074 0.1848628 0.5599949 0.4875072 0.6354704 
Peric_JH   0.1886406 0.1162340 0.1247723 0.1131529 0.1128875 0.0998032 0.1018598 0.1067412 0.1252657 0.1983963 0.1143588 0.2818056 0.1084174 0.0571482 0.1827084 0.2929872 0.2278743 0.1027435 0.0942316 0.1008652 0.2483265 0.2598756 0.2681208 0.1631160 0.1706452 0.0000000 0.1552423 0.1171828 0.1293299 0.1229989 0.1238345 0.1196640 0.1276141 0.1287946 0.5533277 0.4900900 0.6253040 
Phaen_vi   0.1275836 0.1662451 0.1702675 0.1577895 0.1587882 0.1394412 0.1417592 0.1520586 0.1738844 0.1483628 0.1570431 0.2910489 0.1561940 0.1532441 0.1715150 0.2931505 0.1887573 0.1406827 0.1410094 0.1419798 0.2169668 0.2296695 0.2349356 0.1331663 0.1626752 0.1552423 0.0000000 0.1532986 0.1835453 0.1644353 0.1663303 0.1632451 0.1693088 0.1708789 0.5466774 0.4773014 0.6050200 
Phana_JH   0.1898445 0.1249034 0.1344030 0.1227273 0.1218955 0.0973950 0.0995726 0.1154216 0.1376772 0.1935090 0.1235654 0.2921181 0.1232911 0.1163461 0.1739399 0.2884276 0.2172479 0.0997149 0.0985454 0.0991421 0.2475299 0.2581296 0.2666798 0.1602987 0.1687052 0.1171828 0.1532986 0.0000000 0.1396900 0.1230418 0.1268140 0.1239443 0.1299756 0.1314882 0.5441034 0.4858263 0.6206815 
Prot_spe   0.1922069 0.1051567 0.1147363 0.1195854 0.1169726 0.1225781 0.1252955 0.1170956 0.1327222 0.2210620 0.1213813 0.3196088 0.1268858 0.1289068 0.2022296 0.3267777 0.2569149 0.1234876 0.1129223 0.1262389 0.2787034 0.2918122 0.2966087 0.1641673 0.1876190 0.1293299 0.1835453 0.1396900 0.0000000 0.1397793 0.1393525 0.1357618 0.1440928 0.1451735 0.5923905 0.5243686 0.6503355 
Qwaq_sco   0.1955896 0.1312829 0.1413234 0.1252323 0.1247122 0.1105682 0.1096980 0.1203105 0.1410226 0.1979974 0.1311173 0.2983019 0.1282061 0.1243940 0.1966403 0.3048136 0.2320297 0.1107262 0.1127805 0.1116199 0.2583199 0.2679986 0.2720166 0.1792101 0.1835151 0.1229989 0.1644353 0.1230418 0.1397793 0.0000000 0.1294608 0.1250168 0.1335482 0.1363611 0.5805754 0.5012262 0.6512914 
Syne_gif   0.1999901 0.1264323 0.1412817 0.1252752 0.1263390 0.1151334 0.1128994 0.1244744 0.1401722 0.2049209 0.1303688 0.3023184 0.1226477 0.1233750 0.1901459 0.3073385 0.2338681 0.1145542 0.1097195 0.1142951 0.2607302 0.2653428 0.2737265 0.1631789 0.1796302 0.1238345 0.1663303 0.1268140 0.1393525 0.1294608 0.0000000 0.0370270 0.0355497 0.0380831 0.5793542 0.5080579 0.6446314 
Syne_ito   0.1962180 0.1221730 0.1346624 0.1186714 0.1213443 0.1104246 0.1089753 0.1203184 0.1345915 0.1980753 0.1263376 0.2976885 0.1208734 0.1204781 0.1911071 0.3021696 0.2263810 0.1108538 0.1057093 0.1079916 0.2507234 0.2567996 0.2663883 0.1689899 0.1783610 0.1196640 0.1632451 0.1239443 0.1357618 0.1250168 0.0370270 0.0000000 0.0436784 0.0450082 0.5653571 0.4958000 0.6437126 
Syne_jap   0.2014524 0.1293292 0.1418899 0.1281323 0.1282780 0.1171266 0.1160974 0.1269080 0.1409889 0.2067935 0.1342604 0.3021766 0.1282885 0.1261755 0.1973223 0.3064685 0.2357099 0.1180858 0.1114076 0.1151165 0.2591484 0.2623470 0.2735552 0.1758438 0.1836074 0.1276141 0.1693088 0.1299756 0.1440928 0.1335482 0.0355497 0.0436784 0.0000000 0.0182190 0.5752732 0.5015292 0.6452139 
Syne_umb   0.2017127 0.1302179 0.1425193 0.1290340 0.1280657 0.1190178 0.1184409 0.1285552 0.1408008 0.2070640 0.1359616 0.3017237 0.1284450 0.1256268 0.2000300 0.3081458 0.2358583 0.1198479 0.1125531 0.1176544 0.2595074 0.2638261 0.2723040 0.1764009 0.1848628 0.1287946 0.1708789 0.1314882 0.1451735 0.1363611 0.0380831 0.0450082 0.0182190 0.0000000 0.5764936 0.5026207 0.6470397 
Nasoniav   0.5625153 0.5626554 0.5805046 0.5597677 0.5636353 0.5423029 0.5385285 0.5541679 0.5921711 0.6032709 0.5679679 0.5698879 0.5645939 0.5517005 0.5599015 0.6287864 0.5747746 0.5350100 0.5343468 0.5299569 0.6045982 0.6245496 0.6268707 0.5727934 0.5599949 0.5533277 0.5466774 0.5441034 0.5923905 0.5805754 0.5793542 0.5653571 0.5752732 0.5764936 0.0000000 0.5450199 0.6849126 
Orussusa   0.5065173 0.4995061 0.5122796 0.4990607 0.5004474 0.4742562 0.4781617 0.4967050 0.5191519 0.5141046 0.5035610 0.4907289 0.4905820 0.4880495 0.4808464 0.5732809 0.5102344 0.4666235 0.4620576 0.4622464 0.5260842 0.5336597 0.5445778 0.5057052 0.4875072 0.4900900 0.4773014 0.4858263 0.5243686 0.5012262 0.5080579 0.4958000 0.5015292 0.5026207 0.5450199 0.0000000 0.5727828 
Micropld   0.6487877 0.6291481 0.6572548 0.6289401 0.6362386 0.6170701 0.6203802 0.6248199 0.6578822 0.6656796 0.6397632 0.6286702 0.6319404 0.6143400 0.6143976 0.6954513 0.6507537 0.6098575 0.5996417 0.6082935 0.6541091 0.6841432 0.6805326 0.6417131 0.6354704 0.6253040 0.6050200 0.6206815 0.6503355 0.6512914 0.6446314 0.6437126 0.6452139 0.6470397 0.6849126 0.5727828 0.0000000 
