CATSBDP
1	-1	23454
1
1.8
0	0
0	0
../../data/allgaps36.phy
4
0
Universal

0
0
0
0
10	0
0
(((Bior_pal:0.0902799076074103,(Andr_qln:0.057455178143561,Beloc_tr:0.0530658942262047):0.00742531445697879):0.0198625218864627,(Calli_sp:0.104092886957887,(((Irae_his:0.0930698899268918,(Escha_ac:0.842685406560183,Phana_JH:0.126562542866851):0.0123028623288156):0.00723366077488608,Prot_spe:0.111910056231969):0.0334504010315697,((((Parn_nig:0.13609891284506,((Allox_ar:0.199736312754701,Phaen_vi:0.121634142806008):0.0563200026830818,((Gana_sp1:0.210518314095473,(Lepto_bo:0.127439805474403,(Lepto_he:0.120327195366544,Lepto_cl:0.106351950427435):0.0331436109597886):0.163457189780728):0.179634249799931,Callas_no:0.181640050315216):0.0177598796463033):0.0201379244856496):0.0414309138219128,((((Orussusa:0.923116061322316,Micropld:1.62984456007089):0.222775581609105,Nasoniav:1.70736546128196):0.651010368442171,Cecin_ib:0.380023131703646):0.240925847411131,(Pedia_ac:0.177433882801119,Dipl_spi:0.261061427299136):0.0219596339454141):0.0280714157948937):0.0863491061067988,(((Syne_ito:0.0340786616343609,(Syne_gif:0.028377086991301,(Syne_umb:0.0122891413535101,Syne_jap:0.0275075536326641):0.0283427341001786):0.0098422893723543):0.119404029342322,Qwaq_sco:0.133308263853079):0.00630795833756022,((Isoc_cen:0.0520481656832654,Aula_tav:0.0344499744939577):0.0138479852644533,(Aylax_hy:0.0445276334703682,Hedic_le:0.073221866426284):0.00325493226300996):0.0712534206868736):0.00729280375607891):0.0270070110923321,(Cerop_ma:0.124447716781581,(Peric_JH:0.0634992069896717,Diast_ki:0.0587583415991564):0.0625957027146468):0.00308464588851349):0.00206356380026995):0.0316532274560805):0.0380146175831049):0.0045538445656913,(Andr_cur:0.0284841396417072,Andr_qrm:0.0414118031299654):0.00985524151957236,Andr_gro:0.0513983703284635);
(((Bior_pal:0.0902799076074103,(Andr_qln:0.057455178143561,Beloc_tr:0.0530658942262047):0.00742531445697879):0.0198625218864627,(Calli_sp:0.104092886957887,(((Irae_his:0.0930698899268918,(Escha_ac:0.842685406560183,Phana_JH:0.126562542866851):0.0123028623288156):0.00723366077488608,Prot_spe:0.111910056231969):0.0334504010315697,((((Parn_nig:0.13609891284506,((Allox_ar:0.199736312754701,Phaen_vi:0.121634142806008):0.0563200026830818,((Gana_sp1:0.210518314095473,(Lepto_bo:0.127439805474403,(Lepto_he:0.120327195366544,Lepto_cl:0.106351950427435):0.0331436109597886):0.163457189780728):0.179634249799931,Callas_no:0.181640050315216):0.0177598796463033):0.0201379244856496):0.0414309138219128,((((Orussusa:0.923116061322316,Micropld:1.62984456007089):0.222775581609105,Nasoniav:1.70736546128196):0.651010368442171,Cecin_ib:0.380023131703646):0.240925847411131,(Pedia_ac:0.177433882801119,Dipl_spi:0.261061427299136):0.0219596339454141):0.0280714157948937):0.0863491061067988,(((Syne_ito:0.0340786616343609,(Syne_gif:0.028377086991301,(Syne_umb:0.0122891413535101,Syne_jap:0.0275075536326641):0.0283427341001786):0.0098422893723543):0.119404029342322,Qwaq_sco:0.133308263853079):0.00630795833756022,((Isoc_cen:0.0520481656832654,Aula_tav:0.0344499744939577):0.0138479852644533,(Aylax_hy:0.0445276334703682,Hedic_le:0.073221866426284):0.00325493226300996):0.0712534206868736):0.00729280375607891):0.0270070110923321,(Cerop_ma:0.124447716781581,(Peric_JH:0.0634992069896717,Diast_ki:0.0587583415991564):0.0625957027146468):0.00308464588851349):0.00206356380026995):0.0316532274560805):0.0380146175831049):0.0045538445656913,(Andr_cur:0.0284841396417072,Andr_qrm:0.0414118031299654):0.00985524151957236,Andr_gro:0.0513983703284635);
1
5.73858
0.535032
5000
62.1601
0.260995	0.116516	0.173011	0.237309	0.150384	0.228461	0.18437	0.212706	0.21933	0.286455	0.14605	0.291426	0.199613	0.213102	0.19698	0.414	0.33409	0.238644	0.0425146	0.158257	

1.35768e-09	0.00437929	0.000327456	0.000784879	0.00554193	1.768e-07	1.64238e-13	0.468602	1.23857e-10	0.338355	5.20452e-06	2.78134e-05	8.21169e-06	2.49624e-06	4.96575e-10	0.000419424	0.0150934	0.166341	2.03526e-08	0.000111626	
7.91017e-07	1.71535e-05	3.45002e-10	0.000417062	0.00366282	1.24676e-05	6.75668e-06	0.796877	0.00192754	0.0498399	0.0177995	0.0020923	0.000166471	0.000112976	0.000386039	0.00214789	4.56664e-06	0.124528	1.03025e-53	4.50048e-11	
0.0719207	9.49027e-14	0.00577386	0.00634423	3.27907e-06	0.0497309	1.17633e-12	0.0202196	0.00340781	8.18365e-06	0.000747031	0.0249708	0.0851607	0.0272973	0.00754537	0.348348	0.347834	0.000682178	1.8006e-22	6.03602e-06	
0.0111034	0.000867533	0.000875259	0.00258809	0.000319827	0.971646	0.000260173	2.18534e-05	1.08754e-05	2.62329e-08	0.000573995	0.00262001	2.28833e-06	1.09526e-05	0.00219297	0.00666524	0.000117781	0.000123974	3.91355e-09	7.64024e-11	
0.1835	1.15318e-07	5.179e-06	0.00719197	2.38784e-05	0.0177721	0.000325967	0.00441246	0.00700432	0.0434384	0.00254534	0.018422	0.341602	0.058934	6.33979e-05	0.184492	0.0957263	0.0345404	4.80286e-49	4.18227e-07	
0.000882657	0.00879333	0.023352	0.029623	0.0858559	1.02348e-07	0.00900718	0.17091	0.04943	0.300163	0.0190662	0.0160874	0.0552938	1.81434e-06	0.0331097	0.0378764	0.0140231	0.139119	0.00216268	0.00524248	
0.0115535	1.31243e-06	0.0098535	0.0403943	0.000366756	0.00131302	0.0056231	0.0121255	0.645605	0.0103294	0.0117202	0.0401486	7.71865e-07	0.0697135	0.0978822	0.0129165	0.0215554	0.00596846	1.99734e-22	0.00292921	
0.00410637	0.96853	0.000502045	0.000525772	0.00543228	0.00102616	3.42371e-05	0.00262766	4.32333e-05	0.00110611	0.000371798	0.000613109	1.01541e-07	3.54781e-06	9.24831e-08	0.0106748	0.00125438	0.00157466	8.48935e-13	0.00157346	
0.000114538	5.8156e-06	0.00116779	0.017925	0.000917444	0.00101133	0.0523981	0.00125062	0.0172717	0.0188081	0.00247749	0.00403796	0.00436431	0.859221	0.0115802	0.00192422	0.00171508	1.45355e-11	0.000382152	0.00342755	
0.000496305	1.09086e-08	0.00451201	7.13536e-06	0.000183291	9.06241e-05	0.0146384	0.0006477	0.00278314	0.00178831	2.45328e-05	0.946734	4.52492e-05	3.81988e-11	0.00140006	0.0259706	3.81907e-07	6.94505e-06	2.00563e-05	0.000651359	
0.165043	0.0171876	0.000218971	0.000697651	0.000456991	0.00211549	0.0117557	0.000169259	0.000270796	8.81903e-05	2.8356e-29	0.0187705	0.000304669	0.0117525	1.53127e-14	0.414546	0.333889	0.0222645	9.69716e-11	0.000469254	
0.000309914	0.00179573	1.33141e-05	5.31134e-05	0.0492043	0.00168222	0.00787949	0.000217218	0.00105168	0.00337233	0.000417623	6.86245e-06	8.3238e-06	0.000443873	0.000659683	0.00175661	0.000306099	0.000169878	0.00252335	0.928128	
0.0111698	2.65702e-06	0.612587	0.234704	1.31276e-06	0.0060586	0.00383469	1.55706e-09	0.00697611	0.00502306	0.00100507	0.0762366	0.0062806	0.00818456	1.50924e-08	0.0135775	0.0111352	0.00313333	8.92891e-05	8.02066e-13	
0.0190681	0.00649401	0.00218585	0.000163758	0.0316193	0.0121822	2.76735e-07	0.0113628	7.63255e-06	0.0764462	5.96762e-15	0.000134226	0.577891	0.0363614	0.0149432	0.156991	0.0231143	0.0310348	3.48252e-21	3.42745e-08	
0.0380908	0.00500112	0.278095	0.170964	0.00593104	0.0613124	0.0110587	0.00511842	0.0502415	5.43904e-05	0.00054205	0.171027	1.11447e-05	0.0200025	0.00751426	0.113474	0.0394064	0.0221471	8.30798e-06	2.12921e-07	
0.0297262	0.000468575	3.83212e-05	0.00725978	0.00180184	0.00885878	0.0285348	0.0564742	0.126633	0.000165375	0.00397638	0.335825	4.84268e-06	3.59093e-06	0.0703811	0.261906	0.0364777	0.00120919	1.68837e-08	0.0302551	
0.0106157	0.0615269	0.0298326	0.0285529	0.161459	0.0174647	0.0898664	0.0318246	0.0162981	0.0600407	0.000579051	0.0534257	0.0196829	0.0226139	0.0184704	0.0574489	0.0242966	0.0298515	0.00885546	0.257294	
0.000167907	6.29935e-20	0.101789	0.10228	0.00264328	0.0378687	0.0157513	0.0254015	0.0210677	0.0024091	0.00281534	0.0422159	0.0162453	0.0111108	0.466265	0.0230754	0.100593	0.00351544	0.00556184	0.0192237	
0.0247805	0.00029887	0.172723	0.576124	0.00260825	0.0309344	0.00197775	0.00445128	0.0560205	0.00574213	0.000882165	0.0291454	0.00372454	0.0314605	0.00496175	0.0155822	0.0168585	0.0216865	1.14919e-25	3.8344e-05	
0.0451312	0.00067273	0.0199597	0.141512	4.04941e-06	0.356226	0.00749558	0.0418045	0.0601112	1.03368e-05	0.0021455	0.0370716	4.28517e-05	0.0143081	0.139181	0.0679798	0.0278993	0.0307132	0.0077242	6.8337e-06	
0.0299971	0.00503493	0.000163054	0.00364272	1.24269e-09	1.49528e-06	0.00110227	0.0860295	5.61847e-05	0.000130043	0.000151194	0.00745004	0.0070208	0.000338669	0.00540484	0.028632	0.812473	0.0122764	9.56292e-05	1.69697e-07	
0.0737644	0.011893	0.0255278	0.0320873	0.0261929	0.0215089	0.0150763	0.0304919	0.0291152	0.0804429	0.014513	0.0408462	0.20161	0.0289362	0.030851	0.205005	0.0733129	0.0511282	0.00175963	0.00593786	
0.529988	0.0201012	0.000612061	0.00893568	1.90034e-06	0.0231718	3.68554e-07	0.0187383	5.41891e-05	1.18313e-05	0.000653287	0.0100978	0.00254193	0.00684891	0.000670285	0.0224765	0.313948	0.0372554	0.00356055	0.000332559	
0.00911919	5.64465e-14	0.000427682	0.00695796	1.82514e-06	0.000360934	2.38497e-06	0.302928	0.00674428	0.213496	0.334297	0.000979267	2.63673e-05	0.00997507	0.00924728	0.00820061	0.00180372	0.0927261	0.002706	9.11982e-10	
6.80309e-05	0.000551129	0.00142089	0.000400228	0.0457888	6.97253e-09	1.78478e-10	0.231561	1.27943e-07	0.577324	0.0494182	0.000401624	8.28216e-08	0.00114157	0.00201852	0.00544211	0.00297984	0.0813284	3.61205e-06	0.000151435	
0.000117418	2.7563e-11	0.952376	0.0254154	1.78062e-06	0.0054216	1.39267e-05	1.11677e-05	0.000178245	0.000482505	0.000515449	0.0122133	6.49435e-05	1.96879e-08	1.24197e-10	0.000248343	6.4476e-05	4.95955e-07	0.000332905	0.00254242	
0.167038	0.000669712	1.52329e-05	0.0130417	0.00766728	0.0194017	0.00380244	0.0648117	0.0314281	0.0252545	0.0389557	0.0453729	0.0112906	0.00679983	0.0122374	0.169733	0.313297	0.0650472	1.09232e-12	0.00413724	
0.0161457	5.60621e-07	1.73377e-06	8.15921e-06	0.000119611	0.00322645	0.000810341	0.13672	0.000760276	0.0157654	0.00674015	0.00146119	0.000425212	1.24034e-08	1.2853e-07	2.11197e-05	0.000770405	0.816703	4.68754e-05	0.000273769	
4.07131e-06	1.88432e-05	2.69508e-06	1.08558e-07	0.000195651	0.00235661	0.0053938	3.57661e-05	0.00654077	0.00173152	0.000683041	7.15207e-06	0.000295114	0.00628619	0.967901	0.0052195	0.000788565	0.00253633	8.18066e-15	3.10059e-06	
0.000646182	2.28039e-06	6.14832e-06	0.00887429	4.26261e-05	0.00393119	5.15633e-05	0.00409528	0.858765	2.03242e-05	0.00041435	0.00878828	0.00127824	0.00837749	0.093544	0.00189195	0.00558718	0.00356334	0.00012017	7.94935e-09	
0.106187	9.75693e-05	0.00535925	0.0320722	3.7317e-19	0.0227884	1.91923e-06	0.153952	0.00111034	0.0693284	0.0579726	0.00327895	0.0232573	0.00747147	0.00818485	0.0214272	0.0522892	0.431342	1.55567e-11	0.00388034	
0.419492	0.00010621	7.95199e-17	0.0115738	3.38672e-05	0.0126445	0.000399624	0.0137036	0.014927	0.00782978	1.23339e-05	0.0109418	0.0585705	0.00704347	0.000257696	0.105692	0.246133	0.090623	1.60327e-05	5.80859e-08	
0.0264437	0.00121205	0.00753055	0.00917261	0.0111058	2.34625e-12	0.0027732	0.428985	0.00669693	0.0383493	0.0293105	0.0167086	0.00191514	0.000635194	6.39717e-06	0.006231	0.0499945	0.358021	4.87004e-07	0.00490815	
1.37633e-05	0.0007124	0.000165613	6.22422e-05	0.943727	0.000468164	1.43143e-05	0.00550064	0.000401188	0.0177649	4.04358e-06	1.64906e-05	0.00121787	0.000332183	4.48651e-10	0.00136476	7.68102e-10	0.00155547	3.37231e-08	0.0266794	
0.00831908	0.00672683	0.093285	0.0417442	0.00186441	0.0237873	0.0354058	0.00784	0.0964622	0.00100696	0.000374192	0.439498	0.00541271	0.0339382	0.0200248	0.114973	0.0587494	0.000541576	5.33221e-37	0.0100464	
0.286922	0.0238304	0.00230118	0.0219427	0.000868119	0.534241	0.000144159	0.00138628	7.02231e-06	0.000719293	2.11093e-10	1.01741e-06	0.0089993	0.000732527	0.0154147	0.0404691	0.0343945	0.0276268	1.06758e-43	7.70263e-10	
0.866963	0.00126511	0.000618083	0.000446268	9.73245e-08	0.0173603	9.32586e-07	0.00228093	0.000827799	0.000237625	2.51736e-05	3.76335e-05	0.00279737	3.88596e-07	8.1776e-09	0.0532408	0.029723	0.0235818	7.5957e-09	0.000594049	
0.419565	0.000339637	0.0170039	0.00396601	0.00224155	0.275372	0.000441797	2.37728e-07	8.21231e-05	0.0748275	0.0265195	0.00113952	0.0114244	0.10139	0.00837659	0.0541228	0.00284878	0.000319533	3.29239e-28	1.97722e-05	
2.83024e-05	0.0278693	0.0386289	0.0267044	0.072572	5.66649e-06	5.32018e-07	4.97614e-05	0.0318464	0.628732	0.0383335	0.000128441	0.018881	0.101328	0.00309675	0.000112143	0.00251088	0.00793928	8.61347e-09	0.00123323	
0.00317026	0.00132677	0.000218397	0.000136936	0.051754	0.000106642	4.25113e-09	0.0065107	9.45987e-10	0.819603	0.102306	0.000682192	5.70376e-08	0.00343491	0.000385771	0.00991442	0.00040127	2.89441e-05	6.28655e-19	1.98387e-05	
0.0137599	1.62532e-09	0.000708128	1.72796e-06	0.0418247	0.00112882	0.0124777	0.0276624	0.00166718	0.524767	0.0155054	0.00788627	2.25095e-10	0.0309324	0.226019	0.00709425	0.000517435	0.00180026	4.09807e-05	0.0862057	
0.000677318	0.000658429	1.56234e-08	5.37644e-06	0.00246397	0.0191825	0.000980775	1.3383e-08	0.000316239	0.00302358	6.39615e-07	0.00746885	0.00023479	4.58233e-08	0.0018976	0.674141	0.285121	8.51969e-06	0.00214869	0.00167038	
0.0222782	0.00209409	0.29778	0.115029	0.00814545	0.394551	0.00703767	0.000263642	0.0141971	4.82166e-16	0.00167996	0.0710496	0.000467857	0.0199387	0.0088577	0.0332507	0.00206136	0.000452596	2.96876e-07	0.00086492	
0.00555025	2.72491e-05	0.00479421	0.0134219	0.00115171	0.0271775	0.0246959	0.00381216	0.46477	0.000587091	0.00531775	0.206836	5.86749e-05	7.071e-05	0.186896	0.054199	0.000409226	0.00014612	5.11811e-09	7.79723e-05	
9.43871e-07	0.000708369	2.86017e-06	0.000673565	0.0112679	1.28591e-05	0.000576597	0.0241424	0.000108046	0.936215	0.0110166	4.93126e-05	2.52268e-05	0.000955777	0.00102649	0.00208893	0.000186898	0.0100041	3.60463e-06	0.000934891	
9.43055e-05	0.0113175	7.6127e-06	0.00114377	0.00398356	0.0079866	0.0105103	0.351319	0.0446519	0.390495	1.28939e-08	0.0236049	0.0446556	0.0339339	0.000305001	0.0611052	0.00956133	0.00532302	1.14285e-06	2.5237e-08	
0.128723	0.0304307	0.00695669	6.38335e-05	0.0201315	0.0116123	1.73479e-13	8.87859e-06	6.62385e-07	0.0565122	0.00542111	0.00198213	1.11914e-05	0.00084061	2.57894e-13	0.710789	0.0250044	0.00138872	3.63307e-09	0.00012353	
0.00592315	0.00774978	5.68199e-09	0.00436909	0.139946	0.00262152	0.0183362	0.0553887	0.0207354	0.529534	0.042402	0.00663372	0.000817968	0.0230222	0.0235445	0.0238526	0.0185207	0.0424886	0.0146182	0.0194965	
0.0267494	2.61216e-07	0.00134022	1.65352e-05	0.0252993	0.0042041	0.00430764	0.466047	1.03276e-05	0.132886	0.0460092	8.90261e-05	2.50289e-06	0.00473551	1.62987e-06	0.00556659	0.00414683	0.277237	0.000712241	0.000639207	
6.99046e-06	0.000188549	1.25343e-08	0.00010513	0.00450664	0.000102484	0.000111574	0.0772369	0.0109092	0.164947	0.683085	0.0017386	0.00025869	0.000655839	0.00522113	0.00618477	0.0224066	0.0193228	0.000511942	0.00250037	
0.0387572	9.95113e-11	0.00366952	0.0458194	0.00569229	0.00306113	4.94108e-05	0.08703	0.0151484	0.392209	0.0495088	0.0131383	0.0200949	0.0880196	0.00750828	0.0583184	0.0501957	0.120441	5.86563e-38	0.00133846	
0.0113098	0.0053608	0.38051	0.107211	0.00804918	0.0215079	0.0196659	0.0183058	0.0279589	0.0267774	0.00386787	0.219767	0.00982324	9.13849e-05	0.0156382	0.0331168	0.0154917	0.034971	1.19849e-16	0.0405756	
0.000637805	0.418068	0.00892447	0.000474018	0.0368185	0.0320406	0.0105073	0.000385543	0.00051896	0.00214447	2.81895e-05	0.0635025	1.26382e-06	0.0142747	0.0264997	0.210955	0.000158364	0.000122852	0.0150548	0.158883	
5.44188e-05	0.0182184	3.58638e-05	2.88426e-07	0.00502837	0.0364377	0.010589	0.0125693	0.209651	0.00148313	0.0155169	0.0318964	0.00797191	0.0616713	0.548717	0.0359433	0.00054651	0.000408154	2.53592e-05	0.00323573	
0.0280488	0.0505476	0.00531155	0.000520409	0.360776	0.000136628	1.48025e-05	0.0565792	4.14681e-06	0.178256	0.00643565	0.00923417	0.0205503	3.27138e-05	0.00849344	0.112435	0.0202376	0.0422602	0.0107425	0.0893836	
0.0954144	0.00208886	0.016831	2.79343e-05	0.0172679	0.0195954	0.000110178	0.00552059	0.00831366	0.0158804	5.06968e-05	0.0257579	0.143837	0.0105482	0.00339588	0.50543	0.116668	0.0048257	4.04041e-32	0.00843625	
0.000310667	2.45149e-09	0.0221467	0.00152768	0.0119806	0.0288231	0.300321	9.21432e-05	0.0200096	0.0310507	0.000733226	0.425833	3.38904e-05	0.00617129	3.55998e-06	0.0108854	0.00274548	0.000923068	0.00792076	0.128488	
0.191289	3.29743e-09	0.0574733	0.139515	2.01542e-14	0.0640699	0.000187649	0.0268924	0.057498	0.026063	0.0259105	0.0471049	0.0180513	0.0160817	0.00848584	0.0688162	0.139621	0.112633	5.73928e-08	0.000307506	
0.00337131	4.03766e-05	0.00471618	9.82849e-06	2.94459e-07	7.07577e-05	0.0557324	6.78551e-06	0.341742	0.0155401	0.00436545	0.00298485	0.0386166	0.488643	4.01541e-06	0.00178452	0.0175123	0.0190963	1.42234e-08	0.00576308	
0.00795055	6.63272e-24	0.0547189	0.917587	1.02066e-19	9.95467e-06	1.05977e-05	0.000143348	8.49718e-06	0.000531562	0.00182026	0.000372418	0.000147669	0.0129482	0.000267045	9.47399e-05	3.44314e-05	2.37735e-06	3.52743e-10	0.00335241	
0.0381739	0.000447862	0.0634867	0.363184	0.0186435	0.0158388	0.0140863	0.0420418	0.0851997	0.0647801	0.018723	0.0248918	0.024466	0.0521893	0.0131091	0.0411448	0.0474264	0.0645707	1.73481e-08	0.00759593	
0.0144661	0.00766596	0.0147677	0.136101	0.00876881	0.0117494	0.0666922	0.0191497	0.16443	0.0314138	0.00413606	0.0474771	0.0154734	0.277705	0.0903253	0.039336	0.0157498	0.0154057	0.00437575	0.0148102	
0.414412	8.18007e-09	5.05031e-06	0.00302912	5.3189e-14	0.0975342	0.000166158	0.00654757	3.03787e-06	0.000693111	0.00522985	2.79571e-05	0.0084378	0.00373893	6.17611e-05	0.359516	0.0959489	2.24636e-06	1.99604e-09	0.00464584	
0.02063	0.000407005	0.244917	0.367122	0.000414147	0.052415	0.0128291	0.00853979	0.0726255	0.00207186	0.000826519	0.0836845	0.0106373	0.0441899	0.0232292	0.0286738	0.00445118	0.00761251	0.000727601	0.0139955	
0.115795	0.000610667	0.0153854	0.0630932	0.00255518	0.37259	0.0242107	2.55992e-06	0.00975255	0.0284693	0.00844702	0.107444	0.0134407	0.000100604	0.0530374	0.155639	0.0278141	0.00161245	4.01224e-27	5.70052e-08	
0.00392647	0.000133608	0.00080538	0.000981496	1.85662e-07	4.79898e-07	0.0013893	5.84878e-05	8.94862e-05	0.0120858	1.39491e-05	2.02701e-06	0.96979	0.0018247	0.000292338	0.00567152	0.000380507	0.00252898	4.45288e-35	2.53082e-05	
5.60512e-06	0.0458336	0.00798908	0.000739976	0.0836652	0.00143335	0.078007	0.0061797	0.00774316	0.00181028	0.00455328	0.0513431	1.09778e-05	0.000549551	5.89089e-05	0.0100727	0.000179313	0.000258668	0.000277012	0.69929	
0.0285154	3.1488e-13	0.272261	0.00157036	0.00207737	0.00128901	0.0878722	0.0060141	0.0729659	0.000477102	0.0224593	0.458816	4.47714e-07	0.0422993	0.000291381	0.00110249	1.57905e-06	0.00198703	5.93507e-09	6.70476e-09	
0.0243312	0.00145706	0.00259699	0.0153955	0.000138318	3.3513e-05	0.00516421	0.114232	0.315601	0.123205	0.0878776	0.00678519	0.00247738	0.0484664	0.12674	0.00819648	0.0464539	0.0707636	3.06062e-07	8.53666e-05	
0.0215208	0.00273505	0.000288038	0.000196604	0.0806793	5.17794e-05	1.20988e-06	0.373282	0.0139246	0.133218	0.0253252	0.00972659	0.000659265	0.0021743	0.0103472	0.0376745	0.0869779	0.191012	6.68157e-16	0.0102043	
0.00183176	0.000948738	0.000204756	0.000224794	0.0039175	6.05616e-06	0.000153469	0.40575	1.57364e-05	0.01695	0.000822567	0.000556496	0.000417147	6.61263e-05	0.00137854	0.0016518	0.00547663	0.557976	5.11341e-06	0.00164727	
0.0147985	0.0270826	0.0213704	0.017189	0.0151467	0.0204147	0.245449	0.00666603	0.0460298	0.0550628	0.00243139	0.0978515	0.0195724	0.100132	0.179586	0.0486763	0.0145186	0.0156859	0.00172963	0.0506067	
0.00109003	0.00319757	3.70316e-06	7.58097e-05	7.07404e-08	1.45032e-07	1.24574e-06	0.028844	0.00164916	0.014256	0.93899	5.59671e-07	7.72415e-05	5.3083e-06	0.000340525	0.00251165	0.00729542	0.00149405	4.24825e-39	0.000167786	
0.00463983	0.00451646	0.000737144	0.000713736	4.98233e-05	0.0084747	0.19104	0.00238919	0.0527943	0.0183392	4.72822e-07	0.0219968	1.68125e-05	0.0427204	0.622524	0.028477	6.93418e-06	0.000561406	2.08939e-09	2.12645e-06	
0.0410212	0.0111276	0.0750119	0.0386236	0.0129437	0.0253437	0.0227436	0.0839327	0.0575652	0.0389158	0.0202939	0.209101	0.000139575	0.0234507	0.0156841	0.158142	0.101921	0.036955	0.00336739	0.0237156	
0.055837	0.00147352	0.0314122	0.061853	0.00217885	0.0225986	0.00361925	0.0261752	0.29503	0.0319829	0.0251783	0.0757495	0.0192717	0.046861	0.0913619	0.0832077	0.0973345	0.0160851	0.00713998	0.00564996	
0.0326196	0.0012608	0.0017295	0.000176612	3.22878e-16	1.81995e-05	2.26172e-05	0.000561925	6.8355e-08	0.00050683	0.000126289	1.09247e-12	0.917235	0.000519043	0.00426323	0.0327119	0.00689766	2.48408e-06	2.10934e-13	0.00134867	
0.0678839	0.00202102	0.021105	0.0293888	0.0241368	0.0142604	0.00895016	0.228898	0.0400802	0.0972383	0.0527042	0.0400197	0.00983132	0.00760184	0.0227708	0.0667924	0.0979607	0.167002	3.46621e-23	0.00135501	
0.238661	5.95811e-19	0.055597	0.00401529	0.0014561	0.113998	0.00213831	0.0130433	0.020324	0.000384412	1.79122e-05	0.049964	0.0663042	0.0223953	0.0185986	0.154614	0.164456	0.0740319	2.32671e-27	1.98073e-07	
0.00362161	2.53912e-10	0.653336	0.0266229	3.49926e-07	0.0154803	0.00369395	1.43301e-05	0.0111525	0.000110172	0.000493075	0.281739	1.90997e-10	0.000206117	3.34862e-07	0.00105223	0.00237376	0.000102253	2.35024e-65	1.70385e-06	
0.000617567	0.000234338	0.00176401	0.00198023	9.18819e-05	0.00172826	0.00519991	5.63634e-09	0.298649	0.000330588	0.00375596	0.00464394	9.32825e-06	0.0146513	0.653866	0.0117366	0.000563508	1.74247e-09	2.7542e-06	0.000175477	
0.0627357	0.00450212	0.00982564	0.039224	0.0107614	1.29779e-09	2.23725e-07	0.0281595	0.00728689	0.164508	0.0398183	0.0126419	0.0878899	0.0220859	1.66761e-05	0.362758	0.146619	1.04769e-12	4.00796e-18	0.00116689	
0.0396889	1.14402e-06	0.00154465	0.0020527	2.95024e-08	4.8007e-05	2.90671e-05	0.00528702	0.00975171	0.00250867	1.04897e-07	0.458423	0.00604756	0.0116298	3.91793e-07	0.336434	0.12471	0.00184316	1.36111e-13	2.29653e-08	
0.0411619	0.0115112	0.0225013	0.010396	1.0443e-06	3.32913e-06	3.62566e-06	0.0403822	0.11739	0.0052519	0.00129431	0.110558	0.0679923	0.00875035	0.00810772	0.216571	0.30672	0.0312349	9.2171e-15	0.000168868	
0.0231748	0.0201391	0.0400129	0.0413151	0.00050383	0.0826657	0.000983601	0.0202879	0.0512693	0.00183345	5.7887e-07	0.2334	0.00863453	0.013276	0.0343675	0.314955	0.100771	0.0123916	1.82444e-05	1.92911e-11	
0.0832633	6.11942e-05	0.00868089	0.00823566	4.49195e-06	0.00331604	4.24042e-08	2.0119e-06	0.00736564	7.02491e-05	0.0174211	4.06221e-07	2.67856e-05	4.99525e-09	0.0105048	0.353593	0.504513	8.33964e-05	4.08275e-09	0.00285795	
0.0297539	1.43368e-10	0.00109715	0.000343125	0.00331474	6.16158e-06	0.0101338	0.0184736	0.00349711	0.00322766	0.0108531	0.0647312	2.95398e-06	4.76757e-05	0.00166919	0.177565	0.674797	0.000165945	2.5554e-10	0.000320331	
1.26194e-05	0.00291522	0.00196748	0.00454085	0.436313	0.000338386	0.025475	0.00923698	0.00367553	0.0154311	0.005602	0.000692473	9.74072e-10	2.88184e-07	0.00115593	0.00562035	0.0021509	6.27872e-07	0.0128587	0.472013	
0.00445918	0.00415618	5.36584e-05	1.23174e-09	0.0266728	0.00440548	3.03288e-07	0.336468	0.083255	0.019759	0.000252901	0.0036698	0.000425523	0.0231507	0.0172105	0.0438848	0.431161	1.1336e-05	0.000885231	0.000118507	
2.87435e-05	6.02075e-07	0.00264967	5.22805e-07	0.0015912	0.000907262	0.444003	0.00213895	1.22206e-08	0.00051419	0.00876559	0.036603	0.0427497	0.198723	0.150132	0.0183853	0.0706443	0.00303794	0.000904171	0.0182207	
0.000134604	0.00640773	3.5701e-05	0.0205808	0.000454439	0.817535	2.21236e-05	6.87819e-05	0.0211376	0.00142352	0.000432594	0.0232155	3.72206e-05	0.00750692	3.33018e-06	0.0713066	0.00302517	0.0245093	0.000346346	0.00181662	
0.0156495	0.0143148	0.000911829	0.000171075	0.000363383	3.85067e-05	2.7372e-09	5.04243e-07	7.03133e-06	0.00842059	0.00299422	0.0161554	0.00515941	0.00348851	0.0034049	0.896459	0.0308495	0.000333188	0.00122442	5.44206e-05	
0.133332	1.62557e-13	1.3876e-07	0.0295905	0.0584202	0.00691194	0.00335486	0.15871	0.000623036	0.28127	0.0373252	0.0029055	6.01082e-06	0.000186699	0.0155718	0.0231324	1.44059e-05	0.210338	0.00205724	0.0362495	
0.112223	0.00377104	0.00517953	1.97962e-06	0.000781912	0.0256956	0.000267224	0.0977329	0.0796936	0.0965513	0.000199399	0.00121416	0.011466	0.0387783	0.000278113	0.0890176	0.21663	0.217635	3.19001e-05	0.00285213	
0.0334111	0.00186997	0.0152596	0.0382431	1.61541e-05	0.00992839	0.115249	0.003339	0.0302539	0.0706875	0.00339768	0.0311201	0.0910113	0.389229	0.0446862	0.0763604	0.0325145	0.0113268	1.42162e-06	0.00209538	
0.0762507	0.00161131	2.04898e-05	9.27629e-06	0.0769569	0.000206197	0.00089324	0.150131	0.00608944	0.097451	0.00802502	6.2018e-05	0.00849592	3.72474e-09	0.00018437	0.0025749	0.0438151	0.511466	0.000309288	0.015448	
0.00278493	2.7857e-12	0.0105311	0.0275263	0.000995378	1.49897e-06	0.000792057	0.00589718	0.270086	0.553583	9.7495e-07	0.0175951	0.00518531	1.50431e-05	0.0484323	0.0281519	0.00501843	0.0234007	7.95564e-07	1.15934e-06	
0.0080774	0.00514464	8.3038e-10	8.50529e-05	0.0915168	0.00245725	0.00457206	0.0580573	1.24981e-05	0.771973	5.36879e-09	0.000948121	0.0065037	8.74832e-06	0.000357023	0.00591268	0.00384572	0.032117	0.00796912	0.000442119	
0.0278647	0.000795474	0.051607	0.209558	0.00280891	0.0399399	0.00136822	1.43238e-05	0.313258	0.0119505	0.00733368	0.0652121	0.0150866	0.115202	0.0583848	0.04654	0.0320066	0.00106757	4.51566e-07	9.80275e-07	
3.60091e-05	0.00930636	0.000109552	0.000143568	0.0267749	1.73725e-05	0.536858	2.32891e-08	0.00267996	0.0106599	0.0001799	0.0145097	0.00527385	0.026724	0.00227023	0.00900272	0.00212357	0.00244672	9.38079e-21	0.350884	
0.0231208	1.8473e-05	0.0213482	3.45943e-06	0.00274431	0.286904	0.000626481	0.0126818	0.0222662	0.155488	6.8756e-16	1.90959e-06	0.00271474	7.82228e-08	4.29278e-08	0.378256	0.023686	0.00219649	0.0679396	2.43295e-06	
0.0468667	0.00175874	0.00500455	1.01876e-05	0.0013908	2.12006e-08	0.00894933	0.00327737	0.00304584	0.0214993	0.00019661	0.00619463	0.671275	0.0165538	0.00508161	0.16714	0.0414656	1.58591e-07	0.000288924	2.10578e-11	
0.253349	2.50945e-05	2.45997e-06	0.0295849	0.000415972	0.0669841	0.00211573	0.0266744	1.00704e-10	0.028648	4.00823e-05	0.0679352	0.0114849	0.0120281	0.0185769	0.470698	0.00267999	1.12615e-06	0.00202187	0.00673462	
0.191732	0.0082862	0.134284	0.160826	2.91679e-06	0.0556358	0.00275599	0.0263217	1.56367e-07	0.00761967	0.0182784	0.00971995	0.020311	0.0205237	7.64918e-06	0.16985	0.0870361	0.0862073	3.78818e-24	0.000601617	
0.000329473	0.00112596	0.36401	0.614755	2.51708e-05	0.00847697	0.00157815	0.00050325	0.00120057	1.76335e-05	2.90053e-05	9.15273e-06	1.16783e-09	0.00018883	4.33433e-08	0.00384019	0.0018562	0.00205339	4.98361e-12	1.06256e-06	
0.0204745	0.00215213	0.0396733	0.563753	0.00028675	0.0129474	0.00579271	0.002343	0.085452	0.0158645	0.00122775	0.00548081	0.0119612	0.177366	0.0262978	0.00395176	0.0112078	0.0137679	2.05547e-11	1.54449e-08	
0.0212111	0.0064548	0.00255147	0.00107378	3.58662e-05	0.0842966	0.00272757	0.0502228	0.0406492	0.0157997	0.00377508	0.655895	0.00041711	0.0173301	0.00108094	0.0914765	3.8275e-05	0.00401293	2.37013e-28	0.000951027	
0.00164291	1.16714e-05	0.00433308	0.0212709	8.18037e-06	0.0343312	0.000151789	0.000585402	0.0249364	0.01885	0.00183476	0.0272571	0.585754	0.0916612	0.0257893	0.138245	0.0187688	0.00429697	0.000270634	7.10732e-11	
6.71396e-05	0.0133637	6.67736e-06	0.0248506	0.00152562	0.00872003	0.00301566	0.369907	0.00865779	0.0820476	7.47469e-05	0.000563298	2.01348e-07	0.0022142	2.81173e-07	0.00347408	0.147579	8.15196e-05	0.010419	0.323433	
0.106372	0.0070964	0.0236397	0.0411336	0.0443102	0.00193207	0.0148916	0.00852873	0.0268835	0.107104	0.00297285	0.0412009	0.00733612	0.00114145	0.000102135	0.419592	0.0898885	0.0441845	8.13111e-25	0.0116904	
0.0131117	0.00165319	2.22772e-16	0.0158446	3.42346e-05	0.00365737	7.06102e-07	0.00836895	0.407568	0.0101713	0.0111123	0.011777	0.00905171	0.0123996	0.427145	0.0328263	0.0295176	0.00514535	0.000164599	0.000450674	
0.393094	0.00238606	0.00212531	0.0111836	0.0179923	0.0250541	0.0041968	0.0519376	0.0146928	0.0233528	0.0120208	0.0121789	0.0236181	0.0106846	0.00530755	0.0866512	0.117931	0.183355	2.12512e-08	0.00223748	
0.00217964	1.94047e-07	0.240151	0.00998631	0.00225466	0.00369463	0.00550859	0.000941125	0.0162059	0.00763533	0.00634551	0.568453	7.81031e-07	0.000131796	4.95914e-06	0.100052	0.00898725	0.0269406	4.08236e-39	0.000527269	
0.000449943	0.00192384	0.00196116	0.000727365	1.37092e-08	2.21752e-05	0.911175	0.000123713	5.45008e-05	0.00359223	5.74469e-07	0.00412213	0.00264163	0.0325945	0.00372116	0.00681138	0.000501299	9.61101e-05	2.29373e-09	0.0294814	
0.00172177	0.0174125	7.65559e-10	0.000109583	0.00108879	1.5508e-06	0.000529009	0.0643407	1.21785e-05	0.361399	0.0681745	7.5928e-05	0.00109998	8.57746e-07	0.00105349	0.000925679	0.0018698	0.477453	5.99814e-06	0.00272586	
0.00352952	9.30861e-13	2.58387e-06	1.48243e-12	0.00505322	0.00223117	0.0862564	0.107367	0.00042697	1.09206e-05	0.209342	0.00461162	2.36969e-05	0.106041	0.000390438	0.0557517	0.1166	0.233826	5.08578e-34	0.0685357	
0.0127424	1.83569e-05	0.0672696	0.10351	7.63423e-06	0.518358	0.0388534	6.11099e-07	0.00285696	0.0122183	2.49944e-08	0.185008	0.0288364	1.31183e-06	3.08776e-07	0.00423531	0.0152658	0.0107115	1.07473e-08	0.000106039	
0.0169681	0.00817162	0.0390725	0.000105133	0.000302984	0.0815597	0.0383102	4.51606e-05	0.00332127	0.01549	0.000394224	0.495448	0.000705889	0.00560893	0.000102302	0.227798	0.0459224	0.00203496	1.62887e-10	0.0186387	
0.00366506	0.379315	2.59716e-05	0.000790974	2.23913e-14	0.0013262	4.68051e-06	0.0154532	0.0181568	3.03038e-05	1.80417e-05	0.00326174	3.57239e-09	0.000183104	1.15114e-05	0.073957	0.493671	0.0101291	1.00209e-33	4.38327e-08	
0.0477936	4.88955e-12	0.00119313	0.0172657	0.00852493	1.12802e-05	0.0216942	6.82496e-05	0.0898883	0.0896439	0.0055933	1.92835e-07	0.331233	0.0530614	0.0410831	0.275314	0.0154763	0.000601881	6.32032e-05	0.0014907	
0.0661799	0.0384732	0.032442	0.0160975	0.00133777	0.214306	0.00638055	0.0176507	0.000367142	0.00023376	0.000610247	0.110706	0.000171758	0.000940228	0.174078	0.241168	0.000477201	0.0134553	0.0191183	0.0458069	
0.00735324	0.000137463	0.000348599	0.000131466	0.00143294	2.98731e-06	0.0535831	0.0276001	0.191479	2.05928e-08	5.0035e-05	0.384114	1.68928e-05	0.0320988	0.00116028	4.64925e-05	0.235047	0.0335438	2.65105e-05	0.0318265	
0.0552697	0.0229309	0.000271172	0.000194808	0.00919311	0.193666	0.000964218	0.0121942	0.00113443	0.000319012	0.00661626	0.138276	6.02629e-07	0.00995056	0.0150085	0.457281	0.0725018	7.45606e-05	2.34511e-07	0.00415236	
0.0363198	0.0790835	0.000260495	6.95495e-06	0.149457	0.01733	0.0014846	0.0406075	0.0327143	0.0718326	0.0212912	0.0239448	1.22057e-07	0.0323661	0.0302618	0.313295	0.0680219	0.0306385	0.00893692	0.0421461	
0.00240551	7.10543e-14	0.000544873	0.010299	1.05423e-05	0.0170194	0.0418553	0.000690456	0.00651472	0.00869383	0.010902	0.00260661	0.821464	0.0101287	0.00952174	0.0138812	0.0424782	9.63268e-11	1.64792e-15	0.000983795	
0.0403493	0.000820418	0.0274274	0.00582563	0.000183199	0.774969	1.29333e-05	0.000263684	0.00533479	0.0017642	1.51517e-05	0.015116	0.000287685	8.87776e-06	0.00620933	0.098488	0.0210668	0.00185577	2.43465e-26	1.67928e-06	
0.00016555	5.88469e-06	0.00610961	0.0314068	5.8904e-05	3.15706e-05	0.0442513	0.00163377	0.165366	0.00235828	0.00236918	0.00768358	2.7885e-06	0.346337	0.332526	0.00780943	0.0299601	0.000717487	1.0904e-09	0.0212071	
0.557456	0.0104778	0.00363263	0.00356273	8.30719e-05	0.00447507	1.30985e-11	1.31528e-05	0.000926438	0.00857186	0.000190657	0.000953048	6.14348e-05	0.00195456	0.00157581	0.388612	0.00141779	0.0160365	3.32378e-33	8.27533e-09	
0.582059	7.00421e-06	0.000473445	0.00134896	0.0720848	3.96699e-05	1.23504e-06	0.00145736	7.07863e-07	0.209157	0.000120391	0.0235229	0.00135992	0.00134905	0.0134227	0.0127781	0.0390599	0.0318202	7.79501e-10	0.0099374	
0.388327	0.000979941	1.04053e-06	0.00234916	0.00121335	0.0203195	3.92681e-05	2.77296e-06	0.00734866	0.013402	0.0151699	0.0345865	0.000112777	2.45556e-11	8.52967e-06	0.0601335	0.434925	0.019941	9.06304e-09	0.00113996	
0.604236	0.000798208	9.76007e-08	0.000181516	1.21132e-06	1.9502e-05	0.00402598	0.0207273	9.13347e-05	0.0027893	8.3393e-07	0.000180531	1.64656e-06	7.55122e-10	0.00371286	0.0114332	0.0245298	0.327237	3.02727e-05	3.81521e-06	
0.182772	0.000756493	4.31266e-05	3.06504e-07	4.43759e-05	0.0132872	2.94595e-07	0.382566	9.89049e-05	0.00963842	4.55696e-05	0.00572798	3.65966e-05	1.02072e-07	4.8763e-14	0.0582974	0.0712442	0.263381	9.82441e-21	0.0120598	
0.00104041	0.00314024	1.10813e-06	1.03319e-05	0.00707931	0.0116839	9.98216e-05	0.532465	4.96705e-05	0.0566462	0.298984	0.000249943	0.00427337	2.708e-06	0.00363395	0.00158802	0.0211081	0.0558766	1.15975e-16	0.00206784	
0.0597705	9.58127e-11	3.54257e-06	0.00535647	0.000371756	0.0919803	0.156045	0.000106819	0.00603814	0.00623837	0.00769873	0.000987429	0.000387137	0.595337	0.0134078	0.0462918	0.000761016	0.000314655	0.00888423	1.94974e-05	
0.000138673	1.31449e-07	0.0324301	0.000896994	0.000192324	0.00917357	3.64953e-05	2.4008e-05	0.00903039	0.0256798	0.00193244	0.177733	0.000284599	4.05264e-10	0.0709441	0.430623	0.240626	0.000118704	3.39202e-07	0.000135515	
0.00594219	0.0282813	0.186733	0.175743	0.00226936	0.0388446	0.212643	0.00120268	0.01465	0.0353162	2.41134e-06	0.0715046	0.000802484	0.0323872	0.00803593	0.0557965	0.0223047	0.000861211	1.11813e-07	0.106679	
0.0248761	0.0193834	0.003331	0.000169299	1.71807e-08	4.84122e-06	0.00663018	0.28921	0.00775312	0.000839394	0.0461057	0.0237481	0.0210254	0.000126039	0.000113193	0.0410241	0.350774	0.164597	3.61689e-05	0.000252396	
4.08061e-07	9.58573e-05	9.77109e-05	7.26019e-05	0.50203	0.000439003	0.00087301	0.028946	2.50822e-06	0.313695	0.0202592	0.00303526	3.73219e-07	4.7465e-06	0.000377254	4.88144e-06	0.00147827	0.0449471	0.00108414	0.0825567	
0.000275533	0.00123674	0.0015157	0.000650678	0.00930165	0.00318143	1.51645e-08	0.00168611	4.49214e-05	0.00907744	0.000151725	0.000570546	7.14437e-06	4.09688e-11	1.13658e-05	0.00218041	0.000424521	0.00267473	0.961657	0.00535213	
0.00698731	2.07063e-07	0.00575281	0.000120272	0.655654	0.00229913	0.00774036	0.060871	0.0191265	0.0499237	4.54576e-12	0.0236548	1.4535e-06	0.0159061	0.0150796	0.000180553	1.42397e-07	0.0380538	0.0254267	0.073222	
0.130017	0.383255	0.0108422	0.00081272	0.0421699	0.0425615	2.83628e-11	0.0198512	0.000911868	0.0139385	0.00332236	0.000249184	0.000167554	9.65852e-09	0.0015103	0.294475	0.0312363	0.0218197	3.17739e-05	0.00282872	
0.0409059	9.23702e-09	4.46211e-08	0.00284504	0.00554167	0.00106412	2.63265e-07	0.0939194	0.261415	0.000763461	0.0210369	0.0200331	0.000471372	0.0478642	0.0731239	0.0536277	0.331565	0.0428448	5.12158e-12	0.00297844	
0.0790909	0.000667612	5.49213e-08	5.02824e-06	7.1032e-09	0.00733863	2.34728e-07	0.0974908	0.00157219	0.0126933	0.0566545	0.311697	0.0726664	4.3225e-05	0.000957158	0.110041	0.110714	0.137475	3.53991e-08	0.000893296	
0.602055	0.0596961	0.0101928	0.0131777	0.00510937	0.0469171	0.0129741	0.059098	0.00453309	0.0607229	5.60942e-07	1.10088e-06	1.1398e-07	0.00238636	0.0128116	0.0462694	0.000279665	0.0604264	1.53e-06	0.00334686	
2.00256e-05	1.97733e-05	0.0456336	0.0476428	6.83204e-05	0.00134935	0.387802	5.5053e-05	0.0143474	0.00332203	5.93361e-05	0.098918	0.0132963	0.276932	0.000179229	0.0200254	0.0100592	0.00326961	4.37895e-06	0.0769962	
0.0312038	0.00303558	3.3766e-08	0.00881738	0.0233699	0.0329976	0.00465437	0.1483	0.0160476	0.111492	0.227378	0.000174994	0.00237416	3.22351e-06	0.00291389	0.0216945	0.127536	0.235529	2.19182e-08	0.00247701	
0.0156135	0.0320828	0.00225173	0.000106957	1.55346e-11	1.2605e-06	0.261169	0.0105178	0.018179	0.000559428	0.0156699	0.369086	0.000351559	0.083678	0.0176096	0.15682	0.00760075	0.000333675	0.000911295	0.00745726	
0.0482865	1.84768e-14	0.0102487	0.0130321	0.0590487	0.0261835	0.0316502	0.122462	0.00262362	0.321049	0.0478983	0.0376974	0.0305889	0.022985	3.35416e-06	0.0911469	0.0234456	0.0900874	0.00163058	0.0199323	
0.00444164	1.83261e-07	1.5501e-08	0.00172522	0.00013707	0.0047503	0.00849514	0.0178595	0.00324662	0.358493	0.00154198	0.000217134	0.449615	0.0171978	0.026802	0.0034458	0.058965	0.0426399	1.32053e-07	0.000426142	
0.0205096	4.18399e-07	0.00806587	7.03833e-05	1.72737e-08	7.92147e-06	7.00634e-06	0.116576	0.0278694	0.276746	0.324278	0.0480338	0.0368051	0.000643813	0.00679991	0.0340015	0.098661	0.000774192	5.89184e-05	9.142e-05	
0.246978	0.00300337	0.044099	0.0343234	0.00146418	0.0451365	0.000438589	0.033819	0.000172073	0.00544113	0.000519302	0.0793975	0.00545376	2.72397e-10	0.0001995	0.180984	0.278797	0.0363076	1.74624e-08	0.00346594	
3.42714e-06	0.00120773	0.0084847	0.000758541	0.339991	0.00411472	0.00257776	0.315214	0.00268727	0.118477	1.37255e-09	0.00174762	0.00801917	0.000227337	0.00994053	0.0105912	3.28448e-08	0.0831261	0.000228425	0.0926036	
0.000106728	0.0207464	0.0181526	2.01671e-08	1.45571e-07	0.0378034	3.31773e-11	0.00475859	0.449465	9.04062e-06	4.26223e-06	0.172049	8.9397e-05	0.0932479	0.00197417	0.0763347	0.123109	0.000504786	7.10103e-14	0.00164535	
3.68541e-09	9.87306e-05	3.24568e-07	4.7344e-08	0.0449586	0.00403664	0.00552997	0.0910097	2.18844e-06	0.414552	0.000116329	0.000818067	0.000107734	0.00103933	1.21782e-06	0.00256482	0.435163	6.80909e-07	1.10839e-10	9.91683e-08	
0.0293852	1.86533e-05	0.00432951	0.00453402	2.93075e-05	0.00156905	0.00288956	0.00621816	0.0213381	0.0480237	0.070468	0.00024844	0.00226716	1.9125e-05	0.00737812	0.019362	9.49738e-05	0.776726	0.00509643	4.79011e-06	
6.81874e-07	0.00869625	0.00047218	0.000293011	0.00359996	5.06799e-05	0.000134799	0.446876	0.065778	0.00148487	1.90726e-05	0.351099	0.000866777	0.00594168	0.000813138	0.000679116	0.0229076	0.0902872	4.71131e-84	9.68727e-08	
0.00216728	0.0277072	3.46741e-05	0.0374752	0.00440994	0.00558626	0.049242	3.08704e-08	0.000339118	0.0114771	0.00279688	0.000858782	0.51023	0.0349898	0.0464882	0.250083	0.00154374	0.000289331	1.32502e-18	0.014281	
0.0135777	8.03636e-13	0.13659	0.30984	1.55549e-10	0.000122397	0.00117064	0.362874	0.000912111	2.58955e-06	0.0466132	0.000152945	4.69676e-07	0.000332478	0.000390648	0.00512677	0.0352749	0.0620271	4.02714e-05	0.0249514	
0.018033	0.0534885	2.11857e-10	0.00603111	2.34601e-05	0.0423491	0.000726204	0.0033904	0.000110869	0.000698523	0.000176427	0.150576	0.0233866	1.05685e-07	0.00282343	0.685487	0.000683715	0.00984023	1.07939e-16	0.00217495	
7.81188e-05	0.00466701	0.179783	0.0225836	0.00780108	0.0011083	0.401489	0.0447546	4.33809e-06	0.0014953	1.35276e-28	2.01464e-08	7.48474e-06	0.0423028	0.00539762	0.228824	0.0270819	0.0326219	9.45461e-18	9.95141e-09	
2.77497e-05	0.042511	0.000189706	0.00598259	0.0125251	0.000401655	0.122351	0.00973563	0.130302	0.127297	0.00732323	0.00276534	0.000721777	0.0476243	0.263193	1.336e-08	0.00688714	0.039088	1.05859e-35	0.181074	
0.0245224	0.00170788	1.57387e-05	0.0316817	0.000124994	0.00168368	0.374603	0.0104853	0.0772375	0.0507435	0.017479	0.00810147	2.17887e-05	0.210954	0.0160362	0.098454	0.0368219	0.00106631	8.79998e-06	0.0382507	
0.0708301	0.00304076	4.56628e-08	0.000767112	0.0917842	1.22983e-08	0.161642	0.171893	0.00019922	0.000342702	0.000328805	0.0166835	0.00135899	2.26482e-06	1.77555e-05	0.0331754	0.0930746	0.133121	0.000181165	0.221557	
0.0692246	1.96619e-06	2.08921e-05	0.00125703	0.00444868	0.0164867	0.0019839	0.0391504	0.00305693	0.0126242	0.141964	0.0181789	0.0279488	1.58761e-05	0.000802713	0.0346582	0.626601	0.00157474	2.28746e-23	5.35765e-07	
0.00958513	0.000105397	0.0113715	0.299872	0.0124662	0.000664965	0.00102052	0.00435689	0.48064	0.0213915	0.00204749	0.000457439	3.70626e-11	0.0449278	1.65808e-06	0.0400518	0.0498243	0.00751181	3.79264e-06	0.0136995	
0.00223448	1.74752e-07	4.80169e-05	0.0267365	0.000253796	0.00315361	0.000708181	0.373622	0.0168358	0.22042	0.0968379	0.0302831	0.0175473	0.0132898	5.44826e-08	0.0083377	0.0793734	0.104214	0.000249904	0.00585319	
0.0102599	0.000108897	0.114382	0.0454401	0.00564876	0.0338855	0.0414004	0.00149858	0.100369	8.83851e-05	2.30554e-09	0.311904	0.0537041	0.0136598	0.201645	0.0324566	0.0011696	0.0257273	1.69773e-06	0.00665068	
0.00148478	0.0507223	0.252035	0.31131	0.00118463	0.0328134	0.00550951	4.92288e-06	0.0165712	0.00796023	0.0375999	0.0209441	1.47736e-05	0.0409743	0.000962649	0.013776	0.0180755	1.4149e-08	0.0761069	0.11195	
