CATSBDP
1	-1	23802
1
1.8
0	0
0	0
../../data/allgaps36.phy
4
0
Universal

0
0
0
0
10	0
0
(((Gana_sp1:0.206419632169053,(Callas_no:0.183972484556491,(((((((Syne_ito:0.0358714468474939,(Syne_gif:0.0293520201425927,(Syne_jap:0.0273534186599441,Syne_umb:0.0122365093609519):0.0293163211313303):0.00816286177093386):0.122393158592291,Qwaq_sco:0.129964433466349):0.00870876025420323,(((Aula_tav:0.0341421174655045,Isoc_cen:0.0529245571960169):0.0119483088107429,Aylax_hy:0.0463738698034606):0.00257845314260231,Hedic_le:0.0721922132665819):0.0719139673177711):0.00834167124218415,(((Prot_spe:0.114486138909878,((Phana_JH:0.141478656309078,Irae_his:0.0966278484862117):0.00421562564879956,Escha_ac:0.87919198975689):0.00431300130554586):0.03601220140674,(((Andr_gro:0.0571410044754888,(Andr_cur:0.0301404690277132,Andr_qrm:0.0440670571875799):0.00978512291722797):0.00446527094271634,(Bior_pal:0.0909336428438168,(Beloc_tr:0.0595613320589181,Andr_qln:0.057684752467433):0.00749253210838699):0.0197100415772105):0.0366968563357966,Calli_sp:0.107395447927728):0.0310456266208266):0.00206430482680163,((Diast_ki:0.0631297226376158,Peric_JH:0.0652477108045703):0.0636614839828542,Cerop_ma:0.131346822416433):0.00473511150436914):0.0262855825287561):0.07787541737082,((((Orussusa:0.95277917928209,Micropld:1.65574592678485):0.255005558422779,Nasoniav:1.70694168244477):0.63472828756247,Cecin_ib:0.384491248503547):0.233727558789463,(Pedia_ac:0.184179476091301,Dipl_spi:0.256373314437774):0.0292200466998949):0.0291075064386858):0.039285184638451,Parn_nig:0.130356284540858):0.0221863742048621,(Allox_ar:0.195016573020434,Phaen_vi:0.127371158060514):0.0538288495438952):0.0140143509334161):0.183976832847343):0.173880496069503,Lepto_bo:0.129481426790194):0.0362821515135775,Lepto_cl:0.113978125395691,Lepto_he:0.124419159787518);
(((Gana_sp1:0.206419632169053,(Callas_no:0.183972484556491,(((((((Syne_ito:0.0358714468474939,(Syne_gif:0.0293520201425927,(Syne_jap:0.0273534186599441,Syne_umb:0.0122365093609519):0.0293163211313303):0.00816286177093386):0.122393158592291,Qwaq_sco:0.129964433466349):0.00870876025420323,(((Aula_tav:0.0341421174655045,Isoc_cen:0.0529245571960169):0.0119483088107429,Aylax_hy:0.0463738698034606):0.00257845314260231,Hedic_le:0.0721922132665819):0.0719139673177711):0.00834167124218415,(((Prot_spe:0.114486138909878,((Phana_JH:0.141478656309078,Irae_his:0.0966278484862117):0.00421562564879956,Escha_ac:0.87919198975689):0.00431300130554586):0.03601220140674,(((Andr_gro:0.0571410044754888,(Andr_cur:0.0301404690277132,Andr_qrm:0.0440670571875799):0.00978512291722797):0.00446527094271634,(Bior_pal:0.0909336428438168,(Beloc_tr:0.0595613320589181,Andr_qln:0.057684752467433):0.00749253210838699):0.0197100415772105):0.0366968563357966,Calli_sp:0.107395447927728):0.0310456266208266):0.00206430482680163,((Diast_ki:0.0631297226376158,Peric_JH:0.0652477108045703):0.0636614839828542,Cerop_ma:0.131346822416433):0.00473511150436914):0.0262855825287561):0.07787541737082,((((Orussusa:0.95277917928209,Micropld:1.65574592678485):0.255005558422779,Nasoniav:1.70694168244477):0.63472828756247,Cecin_ib:0.384491248503547):0.233727558789463,(Pedia_ac:0.184179476091301,Dipl_spi:0.256373314437774):0.0292200466998949):0.0291075064386858):0.039285184638451,Parn_nig:0.130356284540858):0.0221863742048621,(Allox_ar:0.195016573020434,Phaen_vi:0.127371158060514):0.0538288495438952):0.0140143509334161):0.183976832847343):0.173880496069503,Lepto_bo:0.129481426790194):0.0362821515135775,Lepto_cl:0.113978125395691,Lepto_he:0.124419159787518);
1
6.99959
0.5352
5000
55.4619
0.23611	0.125334	0.16147	0.199179	0.136883	0.204997	0.135459	0.199025	0.223973	0.250629	0.157267	0.255453	0.155437	0.187821	0.219204	0.373197	0.286919	0.237573	0.0395039	0.132809	

9.29338e-06	3.58317e-08	3.88308e-07	0.000289385	0.00295661	1.94629e-06	5.369e-08	0.779468	0.000137729	0.0475055	0.0146867	0.00055183	1.2933e-22	5.07472e-05	8.79801e-05	3.68568e-05	1.97514e-09	0.154149	6.5956e-06	6.12528e-05	
0.012043	1.4365e-09	0.0168893	0.0463551	0.000827257	0.00412863	0.00693579	0.0114792	0.630672	0.00774483	0.00836986	0.0435122	0.0022928	0.06172	0.106756	0.0125287	0.0241072	0.00257432	4.05842e-18	0.00106449	
0.000622447	0.00067598	2.35233e-08	6.34265e-06	0.945493	0.000276845	5.62721e-05	0.00178756	0.000295261	0.018512	2.82377e-05	4.83416e-05	0.000622309	0.000163015	0.000118935	0.00272148	8.06163e-08	0.00213424	7.16612e-45	0.0264373	
0.000105925	0.00270804	1.62838e-05	0.000394211	0.000628532	0.000303424	2.41703e-10	0.456395	1.5926e-07	0.366222	0.0148194	6.82293e-10	9.53241e-06	0.00214929	1.72993e-06	0.000624482	0.0255058	0.129766	4.32072e-12	0.000349825	
0.000164534	0.000777476	8.95314e-07	0.00655318	0.00127685	0.00372267	1.8053e-09	0.00203445	0.860448	0.000225844	0.0019973	0.0129398	0.000579178	0.0070001	0.0901886	0.00214377	0.0049431	0.00422578	7.1988e-16	0.000778048	
0.00853397	0.0106571	0.0954715	0.332028	0.00169511	0.0281821	0.000266648	3.02799e-14	0.262054	0.00603445	0.00258384	0.0960084	0.0113855	0.0806682	0.040185	0.0123918	1.21496e-06	0.00315648	3.8043e-38	0.00869662	
1.14793e-05	3.10828e-13	0.0010393	0.024845	0.000659844	0.00227371	0.046467	0.00177484	0.0170284	0.0159027	0.000437936	0.00100908	0.003149	0.86568	0.0153353	0.000142056	0.00159775	0.000274167	4.59821e-10	0.0023721	
0.00300324	0.210012	1.82313e-05	0.0182786	0.00074359	0.00119729	0.0012304	4.63385e-06	0.000183488	0.127277	0.000509125	0.552994	0.002343	0.00184687	0.00367068	0.027665	2.4541e-05	0.0461728	2.82637e-10	0.00282566	
0.000743459	0.00101939	0.096973	0.0159641	0.00411998	0.0161955	0.0353812	0.00562015	0.0551704	0.00270724	1.43671e-06	0.636235	0.00599698	0.0158769	0.00896771	0.0806207	0.0120493	8.49553e-08	0.000101045	0.00625664	
0.0287542	2.65449e-05	0.000334336	0.0376685	0.00147606	0.000395911	1.83006e-06	0.0798385	0.0423628	0.412271	0.0976025	0.00475176	0.0267911	0.0431678	0.0112216	0.0537453	0.0499662	0.109314	1.77831e-12	0.00031004	
0.00564729	1.39917e-05	0.659917	0.188259	1.93514e-07	0.0125863	0.00252308	4.25038e-14	0.00594315	0.00269677	0.00106988	0.0799619	0.00917577	0.000378006	0.000616282	0.0154403	0.00331447	0.00542742	0.000121938	0.00690742	
0.0148012	4.15677e-11	0.000865655	0.00587294	1.78191e-12	0.967527	8.57119e-06	0.000123083	9.29919e-06	0.000251777	0.000700042	0.00107934	0.000112852	7.50982e-08	0.00295151	0.00493283	0.000399487	0.000150571	1.20645e-12	0.000213851	
2.3734e-08	0.0013092	0.000213627	6.44441e-05	6.19128e-06	2.15131e-10	0.00017763	0.0366998	0.000831705	0.016478	0.937541	2.44274e-05	1.73869e-12	0.000138152	0.00146954	0.00123044	0.000816617	0.00235386	0.000168811	0.000476625	
0.872614	0.000872756	0.000820231	0.000297017	2.4202e-05	0.0213441	2.24724e-06	0.00133656	0.00227015	8.30892e-05	0.000678615	2.12338e-06	0.00524036	0.000797719	5.93483e-06	0.0509592	0.029347	0.0127584	7.3613e-12	0.000546052	
0.00243667	0.0323874	0.000690672	5.5305e-07	0.0744372	2.92826e-08	0.0414448	0.00689491	0.0021918	0.00365874	0.00630626	0.00715883	8.73991e-13	3.62287e-05	0.00117245	0.00614	4.74249e-05	0.0103357	0.00397699	0.800683	
0.0270431	0.00045789	0.00277273	9.50065e-07	0.0197934	0.0033299	0.00360561	0.466122	0.00137678	0.0886429	0.0591931	0.0098294	2.84557e-05	0.00111339	5.77514e-07	0.0138136	0.0277682	0.273823	0.00125227	3.26373e-05	
5.58694e-06	0.000696477	5.96164e-06	0.000274121	0.0105702	3.24756e-13	1.57236e-06	0.0274244	6.86322e-06	0.936321	0.0109963	2.64171e-05	2.45294e-05	0.000203579	0.00184923	0.00152459	0.00119475	0.00836299	0.000121279	0.000389777	
0.00753854	0.0686384	0.0197148	0.0305363	0.158427	0.00719654	0.0919543	0.0318994	0.0145716	0.0592957	0.00119962	0.0663365	0.0253165	0.00932501	0.0208172	0.0671638	0.0133025	0.030048	0.0155596	0.261158	
2.43501e-05	0.00035645	0.00104092	0.00103224	0.00106127	5.25167e-05	3.93564e-05	0.427113	1.03535e-05	0.0221119	1.05682e-09	2.16052e-05	0.000752889	4.76869e-05	0.000574218	0.000377529	0.00486669	0.540446	9.49197e-11	7.13288e-05	
0.366662	0.0069308	0.00283763	0.00165639	0.0176243	0.0200645	0.0102062	0.0544085	0.0125093	0.0279028	0.0181756	0.0120194	0.0103212	0.0113591	0.00497053	0.077929	0.14635	0.194389	1.48778e-09	0.00368474	
0.0983379	0.00751322	0.032333	0.0397067	0.0187393	0.0201852	0.0167484	0.039041	0.0324378	0.0669813	0.0139859	0.0429098	0.151265	0.0407137	0.0188517	0.180215	0.114745	0.056107	0.000695909	0.00848695	
0.00405228	0.00464826	0.000726563	2.4418e-06	0.00367422	0.0173815	0.0101796	0.00325734	0.190641	9.30075e-06	0.00473679	0.0134797	0.00627578	0.0305931	0.666657	0.0337008	0.00519934	3.90003e-06	0.00477869	2.24399e-06	
0.396667	3.80051e-22	0.00216355	0.00739033	0.00333446	0.0531706	0.00012054	4.50225e-05	0.00508797	0.0150562	0.00741289	0.022213	0.10294	0.0196686	0.00672726	0.148484	0.113316	0.0961918	5.36938e-07	9.61475e-06	
0.0254409	0.00164068	0.21998	0.537582	0.000706608	0.0331396	0.00278678	0.00638555	0.0406379	0.00270061	3.47333e-05	0.0390805	0.00664872	0.0290033	0.00747193	0.0194862	0.0122206	0.0150533	6.1269e-07	1.28259e-25	
0.0686024	0.000124436	0.0191926	0.00233413	2.42376e-11	0.695712	1.51413e-09	0.000198171	8.37261e-05	0.00122133	4.50029e-05	0.0184968	0.000671524	0.00114657	0.00451913	0.173556	0.0138807	4.23458e-05	2.33879e-09	0.000173039	
0.0100511	0.0182707	0.00110297	7.95974e-06	0.114485	0.00341732	0.0018429	0.215076	0.0192962	0.303665	0.0629949	0.0100297	0.0181985	0.000592802	0.011415	0.0266428	0.0702267	0.112152	1.98725e-19	0.000533203	
0.229273	0.0108206	0.167378	0.0771398	0.013356	0.00486783	0.0005276	0.0290995	0.0305437	0.000178723	4.66195e-05	0.0480343	0.00158706	0.00224237	0.000292478	0.172939	0.110978	0.0818637	5.03892e-05	0.0187812	
0.260891	0.00438965	0.0620005	0.0626198	0.000709566	0.0595125	9.14916e-06	0.020125	0.00800432	0.00663088	0.0152015	0.0490621	0.0157585	6.88665e-05	0.0230528	0.135745	0.202427	0.07379	9.03373e-07	4.90311e-07	
0.00340618	0.00670421	0.0459383	0.0445588	7.52931e-20	0.0229022	0.0243412	0.0120423	0.264808	1.84593e-05	5.54396e-05	0.320866	8.69028e-05	0.0135199	0.0525136	0.119328	0.0578799	1.25403e-05	1.09512e-13	0.0110176	
0.0355749	0.106063	3.24725e-05	7.2893e-08	0.149202	0.0114845	0.0179703	0.0310467	0.0336792	0.0841805	0.0247552	0.0294289	0.00639577	0.00718735	0.0508652	0.241461	0.0866229	0.0223741	8.58065e-14	0.0616751	
0.0714264	1.3382e-12	0.0339707	0.00532608	0.0141863	0.0602049	2.2556e-06	0.00256743	0.00781577	0.0228058	1.37281e-05	0.0400039	0.0580037	0.00314813	0.0213626	0.516764	0.141158	1.02382e-05	0.00122981	7.7895e-08	
0.0383872	9.54944e-07	1.84833e-05	0.000294988	7.05866e-07	6.95163e-06	0.00543581	0.017962	0.0163214	0.000692508	0.0205127	0.0491115	0.0028569	0.00230056	0.00040542	0.100232	0.742243	0.00318405	3.67681e-46	3.25025e-05	
7.22056e-05	6.46328e-05	0.000196548	0.00402719	3.11363e-08	0.000420946	0.000264177	5.09562e-10	0.329818	0.00348807	4.22355e-12	0.0110722	4.3131e-11	0.00156399	0.647492	6.7419e-07	8.08843e-05	0.00109733	0.000340489	2.66934e-07	
0.1069	0.000704751	0.0209054	0.0520672	0.00580278	0.543002	0.00642057	3.86891e-08	0.00893288	0.00667211	0.0135419	0.0389154	0.0139967	0.000918117	0.0333957	0.130061	0.0167603	0.00100344	5.77145e-10	3.19013e-13	
0.00408137	2.36847e-08	0.00286311	7.72572e-06	1.21389e-08	4.18511e-06	1.69873e-12	5.28875e-08	8.38569e-05	2.68741e-06	0.000293323	0.000126974	0.985559	0.0016671	0.00275424	0.00154082	0.000323854	0.000674302	2.08965e-26	1.70167e-05	
0.111274	0.0028665	2.77329e-05	0.0187392	0.0171985	0.0105819	1.43921e-06	0.183804	0.0127969	0.124667	0.0583896	0.000568686	0.0159329	0.00682264	0.0124718	0.0310024	0.0548331	0.328648	0.00283585	0.00653845	
0.347032	1.10875e-05	7.88332e-06	0.0276644	0.000327105	0.0177771	0.000533847	0.021022	0.012089	0.00773197	1.46817e-08	0.012786	0.0514265	0.00765467	0.00333462	0.108781	0.27765	0.103888	0.000283288	1.46813e-09	
0.0816304	0.0134956	0.131902	0.201004	0.00125723	0.327783	0.0130733	0.0153276	0.000806762	0.0173177	0.0134204	0.0268829	0.0128354	1.04707e-08	0.0668102	0.0359531	0.0232665	0.0168228	0.000408611	3.12378e-06	
0.0116739	1.44791e-14	0.0084255	0.0203204	0.013572	0.00220138	0.119881	0.00316095	0.0181845	0.0689541	0.0170208	0.0327597	0.0743026	0.494728	0.018019	0.0364188	0.043428	0.0111503	1.26868e-13	0.0057997	
0.0115787	0.00520462	1.71917e-06	0.000284557	0.00806145	0.0128317	0.0001847	0.00784488	8.281e-06	0.0012525	3.44205e-18	0.0153487	0.00159375	0.000164769	0.000658493	0.536361	0.394976	0.00364324	5.2047e-15	4.55509e-10	
0.0422521	6.47726e-09	0.00283985	0.00591509	0.000603218	1.03975e-05	3.9224e-05	0.0633344	0.00221546	0.116478	0.0179592	0.00262643	0.00628208	7.02519e-06	6.6585e-05	0.000224843	0.0119838	0.726339	7.47993e-07	0.000822736	
0.00726814	6.8235e-08	0.00477233	0.00890825	0.130301	0.00686639	0.0333446	0.0592223	0.0122808	0.4659	0.0436181	0.0173831	0.00728321	0.0223668	0.0204305	0.0471689	0.0120052	0.064728	0.00879608	0.0273564	
0.0334376	0.0088882	0.000534957	2.57205e-08	2.8642e-05	3.60267e-07	5.69805e-07	0.0565096	0.00128382	2.8506e-08	0.000196087	0.000196809	0.00389903	6.82282e-05	0.00479694	0.0388415	0.850963	2.62252e-06	0.000215673	0.000136612	
0.127453	0.00832544	0.00568592	4.14315e-07	0.0123778	0.0434147	0.00681324	0.0786895	0.00719379	0.0197833	0.00159898	0.0631144	0.0348945	0.00466632	0.000260562	0.224162	0.316182	0.044853	0.000531347	9.52883e-11	
0.0262898	0.00409606	0.283864	0.18516	0.00233259	0.0841569	0.0331976	0.00541834	0.057225	0.00142841	0.0091123	0.151773	0.00568438	0.0345934	0.0136723	0.0632761	0.0185297	0.0129041	8.07494e-27	0.00728611	
0.000741173	9.55118e-10	0.00590366	1.01854e-08	0.108325	0.00231325	0.209405	0.0249475	2.14426e-05	0.199614	1.06705e-07	0.00446179	0.364812	0.0166208	0.000191047	0.000452113	0.056663	2.46629e-06	1.684e-21	0.00552507	
0.0229125	0.0101728	0.0520931	0.0213355	7.0036e-05	0.0651399	0.0093326	0.0144444	0.0505581	0.00350283	0.00128174	0.276069	0.012884	0.0190037	0.0243568	0.300982	0.103512	0.0107492	1.14459e-06	0.00159916	
0.00312986	0.965013	0.00101378	0.000310132	0.00435853	0.000972733	7.07898e-07	0.00251665	0.000228924	0.00234261	0.000774982	0.000312602	6.37175e-08	0.000435221	0.000279355	0.0121475	0.00226491	0.000829064	1.81677e-05	0.00305081	
3.62811e-07	0.00409566	5.45768e-10	3.0533e-07	0.0219263	6.72972e-07	0.000454026	0.605732	5.02475e-05	0.0202004	0.246674	0.00122736	0.00358101	3.61293e-05	0.0069137	0.000707359	0.014454	0.0739462	8.71835e-11	9.02038e-08	
0.00538399	0.0031852	0.000115706	0.000857678	0.0896672	0.00209269	0.00198774	0.0564348	0.000261519	0.769509	0.0219905	0.000647303	0.00469357	2.22257e-06	1.08038e-05	0.00262127	0.00361509	0.0295315	0.00691936	0.000472573	
1.06817e-05	1.31719e-06	0.68434	0.0250716	2.67044e-07	0.0125259	0.000219562	0.00116322	0.000264208	1.86001e-05	8.38211e-15	0.269616	0.00147136	0.00110825	1.56485e-06	0.00409811	8.38609e-07	5.3989e-05	2.42252e-14	3.48304e-05	
8.68645e-06	2.21036e-07	0.00394	9.4817e-05	3.90772e-07	0.00283823	2.11996e-08	2.56676e-11	2.13072e-07	0.000579321	7.67254e-05	0.981548	4.60571e-07	2.75887e-05	1.25412e-05	0.0101353	9.90777e-06	5.4672e-09	3.31565e-15	0.000728082	
0.0209966	0.00195983	0.331676	0.084169	0.00567192	0.016711	0.0210204	0.0190033	0.036187	0.0331188	0.000544074	0.254989	6.36265e-05	0.0135814	0.00462367	0.061209	0.0327397	0.0263763	0.00178994	0.0335697	
0.0127051	0.0109957	3.8524e-06	0.000216145	3.71443e-06	0.0118241	0.000684039	7.39283e-06	6.29631e-05	2.50089e-05	0.00109933	0.000574787	1.37767e-07	0.00280388	0.00387555	0.928528	0.0258537	3.48645e-05	0.000702133	1.21913e-11	
5.83525e-05	0.00208964	0.0036337	0.0014619	0.000286098	7.0477e-05	0.936626	1.33362e-07	2.57796e-11	0.000768296	1.1798e-07	1.72359e-07	0.00310751	0.0204417	0.00391781	0.00464681	2.73314e-05	0.000688291	4.48285e-26	0.0221754	
0.034887	0.00013743	0.140504	0.130192	4.63241e-05	0.00843682	1.8657e-13	0.297584	0.00149462	0.00522353	0.0297197	0.000105378	0.000421512	4.61811e-05	8.93463e-07	0.00171815	0.0530951	0.295843	4.63144e-13	0.000545015	
0.000495134	2.5114e-05	5.30101e-07	0.00390404	0.0100375	1.25835e-09	2.00288e-08	0.17956	0.00760072	0.222331	0.493314	0.00452147	6.98772e-06	0.0067619	0.00563253	0.000792463	0.0217965	0.0393284	2.60941e-07	0.00389087	
0.0238152	1.09137e-05	0.000742829	9.51855e-06	0.00207791	0.00527117	0.000364943	0.127853	0.00268624	0.0104949	0.00233753	0.0019885	0.000205551	0.000644581	0.000933611	0.00016124	1.91178e-06	0.8204	1.48271e-07	1.69904e-07	
0.00150528	0.000244802	0.0471198	0.937747	0.00100904	0.000289606	2.04699e-06	7.09154e-05	0.000626446	2.39054e-06	0.000785282	4.63662e-07	7.67963e-08	0.00852128	0.000717143	0.00011018	9.62882e-06	2.0358e-05	7.77076e-23	0.00121799	
0.00772362	3.00393e-11	0.00230958	1.5473e-08	0.0290919	1.38148e-08	0.570608	0.000793545	3.69648e-05	0.00704727	0.000607738	0.0130388	0.000301739	0.0406774	0.00572887	0.00944545	0.00305526	0.000103378	9.95892e-07	0.309429	
0.0355154	8.56683e-05	0.142719	0.0707445	1.62792e-10	8.43863e-09	0.00509466	0.000943697	0.151286	0.00202083	0.00669131	0.262588	0.00615398	0.0657845	0.0212534	0.0919465	0.126471	0.00466803	2.15679e-55	0.00603404	
0.00096803	0.00107389	0.000436773	0.000611573	0.00729524	0.0033367	7.22435e-07	0.00014575	0.00053268	0.00658838	3.72752e-07	0.000539361	6.35465e-07	0.000181995	0.00098318	0.00196098	0.00144604	0.00180934	0.962401	0.0096874	
0.0171177	2.32223e-13	8.58742e-05	0.140772	0.000517779	0.364333	0.00228863	0.0408331	0.0444589	1.80048e-06	0.00468784	0.0636387	3.34301e-06	0.0199353	0.127727	0.0852703	0.05774	0.017073	0.0111246	0.00239175	
0.064202	0.0197985	0.00784072	0.000686552	7.77658e-10	0.0169278	7.98977e-06	0.0895593	0.00415481	0.000851369	0.0467991	0.280726	0.014308	0.00388738	0.00154534	0.0841836	0.357215	0.000186057	5.36526e-31	0.00712093	
0.208197	0.000112348	0.00118605	0.00217818	0.0671812	0.31349	0.0116803	0.046112	1.07248e-05	0.00569181	0.203959	0.0829628	1.92126e-06	5.95826e-05	0.0547302	0.000847241	0.0012444	0.000205033	0.000149766	2.21055e-22	
3.02119e-06	0.0487219	0.00111981	0.00101551	0.0491405	5.37386e-05	0.137941	0.0078173	0.0532686	0.214187	0.00927221	0.0737693	0.00251032	0.0858304	0.144723	0.0280568	0.000749199	0.0130798	3.3267e-16	0.12874	
0.000178466	5.52287e-13	0.00394693	0.000353413	0.0445101	0.000484955	4.15562e-06	0.208206	0.000332435	0.550694	0.0522855	0.000679819	0.000180352	0.0044768	0.000451994	0.0059197	2.24298e-07	0.12726	1.00045e-07	3.44935e-05	
0.000836355	4.74034e-06	0.963085	0.011578	0.000106092	0.00593882	4.41864e-05	7.90444e-09	0.000158897	2.93667e-05	1.33663e-11	0.0156088	4.76553e-09	5.00504e-05	1.0672e-06	0.0025557	3.53053e-11	2.54522e-06	2.2573e-11	1.30504e-22	
0.0278132	2.41533e-08	0.00301385	0.00266249	0.00196184	3.3722e-09	0.000406643	0.000345863	0.00121561	0.00856217	2.61745e-05	0.00308736	0.832002	0.0163604	0.00138358	0.0858748	0.0132313	3.66757e-06	6.11473e-13	0.0020486	
0.000748834	1.19362e-07	0.000960115	0.00117604	0.0745896	3.08766e-08	0.00733022	2.29745e-05	0.000860906	0.00402609	5.49056e-07	0.000716094	2.42247e-05	2.54999e-08	5.71547e-06	0.000786912	0.00279019	0.000186805	0.00172596	0.904049	
0.0165112	4.8872e-07	0.00468929	0.00660959	0.000307952	0.00132297	0.000171679	0.0290728	0.520218	0.0152938	0.018192	0.00812504	0.00568484	0.0166645	0.287746	0.0234717	0.0324504	0.0109752	2.97219e-11	0.00249248	
4.52498e-06	0.0021122	6.45285e-05	0.0003349	7.3307e-10	0.000306296	0.0044459	0.000111039	0.0121986	0.00219354	2.73314e-06	1.75424e-05	0.002977	0.0036489	0.957762	0.0065469	0.00175199	0.00265922	0.00285839	3.78625e-06	
0.0224669	7.62512e-06	0.0400297	0.645064	0.00115626	0.0122917	2.44493e-11	1.61649e-05	0.097502	0.000939696	0.000948446	0.00512019	0.00215095	0.121818	0.0247829	0.00125804	0.00398993	0.0204317	3.64413e-14	2.55875e-05	
0.177551	9.9698e-16	0.0529558	0.11091	0.000976129	0.0427589	0.00133281	0.0385335	0.0574235	0.0378377	0.00898525	0.0452802	0.0188323	0.052837	0.00524839	0.0587761	0.117861	0.170231	0.000129162	0.00154019	
0.0372578	0.0326706	9.20704e-06	0.00996276	0.0508497	0.0118768	0.0346066	0.0518165	0.0820537	0.0533524	0.0351655	0.0918563	0.000926304	0.0046562	0.0618018	0.3562	0.074279	3.87274e-08	0.0106592	7.20969e-10	
0.005522	2.04162e-05	2.53821e-07	0.0141122	0.00286517	0.000215245	0.00147723	0.341867	0.000149872	0.000702374	0.00825412	0.00128848	0.0097297	0.000866014	0.00134487	0.0572784	0.48947	0.0622287	0.00107798	0.00152968	
0.0136885	7.57768e-10	0.0139294	0.0481956	8.73364e-07	0.00220798	0.00758417	0.0155652	0.280525	0.0103955	0.000331385	0.00424339	0.00470545	0.269811	0.256918	0.0307689	0.0295175	3.56228e-07	3.89262e-06	0.0116089	
7.0435e-05	0.000618571	3.47683e-09	7.77614e-05	0.49067	1.79761e-06	0.00464863	0.04898	0.00115831	0.331406	0.0183119	3.98827e-06	1.29568e-06	0.00122111	0.00143637	7.2992e-05	0.000636802	0.043526	9.94861e-43	0.0571587	
0.456882	0.000940879	1.68849e-06	1.25224e-09	3.07518e-08	0.240378	0.0133729	0.0128628	0.00684933	0.0105382	0.0120583	0.00744057	0.00172196	3.23188e-07	0.00824938	0.0617211	0.0991636	0.0678187	1.7793e-07	1.80036e-08	
0.390773	0.00527432	1.47717e-08	0.00255696	0.00151713	0.0546534	0.00100483	0.0100623	0.000245617	0.000105614	2.49067e-15	0.00374635	0.00691065	0.00530181	0.000437389	0.358708	0.137637	0.0133809	2.76925e-09	0.00768407	
0.0512908	0.00459425	0.0267019	0.0396766	0.0202559	0.0104439	0.00689682	0.231679	0.0461727	0.105265	0.0613859	0.0539384	0.0138405	0.0118214	0.02788	0.0633064	0.0919853	0.129592	1.67839e-08	0.00327306	
0.160419	6.63476e-10	0.00933137	0.0187222	1.19954e-14	0.0208456	0.000188329	0.00571524	0.0105408	0.00395522	0.0385613	0.0132459	0.0303797	4.04194e-06	0.00682853	0.276161	0.40171	0.00333801	2.57268e-09	5.43119e-05	
0.193904	8.22696e-14	0.000525484	0.0265545	0.017141	0.133378	0.141603	8.39023e-07	0.0205682	0.130687	0.0221818	0.108377	0.00424868	0.0194938	8.91485e-06	0.126096	1.62061e-05	0.040143	4.83395e-05	0.0150254	
0.102138	0.289633	0.0101384	0.000777026	0.0290663	0.0471289	4.23616e-07	0.0191413	1.27936e-08	0.0207107	6.42852e-09	0.00384101	0.000328589	0.00107312	0.00683305	0.315425	0.046996	0.0970895	0.00274055	0.00693903	
0.00123136	2.62158e-07	0.00116962	6.05407e-09	0.0476601	0.000138526	0.000806344	3.13228e-12	0.00339095	0.816742	0.107588	3.24724e-06	2.65803e-08	0.00251373	0.00102156	0.016757	6.80574e-06	9.8389e-07	5.22762e-06	0.000964803	
0.0222013	2.04551e-08	0.0047803	0.000116504	0.484708	2.44741e-10	3.5665e-05	0.0995046	0.000125078	0.0768206	1.01074e-05	0.0205975	3.7143e-11	0.00507993	6.5153e-09	0.0424986	0.00637714	0.0273221	0.0213339	0.188488	
0.1048	0.0168658	0.028828	0.0194517	1.63659e-07	0.171861	0.0102885	0.0241032	0.0768221	0.000177309	0.00332553	0.132296	0.00218239	0.00883713	0.0861531	0.261617	0.0222417	0.0229005	0.00187172	0.00537727	
0.000266775	0.00999465	2.83247e-16	0.0010432	0.0155341	2.29579e-05	0.0374193	0.00838074	0.0186498	6.79676e-06	4.50589e-05	0.0170629	0.599833	0.0616955	0.0117808	0.174806	0.0432754	0.0001822	2.06181e-07	2.05957e-08	
0.139113	0.161644	0.0170424	4.92067e-05	4.11042e-06	3.35223e-09	0.0155667	0.000507811	0.00457063	0.00335985	0.000252342	0.0484166	0.0850599	0.00115003	0.00175474	0.435371	0.05328	0.0194807	0.0010859	0.0122913	
0.0469732	0.000536313	0.0245288	0.0724004	0.00341073	0.0269346	0.00321415	0.018833	0.308776	0.0288622	0.012153	0.074882	0.0312925	0.0526957	0.0929246	0.0790144	0.101168	0.0159325	0.00241818	0.00304991	
0.0209983	0.00770785	1.12393e-06	0.00399307	0.00616564	0.0016408	0.00573324	0.212466	0.137243	0.00874947	0.0404626	0.0194872	0.00016571	0.0179682	0.0520255	0.05395	0.349886	0.0567512	4.59852e-05	0.00455941	
0.0377728	0.0327349	0.00165294	0.00180311	0.0081929	0.118302	0.00266574	0.0101164	0.00726348	0.00149591	0.00148418	0.163933	2.0887e-11	0.003919	0.00799942	0.520666	0.0699111	0.00734716	2.18029e-17	0.00274068	
0.0939397	3.27402e-05	3.7237e-06	0.00077347	7.975e-06	0.0146584	0.0148522	0.00210795	0.0134408	0.0232105	6.78358e-05	0.019646	0.293906	0.0201058	9.18425e-07	0.36483	0.13499	0.00335127	1.515e-08	7.49593e-05	
0.102207	0.000101589	0.0198399	0.0233903	0.0193471	0.000254954	0.00304077	0.0245565	0.0178439	0.12388	0.0132831	0.0313854	0.0275761	0.0106036	0.000103563	0.410862	0.136956	0.0257046	0.000277099	0.00878675	
0.000112152	0.000135629	0.0393861	0.0123446	7.8437e-06	0.00355338	2.36636e-05	0.000722404	3.66496e-05	0.00332154	0.000568671	0.104424	0.00233619	0.00429816	0.135747	0.385195	0.301529	4.09473e-05	0.000104165	0.00611246	
0.0497456	0.00703032	0.0521428	0.0637175	3.20208e-05	0.0783169	0.115703	1.34535e-05	0.0492692	0.0403812	7.83849e-06	0.0245537	0.0979761	0.185677	0.137097	0.0747127	0.0144006	0.000419988	1.62967e-06	0.00880142	
0.0787367	3.41356e-10	5.64262e-09	7.51998e-06	0.000219064	0.0326295	0.00674544	0.272856	0.0139919	0.0751513	0.138876	0.00359515	0.104328	0.00476917	0.011279	1.65238e-05	0.137117	0.119624	1.44595e-09	5.76007e-05	
0.0118221	0.00647577	0.0160574	0.134699	0.00787239	0.00791582	0.073801	0.012974	0.144705	0.0369356	0.00334539	0.044853	0.0201744	0.319165	0.082163	0.0314122	0.0143206	0.0145444	0.0050206	0.0117429	
0.0294357	0.0196815	0.0538605	0.0227561	0.0185909	0.025539	0.236015	0.0200781	0.0709302	0.018316	0.00295062	0.120881	0.028835	0.100764	0.0539966	0.0613798	0.0141214	0.0122442	0.00188061	0.0877442	
0.0692668	0.0035539	1.96728e-10	0.00669426	0.0430469	0.00650585	0.000875371	0.0199902	0.0126248	0.125767	0.0101069	0.0039434	0.369298	0.0209566	0.011211	0.207577	0.0501166	0.0367408	3.32723e-33	0.00172433	
0.033633	3.62918e-12	0.0613475	0.00122833	4.28179e-05	3.02406e-05	0.0116522	0.0243233	0.594131	0.0807363	1.37609e-05	0.0198887	0.00100414	0.00133653	2.20994e-06	0.0255414	2.13649e-06	0.00392298	0.137688	0.00347494	
0.013572	0.000177763	0.155445	0.087508	0.000110567	0.562908	0.00375948	0.000981641	0.0286173	0.0120552	3.61911e-05	0.0797468	1.13032e-07	0.0140418	3.42857e-05	0.027135	0.000372866	0.0132189	2.16663e-12	0.000279247	
0.000514166	0.0342327	8.02527e-05	0.00745457	4.28099e-05	0.0343439	0.0754985	2.12325e-06	0.126984	0.00156324	0.0159359	0.0871276	0.012589	0.0917584	0.408659	0.0719356	0.0186275	0.000318358	0.000349043	0.0119834	
3.73468e-06	0.000548202	0.00379766	0.000222996	0.49487	0.000793137	0.0481704	0.00887625	0.00893309	0.024714	0.00026119	1.48105e-05	0.000368154	4.39399e-05	0.0032224	0.00900119	0.00213665	0.00167642	0.0146936	0.377652	
0.0275472	5.14196e-05	4.60729e-08	0.0450965	1.29032e-16	0.0164477	0.232596	0.00218311	0.0324146	7.63739e-09	0.00139705	0.0222783	0.00348588	0.538118	0.0147841	0.0408169	3.56657e-05	0.0137179	3.29127e-08	0.00902938	
2.13424e-07	0.0227233	1.21126e-09	0.0199977	0.00094613	0.558204	1.15077e-08	0.000996753	0.1662	0.000510277	2.09969e-06	0.0480955	0.0126848	3.09986e-10	0.0154227	0.00935682	0.13274	0.00174455	2.73084e-33	0.0103753	
0.631869	0.0122438	1.2884e-08	0.00215581	7.78859e-05	0.0070423	9.10629e-06	0.00733652	1.49352e-05	0.00342522	0.00494036	0.000323492	5.12151e-06	0.00121629	1.25199e-08	3.41524e-06	0.309192	0.0196212	1.24047e-06	0.000522459	
0.0808046	2.34761e-06	0.00224165	0.00963382	0.00133719	0.0394402	3.50604e-05	2.64421e-06	0.00117554	0.0214026	1.01876e-11	0.00024898	0.481211	0.0867471	0.00649182	0.189422	0.0715849	0.00820166	1.8332e-06	1.5322e-05	
0.730137	6.88878e-16	1.19039e-07	0.00125084	1.35703e-09	0.00450864	0.00618939	0.011588	3.03124e-05	0.00793281	0.000288774	2.6669e-06	2.65932e-05	3.21094e-05	0.00336459	0.0284222	0.0115122	0.194684	2.6416e-05	3.31388e-06	
0.0322533	0.000180182	0.0961078	0.353669	0.0153262	0.0174928	0.0139132	0.0323371	0.0997333	0.0384491	0.0124628	0.0294804	0.0231969	0.0515612	0.0268274	0.0480654	0.0439193	0.0614417	0.00146983	0.00211296	
0.0027127	0.00827542	1.58789e-05	0.0109569	0.00424046	0.851822	0.00421934	0.000149005	0.0170272	0.001919	1.25554e-05	0.0156825	1.41093e-08	0.00802804	0.0121559	0.0405708	0.00394794	0.0182617	2.05388e-07	2.31277e-06	
0.593154	0.0492338	0.00209706	0.0263272	0.00702866	0.10258	0.00106419	0.0461186	0.00151946	0.0575255	0.00202701	0.000593538	0.000374239	0.000153561	0.00192535	0.0236267	0.000393401	0.0818156	4.95097e-23	0.0024422	
0.0180832	0.00342543	0.00658541	0.00525872	3.27244e-06	3.50078e-06	0.00623069	0.360571	0.0405735	0.0540886	0.0501975	0.0372585	0.00759139	0.00216817	0.00152207	0.00774044	0.111466	0.281497	0.000152376	0.00558364	
0.0510658	0.00179693	2.63154e-05	0.00261767	0.000836064	0.000662979	4.39904e-10	0.0544015	0.0965378	0.00149096	0.00609773	0.0970628	0.0642242	0.00591556	0.0229362	0.225042	0.335856	0.0334301	1.87071e-08	2.83005e-09	
0.0118071	6.20027e-07	8.38637e-06	0.155297	1.71731e-07	0.14086	0.00104326	3.19556e-08	0.0257176	0.0623626	7.77787e-05	0.00139179	0.0692755	0.118869	0.364795	0.0383724	0.00879212	0.00132823	4.35171e-25	6.51575e-19	
0.00803261	7.42719e-08	0.00836246	0.299127	0.00154942	0.00412858	0.00111796	0.0192029	0.24785	1.19128e-11	0.0365602	0.0106105	2.74098e-05	0.279254	0.0369063	0.0440313	0.00261198	0.000111753	1.58716e-09	0.000515082	
0.0314391	0.0107052	0.0854216	0.0443053	0.013136	0.0388071	0.0191253	0.097539	0.0365991	0.0307071	0.0158144	0.20479	4.62756e-09	0.0188564	0.0233421	0.172027	0.101726	0.0272702	0.0057777	0.022611	
0.16118	1.06506e-07	3.27244e-05	0.00931353	0.00621119	0.0205399	1.26297e-05	0.0725415	0.0333234	0.0540961	0.0478421	0.0173055	0.00455113	0.00902278	0.0141572	0.135068	0.341527	0.0730899	2.82512e-22	0.000186242	
0.0330548	0.000547449	0.00274911	0.00523282	0.13399	0.000179889	0.000469473	0.344562	0.00753944	0.11131	0.00385631	2.69386e-06	0.00263688	0.00487749	0.0013577	0.00942109	0.0185049	0.272384	0.000594227	0.0467296	
0.000368201	0.482855	0.00257664	4.25056e-07	0.0305726	0.0531272	0.0186115	0.00351295	2.72653e-11	0.000917668	8.02771e-09	0.019429	2.72632e-06	0.00808065	0.0484214	0.192588	0.000503655	3.33506e-05	0.00653047	0.131869	
2.41219e-07	1.77013e-05	0.0584153	0.0208568	6.97367e-11	0.0026548	0.382568	2.54726e-10	0.0124243	4.37196e-05	0.000559983	0.197771	0.0408621	0.0907774	0.000603611	0.0636556	0.00188666	0.00675695	0.000289469	0.119856	
0.00193945	5.39305e-10	0.000186835	0.167291	0.521599	0.169628	0.00360659	3.6234e-05	0.0265753	0.0792453	1.14005e-06	0.0135316	0.00166564	1.04582e-05	0.00390671	0.00295468	0.000225259	0.00758093	1.4502e-10	1.59931e-05	
5.17941e-05	1.10282e-13	2.00832e-10	2.89484e-08	0.00259157	1.66678e-06	0.0744194	0.0271933	0.206512	2.89517e-06	4.73302e-08	0.375453	0.00794249	0.0863919	0.000842597	0.056387	0.112192	0.00695476	0.00520515	0.0378587	
0.0147426	0.0160435	7.03643e-08	0.00430809	0.0434356	0.00319086	0.00158503	0.0569822	0.063603	0.383789	0.00562261	0.00643897	6.6399e-05	0.171057	2.30723e-06	0.0955606	0.0333376	0.100082	5.5016e-09	0.000151865	
0.00312545	1.42561e-06	0.0192362	0.0210826	2.5313e-08	0.00354035	0.762316	2.61244e-06	0.00528396	1.14217e-06	6.96627e-05	0.0630512	0.00957012	0.00293388	0.00117676	0.0296173	0.0542369	3.09097e-07	1.90255e-08	0.0247542	
0.00598084	0.0127583	4.62627e-05	0.000104701	1.08741e-05	0.00048106	0.0517142	0.175583	0.047892	0.0838948	0.00988016	0.356024	0.00638567	0.000347908	3.26416e-06	0.104152	0.118255	0.0262434	2.1746e-06	0.000240545	
0.0148482	1.21911e-06	0.00238799	0.0217406	0.0106717	0.000222024	0.0341157	2.16279e-08	0.060936	0.0595961	0.00302278	0.00301663	0.393612	0.093822	0.0880416	0.192321	0.0188735	0.000988322	0.000560707	0.00122178	
0.00157774	8.01181e-07	0.000938378	0.010559	0.0299193	5.17901e-06	0.00776423	0.710759	0.0488853	0.0974032	0.005246	0.0158755	1.51739e-12	0.00271307	0.00673704	0.00193069	0.00103677	0.0586479	2.37353e-11	6.8474e-07	
0.000208146	0.183534	0.000308548	7.27244e-05	1.99363e-05	0.00295385	0.121531	0.0673881	0.00167333	0.0961718	0.0094829	0.0694827	0.0198338	0.162103	0.0926517	0.017522	0.0190375	0.068275	2.02544e-23	0.0677489	
0.0413561	0.0146613	0.0559616	0.377213	0.00239059	0.0612906	7.4102e-05	3.51505e-05	0.223892	0.0136227	3.34876e-07	8.05686e-07	0.00616388	0.0718849	0.0250358	0.0379666	0.0678299	0.000621125	1.4811e-27	6.0183e-12	
0.0753344	6.81618e-09	0.000188238	8.96952e-05	0.0257691	0.00641375	2.14777e-05	0.281773	0.00717971	5.42411e-05	0.000296555	5.02757e-05	1.33587e-05	1.20287e-08	0.000142713	0.0228174	0.0819503	0.497114	1.02471e-10	0.00079178	
0.0116669	0.00635928	0.00652319	2.94376e-08	5.60096e-22	1.58805e-06	5.43301e-11	2.95308e-11	0.0135715	0.143162	0.212757	5.61472e-06	0.0058841	1.03737e-07	0.00450429	0.016364	0.00513458	0.574065	1.26405e-06	2.15905e-10	
0.0331972	1.02399e-05	0.00494889	5.65617e-06	0.0110057	0.257903	5.31879e-10	0.152232	4.92925e-06	0.166447	0.0801924	0.000160025	0.00149376	0.020354	0.0321736	0.00638607	0.00890579	0.220453	1.37308e-09	0.00412806	
4.0874e-06	0.000916661	0.454481	0.00406679	0.00597401	3.42533e-05	2.28262e-09	0.106983	0.0138086	0.0306039	0.00462242	0.00378997	0.322494	0.0104205	2.4361e-05	0.00686425	0.00664979	0.00105574	1.21283e-06	0.0272053	
1.15785e-12	1.57483e-18	0.0031141	0.0306168	0.0012821	0.000358646	0.53187	0.000108305	0.0149673	0.0173533	8.19021e-10	0.0058455	0.0255271	0.112045	0.137145	0.000554386	0.00572249	0.000227702	2.23425e-06	0.11326	
0.000236446	0.0321528	0.0323376	0.0309943	0.102563	0.0192918	0.0159884	0.000260197	0.100408	0.0583462	3.77779e-07	0.0135967	0.156674	0.00099023	5.91951e-05	0.392994	0.0405807	0.00252515	4.90152e-32	2.97379e-12	
0.00861984	4.25838e-06	0.00114923	9.16608e-06	5.13655e-06	0.0133135	0.0270821	0.00862163	0.00600885	0.0231413	0.0059075	2.70292e-07	0.848823	0.000475751	0.0077456	0.0281496	0.0109083	0.00967603	1.11551e-25	0.00035931	
0.179583	0.0288903	0.00194629	0.000620768	0.00750076	0.00648679	3.11347e-14	3.58181e-07	9.30916e-06	0.0322806	0.00176648	0.00361151	0.00301471	0.000165588	0.000279557	0.665769	0.0674617	0.000286472	7.48148e-07	0.000325447	
0.149483	0.000149103	0.00180983	0.0426385	4.92633e-05	0.146818	0.00166855	0.00423779	0.0179389	0.00913687	0.00309506	7.49388e-06	0.213578	4.0092e-07	0.0120663	0.202763	0.157933	0.00141746	3.46153e-10	0.0352093	
0.0155196	0.0125063	0.0116103	4.21075e-07	0.000403637	0.0159905	0.100421	0.0184293	0.0367646	0.00411286	0.00104838	0.421358	5.89925e-06	0.0374773	0.0442826	0.234103	0.0323793	2.54918e-05	9.15148e-21	0.013561	
1.7932e-05	1.58947e-06	4.32587e-05	0.0388648	0.00106126	0.00237402	0.077988	0.0843342	0.000368728	0.00496572	8.37831e-05	0.0236801	0.000132803	0.289029	0.0243996	0.0961194	0.354475	0.000293649	0.00149938	0.000267573	
0.00326704	3.4999e-11	0.42843	0.55337	0.000594572	0.00426186	0.000950346	0.000982425	0.000341696	0.00046706	5.35606e-08	0.00510697	4.39014e-13	0.000407375	1.02133e-05	0.00141518	1.40094e-05	0.000117691	2.58068e-08	0.000263737	
0.0113777	7.00872e-11	0.00411675	0.285721	0.000111495	0.259421	4.94645e-06	0.00432639	0.160887	0.014163	0.0288679	0.0555235	4.08179e-05	0.0920726	0.00483437	0.0515626	0.0100387	0.0165355	1.81353e-09	0.000394962	
0.0384605	6.00395e-16	0.000598024	0.0144174	8.98128e-09	2.31699e-08	0.00208662	0.0186364	0.00227946	0.205833	2.23384e-05	0.00286741	0.609508	0.0222084	0.00794272	0.0211461	0.0375292	0.0157673	1.77361e-13	0.000697231	
0.287918	0.000116324	0.000188502	0.00604796	0.147647	0.00603439	1.56824e-05	0.00124515	0.0262423	0.306386	1.2554e-07	0.0105936	1.45598e-13	0.000141132	0.0290531	0.024814	0.0136948	0.109972	8.18496e-15	0.0298902	
0.00356877	3.51715e-15	0.00296685	0.0152271	0.188391	0.0803373	0.0579331	0.000117363	0.0110552	0.000107857	0.00507187	2.34127e-05	8.72471e-09	0.0433359	0.0636043	0.0355697	0.018796	1.55743e-08	0.00737305	0.466521	
0.162413	0.0080727	3.01232e-09	5.77267e-08	0.00116428	4.76646e-08	0.0215241	3.69479e-05	0.0211222	0.00263874	3.71211e-06	0.0485289	0.00208905	0.0061555	3.96931e-06	0.307239	0.402434	0.0118077	2.95926e-67	0.00476584	
0.00992946	8.51146e-06	0.00381998	0.0291024	0.000108655	0.00754067	0.0150502	0.043621	0.135773	0.152502	2.53128e-05	9.73652e-06	0.000198095	0.0798647	0.421657	0.0128695	0.0300464	0.0576772	0.000193168	3.46773e-06	
0.00020401	6.93192e-10	0.00507936	0.0534652	0.000163822	0.0344369	0.00938098	0.0033639	0.0284195	0.261535	3.57973e-06	0.00258756	0.135207	0.417632	6.15356e-06	0.0138634	0.00856553	3.04215e-05	0.0260554	2.75763e-07	
0.0113849	0.000489187	0.000198381	0.0292763	0.0103361	0.0651885	0.0700228	1.46619e-06	0.000137793	0.00383419	0.22795	0.00439696	0.00017495	2.41894e-06	0.0576171	0.0191482	0.0299165	0.0382339	0.4222	0.00949077	
0.309831	5.45055e-06	0.00353105	3.52933e-05	0.0650007	0.185902	0.0009154	0.013056	0.132966	8.27636e-05	3.44993e-09	2.06987e-07	1.03e-07	0.000136351	0.0556637	0.0796243	0.000143315	0.06485	0.0881676	8.96033e-05	
0.14541	2.46415e-06	0.0322796	0.0878443	0.0374044	2.25921e-05	0.0397316	0.000875742	0.00202539	0.103305	0.02303	0.0384716	9.26882e-08	0.000283638	0.000670121	0.352789	0.0677914	0.0680252	5.45396e-13	3.74319e-05	
0.0269782	4.79574e-05	0.158736	0.360979	7.27522e-09	0.00754925	0.0163879	0.00207831	0.0742527	0.0209084	0.00616667	0.0490177	6.4508e-05	0.230015	0.000803536	0.013239	0.0227462	0.00862247	1.92391e-11	0.0014068	
0.0323364	1.82081e-09	0.00929437	3.28269e-07	0.0048256	0.0155105	0.0120457	1.86077e-12	3.36313e-07	0.0037425	2.1804e-08	0.443251	1.14312e-05	0.0112551	0.00250743	0.350454	0.11452	0.000244441	1.50485e-29	7.12439e-07	
8.86184e-05	2.41746e-07	0.348215	0.00472862	0.000125432	0.00225129	0.187082	0.0266883	4.41643e-06	0.012675	2.58893e-09	0.00227923	0.0393102	3.4968e-05	0.0248	0.00373689	0.323405	0.0245682	1.48508e-32	6.50031e-06	
0.00370167	0.0578202	0.00355573	0.0637248	0.141549	0.0383186	0.000686619	3.89487e-06	0.00731195	0.0213697	1.05069e-08	0.102306	0.0380566	3.94904e-05	0.0579842	0.105885	0.00219533	0.0190401	0.0311784	0.305272	
0.000100144	1.03734e-06	1.9141e-08	0.00516321	0.00256954	0.00374869	0.00345729	0.121407	6.63464e-05	0.0200292	0.0618496	0.0276988	0.017789	0.00315481	0.000155065	0.00105771	0.728669	7.9996e-05	0.00254672	0.000457084	
0.0172162	7.2365e-06	0.0551642	0.0355739	0.000392743	0.045962	0.0306617	2.45286e-06	0.121114	4.85537e-05	5.96803e-09	0.365848	0.0306153	0.0208922	0.220144	0.0304815	0.0191874	0.00663835	4.98304e-05	4.24902e-13	
0.439192	8.462e-06	1.0769e-05	0.000663399	0.00696123	8.54973e-05	0.0012192	4.9837e-06	1.02564e-05	0.0733757	9.78678e-16	0.000499014	0.261166	0.000405951	2.70055e-07	0.0202488	0.180458	0.0136388	1.08318e-37	0.00205108	
0.116343	4.07109e-06	0.0469677	0.262622	0.00696969	0.169968	2.06786e-05	2.39703e-05	0.118203	0.00575723	6.42945e-08	0.017042	4.24614e-05	0.0279465	0.212084	7.15576e-09	0.000461301	0.0153656	5.16546e-15	0.000178419	
0.038421	0.000175136	0.0442693	0.0269108	2.74161e-08	0.422902	0.0001155	0.00366872	0.00135957	0.0150202	3.57932e-05	0.396685	1.57892e-07	0.00114145	1.96796e-06	0.0135947	0.024839	6.9924e-05	4.61866e-41	0.0107891	
8.11048e-05	0.00672365	0.000835067	1.66381e-06	0.0341319	0.0023266	0.0145806	0.00331346	0.00423621	0.54446	5.43931e-07	0.0779247	0.300401	0.00140515	3.68379e-07	0.00907444	1.36702e-05	0.000486103	2.61128e-13	3.52994e-06	
9.0733e-06	0.0163936	0.00516907	0.00474591	0.00582087	0.0715735	0.0641403	0.0489152	0.000206026	0.0178146	0.00306527	0.0119036	0.00296465	0.00626694	0.155872	0.000178253	0.00630796	0.578566	5.15274e-05	3.58028e-05	
0.000131094	0.00574218	6.66806e-06	0.00504443	0.0169893	4.4757e-08	4.93622e-05	0.130079	0.00137895	0.125574	0.0455623	0.0111238	0.0370312	0.00933337	0.000344034	0.487043	0.0956377	2.43889e-06	0.000383165	0.0285433	
0.0118172	2.42364e-06	0.0295642	0.0223442	1.46453e-05	0.000264099	0.442603	0.000419515	1.67094e-07	0.0394472	0.000779583	0.154432	0.00556715	0.219029	0.0436545	0.00783421	0.0117674	4.36731e-06	1.10957e-11	0.0104559	
0.000103837	0.0058921	2.85912e-12	7.82076e-06	0.00215705	0.0783693	0.216009	0.0840979	0.0367827	0.199603	0.0658706	0.0040674	0.00234248	0.105278	0.00246791	7.51214e-06	0.0133929	0.0148654	4.68597e-39	0.168686	
0.000451726	0.0074046	6.6335e-05	0.0217904	0.000506487	0.0551093	0.000309398	2.92147e-07	0.0499645	0.000580263	0.0524756	6.38432e-07	2.40445e-07	1.14357e-13	0.240343	0.010764	0.511224	0.00842887	5.75049e-75	0.0405805	
0.0910706	1.42826e-08	2.12412e-10	0.00256778	0.000467219	0.000294956	6.09571e-08	0.0137562	0.389532	0.027645	0.000116121	0.107723	0.00496468	0.0828139	0.158669	0.0490994	0.0700676	0.00067072	1.34982e-10	0.000540905	
0.0456619	0.000329419	1.20031e-10	0.0265274	0.0105088	0.0954773	0.001443	0.10949	0.00379659	0.0278655	3.06446e-05	0.0122598	0.0298403	0.00965841	0.522541	0.0428596	0.00114491	0.0558851	1.28078e-10	0.00468046	
