
maxdiff     : 0.0977927
meandiff    : 0.00407999

