37
Allox_ar   0.0000000 0.1926850 0.2173289 0.2054636 0.1938194 0.1745638 0.1778729 0.1855834 0.1707210 0.1537252 0.2050739 0.3068016 0.1867842 0.1894867 0.2071390 0.3604668 0.2148041 0.1874055 0.1727624 0.1830301 0.2414429 0.2347473 0.2477280 0.1406566 0.1896941 0.1946614 0.1203127 0.1923810 0.1852063 0.1913001 0.1924378 0.1882486 0.1944187 0.1908164 0.5405857 0.5132108 0.6168098 
Andr_cur   0.1926850 0.0000000 0.0640090 0.0627560 0.0412533 0.1036597 0.1063733 0.0521681 0.0475935 0.1801931 0.0921442 0.2979072 0.1059428 0.1088679 0.1967653 0.3546465 0.2445532 0.1176401 0.0978285 0.1131147 0.2682394 0.2671853 0.2775074 0.1490899 0.1703486 0.1191595 0.1683966 0.1247478 0.0944134 0.1166050 0.1227081 0.1194887 0.1261877 0.1228335 0.5493587 0.5170321 0.6261961 
Andr_gro   0.2173289 0.0640090 0.0000000 0.0794497 0.0654734 0.1275586 0.1299054 0.0624040 0.0553450 0.1996163 0.1155815 0.3162367 0.1269177 0.1287339 0.2165838 0.3906552 0.2752152 0.1375823 0.1131663 0.1326571 0.2984005 0.2960514 0.3099991 0.1743001 0.1980344 0.1380119 0.1967775 0.1540933 0.1162178 0.1382356 0.1455060 0.1422093 0.1491359 0.1454484 0.5864993 0.5608447 0.6660343 
Andr_qln   0.2054636 0.0627560 0.0794497 0.0000000 0.0738393 0.1174180 0.1211420 0.0498207 0.0469157 0.1939126 0.1109890 0.3088211 0.1190793 0.1239487 0.2076562 0.3756123 0.2517046 0.1289423 0.1064649 0.1259092 0.2796316 0.2762440 0.2871966 0.1619737 0.1816133 0.1333658 0.1846129 0.1380055 0.1054781 0.1303807 0.1334642 0.1297040 0.1366899 0.1332333 0.5689330 0.5404739 0.6453901 
Andr_qrm   0.1938194 0.0412533 0.0654734 0.0738393 0.0000000 0.1086774 0.1105386 0.0485962 0.0443480 0.1878791 0.0984294 0.2988020 0.1126671 0.1129736 0.2027624 0.3631011 0.2510387 0.1221475 0.1023201 0.1180335 0.2692041 0.2718668 0.2785968 0.1568065 0.1779570 0.1268443 0.1693217 0.1338795 0.1029000 0.1222015 0.1296352 0.1252015 0.1329040 0.1285108 0.5585365 0.5162878 0.6235692 
Aula_tav   0.1745638 0.1036597 0.1275586 0.1174180 0.1086774 0.0000000 0.0423907 0.1028608 0.0946002 0.1591885 0.1204017 0.2696598 0.1015918 0.1019918 0.1756583 0.3347573 0.2225043 0.0518702 0.0866442 0.0389242 0.2498987 0.2461231 0.2577635 0.1300393 0.1540817 0.1085230 0.1521952 0.1027096 0.0988050 0.1040901 0.1084056 0.1056522 0.1113004 0.1082491 0.5176774 0.4909501 0.5961554 
Aylax_hy   0.1778729 0.1063733 0.1299054 0.1211420 0.1105386 0.0423907 0.0000000 0.1052061 0.0949012 0.1647931 0.1216229 0.2770079 0.1043999 0.1045801 0.1799081 0.3379421 0.2238056 0.0521497 0.0898632 0.0489887 0.2516631 0.2496692 0.2628151 0.1347341 0.1560472 0.1100943 0.1553680 0.1028976 0.1008620 0.1051111 0.1113629 0.1080199 0.1138363 0.1112233 0.5226740 0.4965007 0.5956065 
Beloc_tr   0.1855834 0.0521681 0.0624040 0.0498207 0.0485962 0.1028608 0.1052061 0.0000000 0.0369527 0.1736541 0.0955213 0.2734610 0.1041126 0.1060033 0.1879181 0.3438881 0.2343209 0.1147986 0.0943913 0.1101942 0.2581541 0.2584627 0.2680588 0.1445236 0.1677118 0.1159631 0.1632907 0.1250793 0.0916040 0.1143598 0.1179270 0.1150372 0.1218348 0.1181353 0.5283733 0.5028529 0.6011643 
Bior_pal   0.1707210 0.0475935 0.0553450 0.0469157 0.0443480 0.0946002 0.0949012 0.0369527 0.0000000 0.1542638 0.0882304 0.2566956 0.0935190 0.0973375 0.1712712 0.2962526 0.1912461 0.1080022 0.0893061 0.0986715 0.2308512 0.2342899 0.2349078 0.1329203 0.1545621 0.0976177 0.1539678 0.1166438 0.0865618 0.1063930 0.1091731 0.1047734 0.1113924 0.1082931 0.4708189 0.4660891 0.5614629 
Callas_no  0.1537252 0.1801931 0.1996163 0.1939126 0.1878791 0.1591885 0.1647931 0.1736541 0.1542638 0.0000000 0.1888305 0.2848413 0.1746833 0.1797661 0.1949104 0.3736879 0.2040251 0.1734643 0.1612485 0.1664906 0.2370091 0.2325458 0.2492697 0.1197666 0.1695609 0.1836647 0.1292028 0.1843788 0.1730738 0.1770957 0.1811098 0.1775637 0.1819566 0.1793658 0.5611540 0.5156852 0.6377203 
Calli_sp   0.2050739 0.0921442 0.1155815 0.1109890 0.0984294 0.1204017 0.1216229 0.0955213 0.0882304 0.1888305 0.0000000 0.2967087 0.1204294 0.1216353 0.2054587 0.3756890 0.2565174 0.1321762 0.1042084 0.1268397 0.2795833 0.2824708 0.2889559 0.1664869 0.1833860 0.1317065 0.1801278 0.1397583 0.1054760 0.1288254 0.1355477 0.1348195 0.1411962 0.1377072 0.5594570 0.5322276 0.6375553 
Cecin_ib   0.3068016 0.2979072 0.3162367 0.3088211 0.2988020 0.2696598 0.2770079 0.2734610 0.2566956 0.2848413 0.2967087 0.0000000 0.2832288 0.2898394 0.2859724 0.4638411 0.3667261 0.2860756 0.2649260 0.2799704 0.3731915 0.3611135 0.3722858 0.2630773 0.2689273 0.2945549 0.2811529 0.2896287 0.2873786 0.2937934 0.2938460 0.2871490 0.2947463 0.2938002 0.5933676 0.5582789 0.6660472 
Cerop_ma   0.1867842 0.1059428 0.1269177 0.1190793 0.1126671 0.1015918 0.1043999 0.1041126 0.0935190 0.1746833 0.1204294 0.2832288 0.0000000 0.1029001 0.1907310 0.3571265 0.2405020 0.1148223 0.0901416 0.1073517 0.2656756 0.2614789 0.2737162 0.1468725 0.1656280 0.1116636 0.1673284 0.1237080 0.0941614 0.1143619 0.1162879 0.1140218 0.1201623 0.1172307 0.5460601 0.5148687 0.6194986 
Diast_ki   0.1894867 0.1088679 0.1287339 0.1239487 0.1129736 0.1019918 0.1045801 0.1060033 0.0973375 0.1797661 0.1216353 0.2898394 0.1029001 0.0000000 0.1932841 0.3554971 0.2362133 0.1146530 0.0944640 0.1100900 0.2667528 0.2643990 0.2790471 0.1475914 0.1693499 0.0652222 0.1672713 0.1222580 0.0999612 0.1136465 0.1195112 0.1155416 0.1216768 0.1191876 0.5387374 0.5200375 0.6192052 
Dipl_spi   0.2071390 0.1967653 0.2165838 0.2076562 0.2027624 0.1756583 0.1799081 0.1879181 0.1712712 0.1949104 0.2054587 0.2859724 0.1907310 0.1932841 0.0000000 0.3688478 0.2532712 0.1876396 0.1790526 0.1798573 0.2763767 0.2743806 0.2844953 0.1603760 0.1496991 0.1993211 0.1820723 0.1949857 0.1901893 0.1928287 0.1951695 0.1914699 0.1970059 0.1948071 0.5377005 0.5117305 0.6143915 
Escha_ac   0.3604668 0.3546465 0.3906552 0.3756123 0.3631011 0.3347573 0.3379421 0.3438881 0.2962526 0.3736879 0.3756890 0.4638411 0.3571265 0.3554971 0.3688478 0.0000000 0.3937548 0.3461943 0.3473115 0.3420745 0.4166125 0.4217389 0.4312032 0.3306757 0.3598164 0.3659120 0.3465188 0.3513863 0.3563980 0.3491719 0.3530199 0.3524178 0.3561605 0.3543508 0.6516189 0.6532503 0.7304780 
Gana_sp1   0.2148041 0.2445532 0.2752152 0.2517046 0.2510387 0.2225043 0.2238056 0.2343209 0.1912461 0.2040251 0.2565174 0.3667261 0.2405020 0.2362133 0.2532712 0.3937548 0.0000000 0.2380109 0.2170684 0.2311091 0.1827754 0.1812339 0.1945936 0.1914599 0.2364136 0.2537831 0.1931980 0.2497526 0.2373520 0.2409333 0.2457434 0.2374987 0.2453765 0.2433461 0.5918456 0.5488438 0.6685514 
Hedic_le   0.1874055 0.1176401 0.1375823 0.1289423 0.1221475 0.0518702 0.0521497 0.1147986 0.1080022 0.1734643 0.1321762 0.2860756 0.1148223 0.1146530 0.1876396 0.3461943 0.2380109 0.0000000 0.0936041 0.0590609 0.2629487 0.2597417 0.2713089 0.1444117 0.1653092 0.1221135 0.1649531 0.1139089 0.1114709 0.1139522 0.1212743 0.1168684 0.1241768 0.1211285 0.5337179 0.5068722 0.6132985 
Irae_his   0.1727624 0.0978285 0.1131663 0.1064649 0.1023201 0.0866442 0.0898632 0.0943913 0.0893061 0.1612485 0.1042084 0.2649260 0.0901416 0.0944640 0.1790526 0.3473115 0.2170684 0.0936041 0.0000000 0.0932003 0.2511956 0.2467618 0.2554016 0.1318342 0.1560659 0.0882901 0.1525681 0.1092079 0.0875834 0.0994467 0.1066617 0.1042767 0.1091544 0.1064709 0.5200320 0.4868030 0.5983476 
Isoc_cen   0.1830301 0.1131147 0.1326571 0.1259092 0.1180335 0.0389242 0.0489887 0.1101942 0.0986715 0.1664906 0.1268397 0.2799704 0.1073517 0.1100900 0.1798573 0.3420745 0.2311091 0.0590609 0.0932003 0.0000000 0.2548035 0.2515425 0.2619859 0.1396967 0.1610695 0.1141499 0.1606506 0.1115900 0.1069995 0.1108448 0.1161412 0.1136534 0.1187587 0.1167902 0.5223846 0.4944678 0.5969247 
Lepto_bo   0.2414429 0.2682394 0.2984005 0.2796316 0.2692041 0.2498987 0.2516631 0.2581541 0.2308512 0.2370091 0.2795833 0.3731915 0.2656756 0.2667528 0.2763767 0.4166125 0.1827754 0.2629487 0.2511956 0.2548035 0.0000000 0.1126395 0.1271580 0.2205492 0.2602232 0.2721416 0.2212986 0.2685451 0.2653075 0.2663749 0.2688288 0.2630912 0.2698696 0.2660971 0.5832248 0.5584291 0.6535119 
Lepto_cl   0.2347473 0.2671853 0.2960514 0.2762440 0.2718668 0.2461231 0.2496692 0.2584627 0.2342899 0.2325458 0.2824708 0.3611135 0.2614789 0.2643990 0.2743806 0.4217389 0.1812339 0.2597417 0.2467618 0.2515425 0.1126395 0.0000000 0.0967247 0.2173816 0.2625867 0.2700808 0.2168518 0.2625660 0.2622547 0.2625314 0.2646059 0.2591267 0.2660713 0.2615409 0.5875270 0.5655486 0.6625122 
Lepto_he   0.2477280 0.2775074 0.3099991 0.2871966 0.2785968 0.2577635 0.2628151 0.2680588 0.2349078 0.2492697 0.2889559 0.3722858 0.2737162 0.2790471 0.2844953 0.4312032 0.1945936 0.2713089 0.2554016 0.2619859 0.1271580 0.0967247 0.0000000 0.2314698 0.2741145 0.2809736 0.2267005 0.2687379 0.2743479 0.2722778 0.2744807 0.2706984 0.2753509 0.2718680 0.5866869 0.5622979 0.6609677 
Parn_nig   0.1406566 0.1490899 0.1743001 0.1619737 0.1568065 0.1300393 0.1347341 0.1445236 0.1329203 0.1197666 0.1664869 0.2630773 0.1468725 0.1475914 0.1603760 0.3306757 0.1914599 0.1444117 0.1318342 0.1396967 0.2205492 0.2173816 0.2314698 0.0000000 0.1417369 0.1540996 0.1143859 0.1535951 0.1424845 0.1479603 0.1523892 0.1493029 0.1552077 0.1519850 0.5082060 0.4793111 0.5746640 
Pedia_ac   0.1896941 0.1703486 0.1980344 0.1816133 0.1779570 0.1540817 0.1560472 0.1677118 0.1545621 0.1695609 0.1833860 0.2689273 0.1656280 0.1693499 0.1496991 0.3598164 0.2364136 0.1653092 0.1560659 0.1610695 0.2602232 0.2625867 0.2741145 0.1417369 0.0000000 0.1747342 0.1640062 0.1700402 0.1621641 0.1701002 0.1736190 0.1708419 0.1765030 0.1741758 0.5329577 0.5014585 0.6127511 
Peric_JH   0.1946614 0.1191595 0.1380119 0.1333658 0.1268443 0.1085230 0.1100943 0.1159631 0.0976177 0.1836647 0.1317065 0.2945549 0.1116636 0.0652222 0.1993211 0.3659120 0.2537831 0.1221135 0.0882901 0.1141499 0.2721416 0.2700808 0.2809736 0.1540996 0.1747342 0.0000000 0.1726861 0.1298480 0.1134586 0.1230960 0.1275672 0.1235113 0.1306718 0.1267719 0.5453229 0.5210449 0.6317158 
Phaen_vi   0.1203127 0.1683966 0.1967775 0.1846129 0.1693217 0.1521952 0.1553680 0.1632907 0.1539678 0.1292028 0.1801278 0.2811529 0.1673284 0.1672713 0.1820723 0.3465188 0.1931980 0.1649531 0.1525681 0.1606506 0.2212986 0.2168518 0.2267005 0.1143859 0.1640062 0.1726861 0.0000000 0.1718619 0.1644829 0.1683815 0.1708424 0.1676346 0.1742193 0.1700745 0.5167043 0.4851553 0.5787046 
Phana_JH   0.1923810 0.1247478 0.1540933 0.1380055 0.1338795 0.1027096 0.1028976 0.1250793 0.1166438 0.1843788 0.1397583 0.2896287 0.1237080 0.1222580 0.1949857 0.3513863 0.2497526 0.1139089 0.1092079 0.1115900 0.2685451 0.2625660 0.2687379 0.1535951 0.1700402 0.1298480 0.1718619 0.0000000 0.1173806 0.1238086 0.1303210 0.1260271 0.1330874 0.1309021 0.5264570 0.5120451 0.5871341 
Prot_spe   0.1852063 0.0944134 0.1162178 0.1054781 0.1029000 0.0988050 0.1008620 0.0916040 0.0865618 0.1730738 0.1054760 0.2873786 0.0941614 0.0999612 0.1901893 0.3563980 0.2373520 0.1114709 0.0875834 0.1069995 0.2653075 0.2622547 0.2743479 0.1424845 0.1621641 0.1134586 0.1644829 0.1173806 0.0000000 0.1106933 0.1154942 0.1108523 0.1159307 0.1143980 0.5455909 0.5295312 0.6219815 
Qwaq_sco   0.1913001 0.1166050 0.1382356 0.1303807 0.1222015 0.1040901 0.1051111 0.1143598 0.1063930 0.1770957 0.1288254 0.2937934 0.1143619 0.1136465 0.1928287 0.3491719 0.2409333 0.1139522 0.0994467 0.1108448 0.2663749 0.2625314 0.2722778 0.1479603 0.1701002 0.1230960 0.1683815 0.1238086 0.1106933 0.0000000 0.1183350 0.1157013 0.1210526 0.1188615 0.5473299 0.5211534 0.6266322 
Syne_gif   0.1924378 0.1227081 0.1455060 0.1334642 0.1296352 0.1084056 0.1113629 0.1179270 0.1091731 0.1811098 0.1355477 0.2938460 0.1162879 0.1195112 0.1951695 0.3530199 0.2457434 0.1212743 0.1066617 0.1161412 0.2688288 0.2646059 0.2744807 0.1523892 0.1736190 0.1275672 0.1708424 0.1303210 0.1154942 0.1183350 0.0000000 0.0284421 0.0301333 0.0282150 0.5388506 0.5154453 0.6127279 
Syne_ito   0.1882486 0.1194887 0.1422093 0.1297040 0.1252015 0.1056522 0.1080199 0.1150372 0.1047734 0.1775637 0.1348195 0.2871490 0.1140218 0.1155416 0.1914699 0.3524178 0.2374987 0.1168684 0.1042767 0.1136534 0.2630912 0.2591267 0.2706984 0.1493029 0.1708419 0.1235113 0.1676346 0.1260271 0.1108523 0.1157013 0.0284421 0.0000000 0.0347355 0.0325452 0.5350636 0.5083377 0.6064596 
Syne_jap   0.1944187 0.1261877 0.1491359 0.1366899 0.1329040 0.1113004 0.1138363 0.1218348 0.1113924 0.1819566 0.1411962 0.2947463 0.1201623 0.1216768 0.1970059 0.3561605 0.2453765 0.1241768 0.1091544 0.1187587 0.2698696 0.2660713 0.2753509 0.1552077 0.1765030 0.1306718 0.1742193 0.1330874 0.1159307 0.1210526 0.0301333 0.0347355 0.0000000 0.0133732 0.5381907 0.5135792 0.6123939 
Syne_umb   0.1908164 0.1228335 0.1454484 0.1332333 0.1285108 0.1082491 0.1112233 0.1181353 0.1082931 0.1793658 0.1377072 0.2938002 0.1172307 0.1191876 0.1948071 0.3543508 0.2433461 0.1211285 0.1064709 0.1167902 0.2660971 0.2615409 0.2718680 0.1519850 0.1741758 0.1267719 0.1700745 0.1309021 0.1143980 0.1188615 0.0282150 0.0325452 0.0133732 0.0000000 0.5383658 0.5131578 0.6110067 
Nasoniav   0.5405857 0.5493587 0.5864993 0.5689330 0.5585365 0.5176774 0.5226740 0.5283733 0.4708189 0.5611540 0.5594570 0.5933676 0.5460601 0.5387374 0.5377005 0.6516189 0.5918456 0.5337179 0.5200320 0.5223846 0.5832248 0.5875270 0.5866869 0.5082060 0.5329577 0.5453229 0.5167043 0.5264570 0.5455909 0.5473299 0.5388506 0.5350636 0.5381907 0.5383658 0.0000000 0.6035533 0.7017166 
Orussusa   0.5132108 0.5170321 0.5608447 0.5404739 0.5162878 0.4909501 0.4965007 0.5028529 0.4660891 0.5156852 0.5322276 0.5582789 0.5148687 0.5200375 0.5117305 0.6532503 0.5488438 0.5068722 0.4868030 0.4944678 0.5584291 0.5655486 0.5622979 0.4793111 0.5014585 0.5210449 0.4851553 0.5120451 0.5295312 0.5211534 0.5154453 0.5083377 0.5135792 0.5131578 0.6035533 0.0000000 0.6305875 
Micropld   0.6168098 0.6261961 0.6660343 0.6453901 0.6235692 0.5961554 0.5956065 0.6011643 0.5614629 0.6377203 0.6375553 0.6660472 0.6194986 0.6192052 0.6143915 0.7304780 0.6685514 0.6132985 0.5983476 0.5969247 0.6535119 0.6625122 0.6609677 0.5746640 0.6127511 0.6317158 0.5787046 0.5871341 0.6219815 0.6266322 0.6127279 0.6064596 0.6123939 0.6110067 0.7017166 0.6305875 0.0000000 
