37
Allox_ar   0.0000000 0.1773079 0.1769230 0.1899640 0.1778791 0.1701984 0.1771245 0.1883648 0.1469958 0.1418790 0.1895026 0.3023651 0.1799412 0.1855610 0.1997776 0.3014831 0.2067827 0.1812376 0.1653678 0.1767773 0.2308245 0.2295442 0.2319838 0.1394759 0.1730184 0.1945979 0.1128539 0.1972229 0.1935783 0.1828362 0.1890260 0.1812991 0.1844070 0.1850151 0.4120946 0.3979751 0.4125210 
Andr_cur   0.1773079 0.0000000 0.0276611 0.0361015 0.0164368 0.0933839 0.0911392 0.0343785 0.0343593 0.1547063 0.0652754 0.2682751 0.0788384 0.0892827 0.1768490 0.2755170 0.2185341 0.0962962 0.0830147 0.0988605 0.2341850 0.2351624 0.2309668 0.1325492 0.1508498 0.0977239 0.1559044 0.1053406 0.0739087 0.1004731 0.1013097 0.0970334 0.1008905 0.1000096 0.3860903 0.3693255 0.3929031 
Andr_gro   0.1769230 0.0276611 0.0000000 0.0438676 0.0319153 0.0930771 0.1002285 0.0434471 0.0330558 0.1622567 0.0749526 0.2846135 0.0888392 0.0979244 0.1831058 0.2905604 0.2272060 0.1051261 0.0818000 0.0982831 0.2476644 0.2492881 0.2473566 0.1431746 0.1616928 0.1044289 0.1558278 0.1160483 0.0841087 0.1028381 0.1105275 0.1057269 0.1100752 0.1089101 0.3999487 0.3858925 0.4068578 
Andr_qln   0.1899640 0.0361015 0.0438676 0.0000000 0.0390312 0.1057344 0.1032876 0.0344740 0.0368897 0.1696786 0.0781754 0.2865911 0.0930867 0.1024886 0.1877245 0.2905823 0.2294380 0.1076768 0.0963713 0.1115490 0.2470726 0.2483352 0.2454396 0.1431206 0.1631041 0.1121517 0.1691306 0.1215598 0.0877398 0.1141501 0.1146190 0.1095227 0.1136581 0.1130924 0.4041386 0.3880031 0.4085789 
Andr_qrm   0.1778791 0.0164368 0.0319153 0.0390312 0.0000000 0.0959872 0.0931711 0.0377870 0.0400057 0.1590699 0.0682184 0.2690685 0.0834025 0.0931359 0.1821207 0.2703592 0.2165291 0.0979556 0.0875549 0.1010178 0.2357796 0.2361110 0.2296679 0.1359861 0.1548795 0.1054461 0.1589879 0.1108062 0.0794659 0.1044098 0.1057171 0.1009983 0.1050931 0.1038371 0.3809410 0.3630466 0.3864359 
Aula_tav   0.1701984 0.0933839 0.0930771 0.1057344 0.0959872 0.0000000 0.0464611 0.1043234 0.0806230 0.1506279 0.1064508 0.2761490 0.0960151 0.1027113 0.1719672 0.2793891 0.2123140 0.0507949 0.0849897 0.0368672 0.2363710 0.2399109 0.2339552 0.1316909 0.1501493 0.1082094 0.1485485 0.1055308 0.1038132 0.0983290 0.1053227 0.1005541 0.1051394 0.1048178 0.3848951 0.3710813 0.3970071 
Aylax_hy   0.1771245 0.0911392 0.1002285 0.1032876 0.0931711 0.0464611 0.0000000 0.1017962 0.0906043 0.1535514 0.1043643 0.2718688 0.0949814 0.0991914 0.1756897 0.2722723 0.2128170 0.0488820 0.0933478 0.0505059 0.2330800 0.2353339 0.2315906 0.1299019 0.1471404 0.1086966 0.1564991 0.1013608 0.0991361 0.1030662 0.1039893 0.0989371 0.1028095 0.1026608 0.3793102 0.3693048 0.3904877 
Beloc_tr   0.1883648 0.0343785 0.0434471 0.0344740 0.0377870 0.1043234 0.1017962 0.0000000 0.0372156 0.1687014 0.0760623 0.2801709 0.0928894 0.0994313 0.1865586 0.2836827 0.2281975 0.1067665 0.0967209 0.1106313 0.2418313 0.2457040 0.2411188 0.1422463 0.1607398 0.1095916 0.1667701 0.1199953 0.0887736 0.1126205 0.1121822 0.1066656 0.1104806 0.1103417 0.3865336 0.3769902 0.3961778 
Bior_pal   0.1469958 0.0343593 0.0330558 0.0368897 0.0400057 0.0806230 0.0906043 0.0372156 0.0000000 0.1342320 0.0747037 0.2342093 0.0807427 0.0928076 0.1505770 0.2672638 0.1835110 0.0918837 0.0769673 0.0827575 0.2017151 0.2117071 0.2112785 0.1243941 0.1389526 0.0921450 0.1297106 0.1064623 0.0884855 0.0870507 0.0960846 0.0934994 0.0950128 0.0936052 0.3341518 0.3336859 0.3502878 
Callas_no  0.1418790 0.1547063 0.1622567 0.1696786 0.1590699 0.1506279 0.1535514 0.1687014 0.1342320 0.0000000 0.1696606 0.2742178 0.1562972 0.1656865 0.1816816 0.2917658 0.1918648 0.1564729 0.1528174 0.1565028 0.2171671 0.2169188 0.2177055 0.1110775 0.1522414 0.1710115 0.1191206 0.1709597 0.1702945 0.1661883 0.1673807 0.1592661 0.1641425 0.1651020 0.4010861 0.3780591 0.3988074 
Calli_sp   0.1895026 0.0652754 0.0749526 0.0781754 0.0682184 0.1064508 0.1043643 0.0760623 0.0747037 0.1696606 0.0000000 0.2852810 0.0948634 0.1022848 0.1898804 0.2807979 0.2210703 0.1095700 0.0979378 0.1130942 0.2420408 0.2468219 0.2411172 0.1452612 0.1619753 0.1115676 0.1688809 0.1209709 0.0914220 0.1130112 0.1146293 0.1103604 0.1133468 0.1126861 0.3881476 0.3758316 0.3934037 
Cecin_ib   0.3023651 0.2682751 0.2846135 0.2865911 0.2690685 0.2761490 0.2718688 0.2801709 0.2342093 0.2742178 0.2852810 0.0000000 0.2733326 0.2819632 0.2911598 0.3785260 0.3652305 0.2766293 0.2661212 0.2770053 0.3336257 0.3474879 0.3397486 0.2577856 0.2502114 0.2919584 0.2763986 0.2939758 0.2975412 0.2941143 0.2823954 0.2769092 0.2825508 0.2817956 0.4289776 0.4098812 0.4535805 
Cerop_ma   0.1799412 0.0788384 0.0888392 0.0930867 0.0834025 0.0960151 0.0949814 0.0928894 0.0807427 0.1562972 0.0948634 0.2733326 0.0000000 0.0934269 0.1790851 0.2784359 0.2218315 0.1003976 0.0839846 0.1032930 0.2372328 0.2386425 0.2352319 0.1323026 0.1520990 0.1016719 0.1589843 0.1108055 0.0841328 0.1049998 0.1023340 0.0966062 0.1017430 0.1010549 0.3856290 0.3669273 0.3927324 
Diast_ki   0.1855610 0.0892827 0.0979244 0.1024886 0.0931359 0.1027113 0.0991914 0.0994313 0.0928076 0.1656865 0.1022848 0.2819632 0.0934269 0.0000000 0.1891327 0.2852990 0.2217210 0.1056059 0.0913033 0.1074241 0.2427402 0.2464664 0.2459198 0.1388720 0.1591998 0.0692268 0.1672229 0.1171873 0.0943255 0.1087909 0.1122146 0.1073247 0.1110441 0.1104682 0.3897973 0.3834925 0.3910492 
Dipl_spi   0.1997776 0.1768490 0.1831058 0.1877245 0.1821207 0.1719672 0.1756897 0.1865586 0.1505770 0.1816816 0.1898804 0.2911598 0.1790851 0.1891327 0.0000000 0.2976660 0.2427450 0.1782723 0.1755697 0.1767052 0.2547473 0.2619340 0.2590972 0.1563939 0.1440049 0.1888449 0.1740487 0.1940130 0.1969804 0.1842608 0.1907206 0.1848471 0.1904011 0.1907226 0.3991634 0.3867076 0.4060185 
Escha_ac   0.3014831 0.2755170 0.2905604 0.2905823 0.2703592 0.2793891 0.2722723 0.2836827 0.2672638 0.2917658 0.2807979 0.3785260 0.2784359 0.2852990 0.2976660 0.0000000 0.2986698 0.2766815 0.2841724 0.2804829 0.3228211 0.3341238 0.3336526 0.2590079 0.2775491 0.2987904 0.2792980 0.2764394 0.2925636 0.2899696 0.2895756 0.2785552 0.2839841 0.2877596 0.4453154 0.4541977 0.4497501 
Gana_sp1   0.2067827 0.2185341 0.2272060 0.2294380 0.2165291 0.2123140 0.2128170 0.2281975 0.1835110 0.1918648 0.2210703 0.3652305 0.2218315 0.2217210 0.2427450 0.2986698 0.0000000 0.2192860 0.2082295 0.2138385 0.1712882 0.1806784 0.1706413 0.1842693 0.2170825 0.2430267 0.1905670 0.2384905 0.2343671 0.2260895 0.2378352 0.2234257 0.2302001 0.2363848 0.4615526 0.4063818 0.4488653 
Hedic_le   0.1812376 0.0962962 0.1051261 0.1076768 0.0979556 0.0507949 0.0488820 0.1067665 0.0918837 0.1564729 0.1095700 0.2766293 0.1003976 0.1056059 0.1782723 0.2766815 0.2192860 0.0000000 0.0966300 0.0566783 0.2347527 0.2397305 0.2369047 0.1332192 0.1513223 0.1126788 0.1592796 0.1065970 0.1060231 0.1078075 0.1081052 0.1035507 0.1085470 0.1076966 0.3885763 0.3722833 0.3948325 
Irae_his   0.1653678 0.0830147 0.0818000 0.0963713 0.0875549 0.0849897 0.0933478 0.0967209 0.0769673 0.1528174 0.0979378 0.2661212 0.0839846 0.0913033 0.1755697 0.2841724 0.2082295 0.0966300 0.0000000 0.0890480 0.2371994 0.2399971 0.2381568 0.1331163 0.1544061 0.0942951 0.1431011 0.1105708 0.0902800 0.0972274 0.1040337 0.0984231 0.1043461 0.1030705 0.3890319 0.3803165 0.3835441 
Isoc_cen   0.1767773 0.0988605 0.0982831 0.1115490 0.1010178 0.0368672 0.0505059 0.1106313 0.0827575 0.1565028 0.1130942 0.2770053 0.1032930 0.1074241 0.1767052 0.2804829 0.2138385 0.0566783 0.0890480 0.0000000 0.2376494 0.2411659 0.2360381 0.1368487 0.1558035 0.1149110 0.1549016 0.1110203 0.1108446 0.1021923 0.1107868 0.1081608 0.1114012 0.1112722 0.3916712 0.3766594 0.4009781 
Lepto_bo   0.2308245 0.2341850 0.2476644 0.2470726 0.2357796 0.2363710 0.2330800 0.2418313 0.2017151 0.2171671 0.2420408 0.3336257 0.2372328 0.2427402 0.2547473 0.3228211 0.1712882 0.2347527 0.2371994 0.2376494 0.0000000 0.0949671 0.1045718 0.2003492 0.2288489 0.2505526 0.2132510 0.2469316 0.2517967 0.2478394 0.2475968 0.2357970 0.2430093 0.2429265 0.4297393 0.4129448 0.4293547 
Lepto_cl   0.2295442 0.2351624 0.2492881 0.2483352 0.2361110 0.2399109 0.2353339 0.2457040 0.2117071 0.2169188 0.2468219 0.3474879 0.2386425 0.2464664 0.2619340 0.3341238 0.1806784 0.2397305 0.2399971 0.2411659 0.0949671 0.0000000 0.0755483 0.2028050 0.2351885 0.2583618 0.2098828 0.2502125 0.2526734 0.2492349 0.2489081 0.2384084 0.2450892 0.2456672 0.4421822 0.4247823 0.4353702 
Lepto_he   0.2319838 0.2309668 0.2473566 0.2454396 0.2296679 0.2339552 0.2315906 0.2411188 0.2112785 0.2177055 0.2411172 0.3397486 0.2352319 0.2459198 0.2590972 0.3336526 0.1706413 0.2369047 0.2381568 0.2360381 0.1045718 0.0755483 0.0000000 0.1992705 0.2343740 0.2523651 0.2107822 0.2452261 0.2517776 0.2469343 0.2455309 0.2351820 0.2418807 0.2424880 0.4244400 0.4121554 0.4223006 
Parn_nig   0.1394759 0.1325492 0.1431746 0.1431206 0.1359861 0.1316909 0.1299019 0.1422463 0.1243941 0.1110775 0.1452612 0.2577856 0.1323026 0.1388720 0.1563939 0.2590079 0.1842693 0.1332192 0.1331163 0.1368487 0.2003492 0.2028050 0.1992705 0.0000000 0.1266629 0.1507705 0.1160702 0.1469218 0.1436362 0.1437244 0.1448431 0.1392920 0.1434071 0.1436200 0.3706499 0.3561076 0.3791632 
Pedia_ac   0.1730184 0.1508498 0.1616928 0.1631041 0.1548795 0.1501493 0.1471404 0.1607398 0.1389526 0.1522414 0.1619753 0.2502114 0.1520990 0.1591998 0.1440049 0.2775491 0.2170825 0.1513223 0.1544061 0.1558035 0.2288489 0.2351885 0.2343740 0.1266629 0.0000000 0.1693169 0.1490969 0.1669659 0.1643594 0.1622100 0.1625742 0.1570057 0.1617964 0.1609202 0.3748774 0.3571752 0.3830732 
Peric_JH   0.1945979 0.0977239 0.1044289 0.1121517 0.1054461 0.1082094 0.1086966 0.1095916 0.0921450 0.1710115 0.1115676 0.2919584 0.1016719 0.0692268 0.1888449 0.2987904 0.2430267 0.1126788 0.0942951 0.1149110 0.2505526 0.2583618 0.2523651 0.1507705 0.1693169 0.0000000 0.1709168 0.1288711 0.1075637 0.1172739 0.1191294 0.1143021 0.1180726 0.1167918 0.4062339 0.3919483 0.4162253 
Phaen_vi   0.1128539 0.1559044 0.1558278 0.1691306 0.1589879 0.1485485 0.1564991 0.1667701 0.1297106 0.1191206 0.1688809 0.2763986 0.1589843 0.1672229 0.1740487 0.2792980 0.1905670 0.1592796 0.1431011 0.1549016 0.2132510 0.2098828 0.2107822 0.1160702 0.1490969 0.1709168 0.0000000 0.1753776 0.1719722 0.1608446 0.1650813 0.1613697 0.1643642 0.1644700 0.3831980 0.3805998 0.3856244 
Phana_JH   0.1972229 0.1053406 0.1160483 0.1215598 0.1108062 0.1055308 0.1013608 0.1199953 0.1064623 0.1709597 0.1209709 0.2939758 0.1108055 0.1171873 0.1940130 0.2764394 0.2384905 0.1065970 0.1105708 0.1110203 0.2469316 0.2502125 0.2452261 0.1469218 0.1669659 0.1288711 0.1753776 0.0000000 0.1141308 0.1164195 0.1196629 0.1146811 0.1216966 0.1222839 0.3886042 0.3929378 0.4048050 
Prot_spe   0.1935783 0.0739087 0.0841087 0.0877398 0.0794659 0.1038132 0.0991361 0.0887736 0.0884855 0.1702945 0.0914220 0.2975412 0.0841328 0.0943255 0.1969804 0.2925636 0.2343671 0.1060231 0.0902800 0.1108446 0.2517967 0.2526734 0.2517776 0.1436362 0.1643594 0.1075637 0.1719722 0.1141308 0.0000000 0.1107392 0.1134419 0.1072699 0.1124124 0.1116397 0.4066050 0.3924070 0.4104990 
Qwaq_sco   0.1828362 0.1004731 0.1028381 0.1141501 0.1044098 0.0983290 0.1030662 0.1126205 0.0870507 0.1661883 0.1130112 0.2941143 0.1049998 0.1087909 0.1842608 0.2899696 0.2260895 0.1078075 0.0972274 0.1021923 0.2478394 0.2492349 0.2469343 0.1437244 0.1622100 0.1172739 0.1608446 0.1164195 0.1107392 0.0000000 0.1141037 0.1093251 0.1138421 0.1136573 0.4063311 0.3874772 0.4089613 
Syne_gif   0.1890260 0.1013097 0.1105275 0.1146190 0.1057171 0.1053227 0.1039893 0.1121822 0.0960846 0.1673807 0.1146293 0.2823954 0.1023340 0.1122146 0.1907206 0.2895756 0.2378352 0.1081052 0.1040337 0.1107868 0.2475968 0.2489081 0.2455309 0.1448431 0.1625742 0.1191294 0.1650813 0.1196629 0.1134419 0.1141037 0.0000000 0.0263419 0.0258721 0.0255114 0.3935278 0.3790925 0.4021925 
Syne_ito   0.1812991 0.0970334 0.1057269 0.1095227 0.1009983 0.1005541 0.0989371 0.1066656 0.0934994 0.1592661 0.1103604 0.2769092 0.0966062 0.1073247 0.1848471 0.2785552 0.2234257 0.1035507 0.0984231 0.1081608 0.2357970 0.2384084 0.2351820 0.1392920 0.1570057 0.1143021 0.1613697 0.1146811 0.1072699 0.1093251 0.0263419 0.0000000 0.0291095 0.0287756 0.3772887 0.3685113 0.3873099 
Syne_jap   0.1844070 0.1008905 0.1100752 0.1136581 0.1050931 0.1051394 0.1028095 0.1104806 0.0950128 0.1641425 0.1133468 0.2825508 0.1017430 0.1110441 0.1904011 0.2839841 0.2302001 0.1085470 0.1043461 0.1114012 0.2430093 0.2450892 0.2418807 0.1434071 0.1617964 0.1180726 0.1643642 0.1216966 0.1124124 0.1138421 0.0258721 0.0291095 0.0000000 0.0088982 0.3870170 0.3731688 0.3925188 
Syne_umb   0.1850151 0.1000096 0.1089101 0.1130924 0.1038371 0.1048178 0.1026608 0.1103417 0.0936052 0.1651020 0.1126861 0.2817956 0.1010549 0.1104682 0.1907226 0.2877596 0.2363848 0.1076966 0.1030705 0.1112722 0.2429265 0.2456672 0.2424880 0.1436200 0.1609202 0.1167918 0.1644700 0.1222839 0.1116397 0.1136573 0.0255114 0.0287756 0.0088982 0.0000000 0.3915255 0.3773459 0.3964901 
Nasoniav   0.4120946 0.3860903 0.3999487 0.4041386 0.3809410 0.3848951 0.3793102 0.3865336 0.3341518 0.4010861 0.3881476 0.4289776 0.3856290 0.3897973 0.3991634 0.4453154 0.4615526 0.3885763 0.3890319 0.3916712 0.4297393 0.4421822 0.4244400 0.3706499 0.3748774 0.4062339 0.3831980 0.3886042 0.4066050 0.4063311 0.3935278 0.3772887 0.3870170 0.3915255 0.0000000 0.3897176 0.4169217 
Orussusa   0.3979751 0.3693255 0.3858925 0.3880031 0.3630466 0.3710813 0.3693048 0.3769902 0.3336859 0.3780591 0.3758316 0.4098812 0.3669273 0.3834925 0.3867076 0.4541977 0.4063818 0.3722833 0.3803165 0.3766594 0.4129448 0.4247823 0.4121554 0.3561076 0.3571752 0.3919483 0.3805998 0.3929378 0.3924070 0.3874772 0.3790925 0.3685113 0.3731688 0.3773459 0.3897176 0.0000000 0.3705056 
Micropld   0.4125210 0.3929031 0.4068578 0.4085789 0.3864359 0.3970071 0.3904877 0.3961778 0.3502878 0.3988074 0.3934037 0.4535805 0.3927324 0.3910492 0.4060185 0.4497501 0.4488653 0.3948325 0.3835441 0.4009781 0.4293547 0.4353702 0.4223006 0.3791632 0.3830732 0.4162253 0.3856244 0.4048050 0.4104990 0.4089613 0.4021925 0.3873099 0.3925188 0.3964901 0.4169217 0.3705056 0.0000000 
