37
Allox_ar   0.0000000 0.1702993 0.1765105 0.1829446 0.1741938 0.1723802 0.1685080 0.1814907 0.1910541 0.1643504 0.1794968 0.2802249 0.1763365 0.1753374 0.2082682 0.3340876 0.1995075 0.1798317 0.1786421 0.1770234 0.2357161 0.2291156 0.2458213 0.1462804 0.1835774 0.1790290 0.1224701 0.1906389 0.1924763 0.1840410 0.1849228 0.1874857 0.1851535 0.1906063 0.5860032 0.5042353 0.6134513 
Andr_cur   0.1702993 0.0000000 0.0346267 0.0513220 0.0305369 0.0990417 0.0963358 0.0519865 0.0639410 0.1704042 0.0737008 0.2579775 0.0919112 0.0927164 0.1861265 0.3139930 0.2004976 0.1093011 0.0986579 0.1055133 0.2369098 0.2314111 0.2469101 0.1439989 0.1508719 0.0950616 0.1464882 0.1160184 0.0926181 0.1086161 0.1103468 0.1135839 0.1113316 0.1173134 0.5729214 0.4880035 0.5945316 
Andr_gro   0.1765105 0.0346267 0.0000000 0.0582872 0.0428049 0.1050542 0.1037321 0.0574037 0.0711494 0.1780055 0.0790591 0.2629737 0.0958299 0.0971606 0.1900036 0.3201526 0.2070646 0.1153230 0.1016386 0.1101796 0.2424904 0.2389128 0.2565334 0.1499689 0.1583187 0.0997914 0.1524192 0.1222273 0.0982763 0.1155740 0.1178235 0.1203732 0.1183973 0.1248079 0.5839456 0.4965146 0.6096609 
Andr_qln   0.1829446 0.0513220 0.0582872 0.0000000 0.0558851 0.1095889 0.1095669 0.0487160 0.0640654 0.1843555 0.0884532 0.2680612 0.1063348 0.1066510 0.1963973 0.3253268 0.2099765 0.1218040 0.1096281 0.1174161 0.2470925 0.2427386 0.2567930 0.1543139 0.1657555 0.1098022 0.1581027 0.1289114 0.1122619 0.1200021 0.1243130 0.1264870 0.1251286 0.1306049 0.5808449 0.5000572 0.6093682 
Andr_qrm   0.1741938 0.0305369 0.0428049 0.0558851 0.0000000 0.1027968 0.1003674 0.0554588 0.0543702 0.1731657 0.0786466 0.2481393 0.0962022 0.0962033 0.1917288 0.3019327 0.2029442 0.1134450 0.0905565 0.1088951 0.2379357 0.2222930 0.2488296 0.1479714 0.1456927 0.0998914 0.1490899 0.1091317 0.0965287 0.1124836 0.1152514 0.1185002 0.1159972 0.1217553 0.5747335 0.4866931 0.6001769 
Aula_tav   0.1723802 0.0990417 0.1050542 0.1095889 0.1027968 0.0000000 0.0394596 0.0988764 0.1197249 0.1556321 0.1070010 0.2579041 0.1045891 0.1029775 0.1668913 0.3072646 0.1910723 0.0504239 0.1059651 0.0365717 0.2186654 0.2283938 0.2307263 0.1251402 0.1521905 0.1026101 0.1476159 0.1075832 0.1226411 0.0961259 0.1034178 0.1009481 0.1128041 0.1051888 0.5470057 0.4666468 0.5738096 
Aylax_hy   0.1685080 0.0963358 0.1037321 0.1095669 0.1003674 0.0394596 0.0000000 0.1015595 0.1192254 0.1565431 0.1061169 0.2553623 0.1011794 0.1003578 0.1699194 0.3034686 0.1898406 0.0510471 0.1031874 0.0454809 0.2198663 0.2275364 0.2325781 0.1274215 0.1492585 0.1014454 0.1442014 0.1054647 0.1132234 0.0966576 0.1034368 0.1017253 0.1092343 0.1061245 0.5484654 0.4676835 0.5757737 
Beloc_tr   0.1814907 0.0519865 0.0574037 0.0487160 0.0554588 0.0988764 0.1015595 0.0000000 0.0643987 0.1697060 0.0892022 0.2696295 0.1082932 0.1074701 0.1824352 0.3244303 0.2004324 0.1098254 0.1130407 0.1060379 0.2333282 0.2417216 0.2444650 0.1412446 0.1651976 0.1108829 0.1575979 0.1290630 0.1144092 0.1084078 0.1177987 0.1145431 0.1264388 0.1186812 0.5662203 0.4758755 0.5783165 
Bior_pal   0.1910541 0.0639410 0.0711494 0.0640654 0.0543702 0.1197249 0.1192254 0.0643987 0.0000000 0.1964080 0.0973131 0.2550476 0.1133245 0.1130165 0.1966704 0.2916417 0.2066997 0.1340365 0.0960543 0.1234313 0.2431913 0.2214860 0.2580650 0.1646716 0.1569517 0.1220187 0.1558729 0.1093718 0.1138060 0.1306359 0.1308274 0.1339276 0.1308291 0.1382566 0.5802424 0.4850123 0.5847750 
Callas_no  0.1643504 0.1704042 0.1780055 0.1843555 0.1731657 0.1556321 0.1565431 0.1697060 0.1964080 0.0000000 0.1798046 0.2804790 0.1740782 0.1737916 0.1911825 0.3419507 0.1902631 0.1631181 0.1846984 0.1597016 0.2162680 0.2229359 0.2270343 0.1293421 0.1787967 0.1786078 0.1389176 0.1888826 0.1993376 0.1683279 0.1723585 0.1692481 0.1813479 0.1736625 0.5888129 0.4957618 0.6058519 
Calli_sp   0.1794968 0.0737008 0.0790591 0.0884532 0.0786466 0.1070010 0.1061169 0.0892022 0.0973131 0.1798046 0.0000000 0.2625018 0.1010501 0.1012777 0.1905248 0.3218960 0.2065943 0.1169899 0.1064713 0.1142504 0.2440820 0.2410587 0.2560359 0.1524937 0.1610108 0.1059748 0.1538548 0.1259168 0.1069104 0.1166333 0.1209536 0.1236606 0.1221959 0.1280720 0.5798533 0.4955061 0.6074652 
Cecin_ib   0.2802249 0.2579775 0.2629737 0.2680612 0.2481393 0.2579041 0.2553623 0.2696295 0.2550476 0.2804790 0.2625018 0.0000000 0.2610783 0.2586287 0.2816447 0.4008272 0.2944755 0.2661832 0.2514292 0.2601885 0.3283878 0.3137398 0.3424104 0.2575991 0.2425018 0.2604969 0.2582700 0.2592809 0.2843766 0.2701981 0.2683627 0.2701149 0.2692960 0.2742624 0.5871952 0.4961387 0.6001398 
Cerop_ma   0.1763365 0.0919112 0.0958299 0.1063348 0.0962022 0.1045891 0.1011794 0.1082932 0.1133245 0.1740782 0.1010501 0.2610783 0.0000000 0.0942574 0.1857915 0.3164941 0.2035024 0.1149369 0.1009015 0.1075077 0.2396981 0.2364758 0.2499191 0.1494377 0.1550727 0.0974982 0.1499033 0.1207110 0.1085383 0.1152515 0.1141877 0.1163620 0.1151842 0.1216238 0.5799744 0.4967178 0.6041709 
Diast_ki   0.1753374 0.0927164 0.0971606 0.1066510 0.0962033 0.1029775 0.1003578 0.1074701 0.1130165 0.1737916 0.1012777 0.2586287 0.0942574 0.0000000 0.1898949 0.3158229 0.2005799 0.1145833 0.1036894 0.1080184 0.2352974 0.2329309 0.2477345 0.1447215 0.1565570 0.0538725 0.1484470 0.1184065 0.1118040 0.1116246 0.1124960 0.1157235 0.1138441 0.1199383 0.5718709 0.4857331 0.5896840 
Dipl_spi   0.2082682 0.1861265 0.1900036 0.1963973 0.1917288 0.1668913 0.1699194 0.1824352 0.1966704 0.1911825 0.1905248 0.2816447 0.1857915 0.1898949 0.0000000 0.3470122 0.2226747 0.1760147 0.1920066 0.1675574 0.2499163 0.2593885 0.2618160 0.1632574 0.1603165 0.1919023 0.1833645 0.1983985 0.2143078 0.1822964 0.1856699 0.1838898 0.1982492 0.1901629 0.5843881 0.4896183 0.5982136 
Escha_ac   0.3340876 0.3139930 0.3201526 0.3253268 0.3019327 0.3072646 0.3034686 0.3244303 0.2916417 0.3419507 0.3218960 0.4008272 0.3164941 0.3158229 0.3470122 0.0000000 0.3241096 0.3166290 0.2801161 0.3061363 0.3714258 0.3548001 0.3861501 0.3150577 0.3076077 0.3204438 0.3141888 0.2817769 0.3204252 0.3235527 0.3168788 0.3195280 0.3179823 0.3257324 0.6961222 0.6107885 0.7138935 
Gana_sp1   0.1995075 0.2004976 0.2070646 0.2099765 0.2029442 0.1910723 0.1898406 0.2004324 0.2066997 0.1902631 0.2065943 0.2944755 0.2035024 0.2005799 0.2226747 0.3241096 0.0000000 0.2007875 0.2062651 0.1954167 0.1619646 0.1664437 0.1713831 0.1781811 0.2076237 0.2078085 0.1777170 0.2170125 0.2293528 0.2058911 0.2060954 0.2037868 0.2055980 0.2058614 0.5362112 0.4658116 0.5623256 
Hedic_le   0.1798317 0.1093011 0.1153230 0.1218040 0.1134450 0.0504239 0.0510471 0.1098254 0.1340365 0.1631181 0.1169899 0.2661832 0.1149369 0.1145833 0.1760147 0.3166290 0.2007875 0.0000000 0.1111695 0.0562899 0.2286616 0.2371132 0.2399469 0.1371108 0.1615656 0.1158107 0.1564461 0.1175084 0.1348722 0.1061109 0.1138404 0.1118536 0.1239866 0.1160922 0.5568113 0.4722578 0.5846218 
Irae_his   0.1786421 0.0986579 0.1016386 0.1096281 0.0905565 0.1059651 0.1031874 0.1130407 0.0960543 0.1846984 0.1064713 0.2514292 0.1009015 0.1036894 0.1920066 0.2801161 0.2062651 0.1111695 0.0000000 0.1120323 0.2469244 0.2282259 0.2581595 0.1502407 0.1503900 0.1048845 0.1577582 0.0910920 0.0892693 0.1196848 0.1225417 0.1255857 0.1229365 0.1299126 0.5848789 0.4962449 0.6121066 
Isoc_cen   0.1770234 0.1055133 0.1101796 0.1174161 0.1088951 0.0365717 0.0454809 0.1060379 0.1234313 0.1597016 0.1142504 0.2601885 0.1075077 0.1080184 0.1675574 0.3061363 0.1954167 0.0562899 0.1120323 0.0000000 0.2195169 0.2286023 0.2329995 0.1312064 0.1577061 0.1073605 0.1523564 0.1146114 0.1294969 0.1009924 0.1079201 0.1064834 0.1167264 0.1090593 0.5404547 0.4593981 0.5642578 
Lepto_bo   0.2357161 0.2369098 0.2424904 0.2470925 0.2379357 0.2186654 0.2198663 0.2333282 0.2431913 0.2162680 0.2440820 0.3283878 0.2396981 0.2352974 0.2499163 0.3714258 0.1619646 0.2286616 0.2469244 0.2195169 0.0000000 0.1056472 0.1085801 0.2051139 0.2465770 0.2395756 0.2132028 0.2542372 0.2691124 0.2322159 0.2348081 0.2295822 0.2438893 0.2351986 0.6007922 0.5189560 0.6068228 
Lepto_cl   0.2291156 0.2314111 0.2389128 0.2427386 0.2222930 0.2283938 0.2275364 0.2417216 0.2214860 0.2229359 0.2410587 0.3137398 0.2364758 0.2329309 0.2593885 0.3548001 0.1664437 0.2371132 0.2282259 0.2286023 0.1056472 0.0000000 0.0948767 0.2122964 0.2306077 0.2398122 0.2085956 0.2381268 0.2620980 0.2413830 0.2396560 0.2378409 0.2371442 0.2424836 0.6138747 0.5265460 0.6221008 
Lepto_he   0.2458213 0.2469101 0.2565334 0.2567930 0.2488296 0.2307263 0.2325781 0.2444650 0.2580650 0.2270343 0.2560359 0.3424104 0.2499191 0.2477345 0.2618160 0.3861501 0.1713831 0.2399469 0.2581595 0.2329995 0.1085801 0.0948767 0.0000000 0.2183565 0.2590098 0.2558588 0.2240162 0.2653636 0.2831185 0.2424321 0.2449100 0.2408088 0.2531946 0.2452234 0.6086389 0.5298304 0.6214518 
Parn_nig   0.1462804 0.1439989 0.1499689 0.1543139 0.1479714 0.1251402 0.1274215 0.1412446 0.1646716 0.1293421 0.1524937 0.2575991 0.1494377 0.1447215 0.1632574 0.3150577 0.1781811 0.1371108 0.1502407 0.1312064 0.2051139 0.2122964 0.2183565 0.0000000 0.1494161 0.1496619 0.1236418 0.1596857 0.1636797 0.1428542 0.1447060 0.1438997 0.1558182 0.1480190 0.5529563 0.4708791 0.5767477 
Pedia_ac   0.1835774 0.1508719 0.1583187 0.1657555 0.1456927 0.1521905 0.1492585 0.1651976 0.1569517 0.1787967 0.1610108 0.2425018 0.1550727 0.1565570 0.1603165 0.3076077 0.2076237 0.1615656 0.1503900 0.1577061 0.2465770 0.2306077 0.2590098 0.1494161 0.0000000 0.1598188 0.1547023 0.1544341 0.1693503 0.1642800 0.1644401 0.1689618 0.1666372 0.1731781 0.5777997 0.4913455 0.6047953 
Peric_JH   0.1790290 0.0950616 0.0997914 0.1098022 0.0998914 0.1026101 0.1014454 0.1108829 0.1220187 0.1786078 0.1059748 0.2604969 0.0974982 0.0538725 0.1919023 0.3204438 0.2078085 0.1158107 0.1048845 0.1073605 0.2395756 0.2398122 0.2558588 0.1496619 0.1598188 0.0000000 0.1542517 0.1217916 0.1163348 0.1143553 0.1146126 0.1186272 0.1158418 0.1212567 0.5852237 0.5000551 0.6080914 
Phaen_vi   0.1224701 0.1464882 0.1524192 0.1581027 0.1490899 0.1476159 0.1442014 0.1575979 0.1558729 0.1389176 0.1538548 0.2582700 0.1499033 0.1484470 0.1833645 0.3141888 0.1777170 0.1564461 0.1577582 0.1523564 0.2132028 0.2085956 0.2240162 0.1236418 0.1547023 0.1542517 0.0000000 0.1626851 0.1725705 0.1615043 0.1608264 0.1623513 0.1594204 0.1666866 0.5622271 0.4719131 0.5755177 
Phana_JH   0.1906389 0.1160184 0.1222273 0.1289114 0.1091317 0.1075832 0.1054647 0.1290630 0.1093718 0.1888826 0.1259168 0.2592809 0.1207110 0.1184065 0.1983985 0.2817769 0.2170125 0.1175084 0.0910920 0.1146114 0.2542372 0.2381268 0.2653636 0.1596857 0.1544341 0.1217916 0.1626851 0.0000000 0.1089521 0.1258206 0.1310071 0.1351605 0.1316745 0.1392539 0.5872796 0.5028489 0.6195881 
Prot_spe   0.1924763 0.0926181 0.0982763 0.1122619 0.0965287 0.1226411 0.1132234 0.1144092 0.1138060 0.1993376 0.1069104 0.2843766 0.1085383 0.1118040 0.2143078 0.3204252 0.2293528 0.1348722 0.0892693 0.1294969 0.2691124 0.2620980 0.2831185 0.1636797 0.1693503 0.1163348 0.1725705 0.1089521 0.0000000 0.1287284 0.1324720 0.1360476 0.1337586 0.1416303 0.6122510 0.5321165 0.6492887 
Qwaq_sco   0.1840410 0.1086161 0.1155740 0.1200021 0.1124836 0.0961259 0.0966576 0.1084078 0.1306359 0.1683279 0.1166333 0.2701981 0.1152515 0.1116246 0.1822964 0.3235527 0.2058911 0.1061109 0.1196848 0.1009924 0.2322159 0.2413830 0.2424321 0.1428542 0.1642800 0.1143553 0.1615043 0.1258206 0.1287284 0.0000000 0.1120262 0.1089885 0.1226201 0.1157645 0.5680659 0.4819455 0.5877285 
Syne_gif   0.1849228 0.1103468 0.1178235 0.1243130 0.1152514 0.1034178 0.1034368 0.1177987 0.1308274 0.1723585 0.1209536 0.2683627 0.1141877 0.1124960 0.1856699 0.3168788 0.2060954 0.1138404 0.1225417 0.1079201 0.2348081 0.2396560 0.2449100 0.1447060 0.1644401 0.1146126 0.1608264 0.1310071 0.1324720 0.1120262 0.0000000 0.0297137 0.0330796 0.0305040 0.5627248 0.4811009 0.5890026 
Syne_ito   0.1874857 0.1135839 0.1203732 0.1264870 0.1185002 0.1009481 0.1017253 0.1145431 0.1339276 0.1692481 0.1236606 0.2701149 0.1163620 0.1157235 0.1838898 0.3195280 0.2037868 0.1118536 0.1255857 0.1064834 0.2295822 0.2378409 0.2408088 0.1438997 0.1689618 0.1186272 0.1623513 0.1351605 0.1360476 0.1089885 0.0297137 0.0000000 0.0419711 0.0344697 0.5552216 0.4762672 0.5812412 
Syne_jap   0.1851535 0.1113316 0.1183973 0.1251286 0.1159972 0.1128041 0.1092343 0.1264388 0.1308291 0.1813479 0.1221959 0.2692960 0.1151842 0.1138441 0.1982492 0.3179823 0.2055980 0.1239866 0.1229365 0.1167264 0.2438893 0.2371442 0.2531946 0.1558182 0.1666372 0.1158418 0.1594204 0.1316745 0.1337586 0.1226201 0.0330796 0.0419711 0.0000000 0.0183130 0.5744459 0.4911063 0.5977119 
Syne_umb   0.1906063 0.1173134 0.1248079 0.1306049 0.1217553 0.1051888 0.1061245 0.1186812 0.1382566 0.1736625 0.1280720 0.2742624 0.1216238 0.1199383 0.1901629 0.3257324 0.2058614 0.1160922 0.1299126 0.1090593 0.2351986 0.2424836 0.2452234 0.1480190 0.1731781 0.1212567 0.1666866 0.1392539 0.1416303 0.1157645 0.0305040 0.0344697 0.0183130 0.0000000 0.5645740 0.4855619 0.5885030 
Nasoniav   0.5860032 0.5729214 0.5839456 0.5808449 0.5747335 0.5470057 0.5484654 0.5662203 0.5802424 0.5888129 0.5798533 0.5871952 0.5799744 0.5718709 0.5843881 0.6961222 0.5362112 0.5568113 0.5848789 0.5404547 0.6007922 0.6138747 0.6086389 0.5529563 0.5777997 0.5852237 0.5622271 0.5872796 0.6122510 0.5680659 0.5627248 0.5552216 0.5744459 0.5645740 0.0000000 0.5934221 0.6952331 
Orussusa   0.5042353 0.4880035 0.4965146 0.5000572 0.4866931 0.4666468 0.4676835 0.4758755 0.4850123 0.4957618 0.4955061 0.4961387 0.4967178 0.4857331 0.4896183 0.6107885 0.4658116 0.4722578 0.4962449 0.4593981 0.5189560 0.5265460 0.5298304 0.4708791 0.4913455 0.5000551 0.4719131 0.5028489 0.5321165 0.4819455 0.4811009 0.4762672 0.4911063 0.4855619 0.5934221 0.0000000 0.5586076 
Micropld   0.6134513 0.5945316 0.6096609 0.6093682 0.6001769 0.5738096 0.5757737 0.5783165 0.5847750 0.6058519 0.6074652 0.6001398 0.6041709 0.5896840 0.5982136 0.7138935 0.5623256 0.5846218 0.6121066 0.5642578 0.6068228 0.6221008 0.6214518 0.5767477 0.6047953 0.6080914 0.5755177 0.6195881 0.6492887 0.5877285 0.5890026 0.5812412 0.5977119 0.5885030 0.6952331 0.5586076 0.0000000 
