37
Allox_ar   0.0000000 0.1129951 0.1388814 0.1391842 0.1120809 0.1093739 0.1084855 0.1159257 0.1158026 0.0931367 0.1293847 0.2048039 0.1217147 0.1153837 0.1255546 0.2163770 0.1297174 0.1136780 0.1191956 0.1162660 0.1462880 0.1448687 0.1487256 0.0917681 0.1157513 0.1264844 0.0777191 0.1275541 0.1167722 0.1218531 0.1194495 0.1141916 0.1180586 0.1181441 0.3140319 0.3625497 0.3045323 
Andr_cur   0.1129951 0.0000000 0.0388816 0.0438214 0.0151029 0.0669582 0.0650688 0.0263521 0.0273095 0.1024898 0.0547588 0.2038462 0.0653016 0.0642256 0.1161488 0.2102767 0.1383578 0.0710700 0.0620684 0.0718861 0.1526615 0.1518525 0.1555431 0.0947889 0.1059193 0.0725945 0.1029671 0.0815607 0.0519818 0.0757052 0.0740233 0.0705486 0.0741839 0.0742100 0.3112565 0.3575481 0.3029652 
Andr_gro   0.1388814 0.0388816 0.0000000 0.0595206 0.0360631 0.0897399 0.0903985 0.0505712 0.0410861 0.1282880 0.0791015 0.2337460 0.0883057 0.0896176 0.1406902 0.2369661 0.1684485 0.0940001 0.0645888 0.0948638 0.1782073 0.1767434 0.1806039 0.1188965 0.1331638 0.0875637 0.1257536 0.1049205 0.0741847 0.1007426 0.0947201 0.0927417 0.0981061 0.0971602 0.3431372 0.3834999 0.3329103 
Andr_qln   0.1391842 0.0438214 0.0595206 0.0000000 0.0448771 0.0908608 0.0900760 0.0421007 0.0353534 0.1217759 0.0793181 0.2230047 0.0930863 0.0877726 0.1410267 0.2371018 0.1722191 0.0962401 0.0753272 0.0971625 0.1802382 0.1807658 0.1849376 0.1196208 0.1387204 0.1028297 0.1262434 0.1048695 0.0845474 0.1031072 0.0999374 0.0965798 0.1005813 0.1002319 0.3357602 0.3869172 0.3334776 
Andr_qrm   0.1120809 0.0151029 0.0360631 0.0448771 0.0000000 0.0677179 0.0663416 0.0271996 0.0293183 0.1014156 0.0513325 0.2068973 0.0645564 0.0637744 0.1156622 0.2099487 0.1380259 0.0706174 0.0594402 0.0723462 0.1523525 0.1513729 0.1538523 0.0949502 0.1057439 0.0726349 0.1015235 0.0851252 0.0524494 0.0763156 0.0735120 0.0697700 0.0738678 0.0740962 0.3107571 0.3552271 0.3015009 
Aula_tav   0.1093739 0.0669582 0.0897399 0.0908608 0.0677179 0.0000000 0.0290360 0.0714813 0.0638621 0.0985109 0.0828915 0.1912549 0.0738151 0.0709583 0.1115671 0.1988717 0.1320909 0.0343607 0.0652930 0.0277839 0.1485464 0.1464945 0.1507517 0.0874249 0.1049236 0.0791185 0.1008142 0.0723938 0.0691984 0.0736158 0.0732183 0.0697932 0.0733166 0.0729822 0.2987612 0.3418656 0.2871310 
Aylax_hy   0.1084855 0.0650688 0.0903985 0.0900760 0.0663416 0.0290360 0.0000000 0.0695924 0.0646226 0.0971741 0.0794216 0.1909228 0.0729091 0.0693923 0.1106177 0.2001883 0.1323506 0.0315138 0.0626496 0.0326971 0.1476914 0.1456540 0.1503468 0.0881546 0.1028553 0.0768402 0.0998320 0.0732126 0.0672844 0.0711202 0.0718241 0.0685995 0.0719447 0.0715795 0.2991087 0.3389745 0.2881515 
Beloc_tr   0.1159257 0.0263521 0.0505712 0.0421007 0.0271996 0.0714813 0.0695924 0.0000000 0.0266575 0.1065564 0.0600860 0.2106718 0.0699582 0.0697553 0.1189860 0.2136823 0.1396528 0.0754387 0.0667009 0.0761856 0.1552234 0.1539614 0.1575951 0.0985177 0.1105444 0.0769791 0.1084497 0.0855291 0.0576238 0.0799350 0.0781541 0.0742186 0.0781191 0.0779629 0.3101745 0.3617631 0.3013986 
Bior_pal   0.1158026 0.0273095 0.0410861 0.0353534 0.0293183 0.0638621 0.0646226 0.0266575 0.0000000 0.1077511 0.0501635 0.2176694 0.0617183 0.0663146 0.1176304 0.2247946 0.1271280 0.0694703 0.0747668 0.0684139 0.1514792 0.1555518 0.1536034 0.0902789 0.1076987 0.0860362 0.1002084 0.0947516 0.0573926 0.0744361 0.0711468 0.0693452 0.0717469 0.0723242 0.3032641 0.3657310 0.2893560 
Callas_no  0.0931367 0.1024898 0.1282880 0.1217759 0.1014156 0.0985109 0.0971741 0.1065564 0.1077511 0.0000000 0.1170495 0.2067026 0.1117892 0.1060007 0.1139196 0.2001521 0.1218754 0.1034481 0.1029118 0.1018603 0.1366556 0.1367484 0.1409332 0.0758278 0.1007595 0.1170605 0.0844020 0.1190067 0.1061499 0.1095359 0.1104416 0.1054197 0.1074246 0.1099304 0.3234377 0.3846213 0.3074994 
Calli_sp   0.1293847 0.0547588 0.0791015 0.0793181 0.0513325 0.0828915 0.0794216 0.0600860 0.0501635 0.1170495 0.0000000 0.2209341 0.0784792 0.0780549 0.1331618 0.2288318 0.1576780 0.0863097 0.0714342 0.0886232 0.1680862 0.1702370 0.1725987 0.1092855 0.1244547 0.0883105 0.1158714 0.0949979 0.0658608 0.0902016 0.0875833 0.0850433 0.0879888 0.0887718 0.3206232 0.3654274 0.3190855 
Cecin_ib   0.2048039 0.2038462 0.2337460 0.2230047 0.2068973 0.1912549 0.1909228 0.2106718 0.2176694 0.2067026 0.2209341 0.0000000 0.2160450 0.2070459 0.1992064 0.3391936 0.2463232 0.1988166 0.2013497 0.2042867 0.2442254 0.2396170 0.2460565 0.1838009 0.2068667 0.2021749 0.2029320 0.1967174 0.2219372 0.2111334 0.2099201 0.2038936 0.2098401 0.2111443 0.3705665 0.4152995 0.3602135 
Cerop_ma   0.1217147 0.0653016 0.0883057 0.0930863 0.0645564 0.0738151 0.0729091 0.0699582 0.0617183 0.1117892 0.0784792 0.2160450 0.0000000 0.0709196 0.1236964 0.2165659 0.1468710 0.0760613 0.0705205 0.0779463 0.1644180 0.1624239 0.1647681 0.1030348 0.1144796 0.0804461 0.1105647 0.0931160 0.0654588 0.0828812 0.0792878 0.0761948 0.0802823 0.0805097 0.3210546 0.3685838 0.3108753 
Diast_ki   0.1153837 0.0642256 0.0896176 0.0877726 0.0637744 0.0709583 0.0693923 0.0697553 0.0663146 0.1060007 0.0780549 0.2070459 0.0709196 0.0000000 0.1197402 0.2124295 0.1451695 0.0746553 0.0658923 0.0759436 0.1561357 0.1573233 0.1622482 0.0984353 0.1093749 0.0434310 0.1095047 0.0868280 0.0648661 0.0794677 0.0781672 0.0739557 0.0784514 0.0787269 0.3134463 0.3605433 0.3017127 
Dipl_spi   0.1255546 0.1161488 0.1406902 0.1410267 0.1156622 0.1115671 0.1106177 0.1189860 0.1176304 0.1139196 0.1331618 0.1992064 0.1236964 0.1197402 0.0000000 0.2143326 0.1481740 0.1152069 0.1201970 0.1163772 0.1617677 0.1616862 0.1637906 0.1033036 0.0961989 0.1301189 0.1170907 0.1269701 0.1229904 0.1229206 0.1226744 0.1180545 0.1215157 0.1227037 0.3125031 0.3583112 0.3011833 
Escha_ac   0.2163770 0.2102767 0.2369661 0.2371018 0.2099487 0.1988717 0.2001883 0.2136823 0.2247946 0.2001521 0.2288318 0.3391936 0.2165659 0.2124295 0.2143326 0.0000000 0.2326690 0.2060867 0.2110200 0.2039284 0.2468971 0.2482028 0.2499113 0.1991797 0.2104012 0.2307448 0.2169997 0.2145930 0.2164759 0.2149956 0.2112719 0.2065480 0.2062627 0.2099387 0.3849519 0.4398301 0.3716284 
Gana_sp1   0.1297174 0.1383578 0.1684485 0.1722191 0.1380259 0.1320909 0.1323506 0.1396528 0.1271280 0.1218754 0.1576780 0.2463232 0.1468710 0.1451695 0.1481740 0.2326690 0.0000000 0.1367619 0.1534273 0.1365324 0.1086799 0.1082874 0.1114213 0.1174236 0.1411812 0.1558490 0.1231787 0.1546893 0.1377985 0.1448106 0.1428363 0.1370447 0.1405437 0.1420951 0.3278590 0.3675782 0.3027389 
Hedic_le   0.1136780 0.0710700 0.0940001 0.0962401 0.0706174 0.0343607 0.0315138 0.0754387 0.0694703 0.1034481 0.0863097 0.1988166 0.0760613 0.0746553 0.1152069 0.2060867 0.1367619 0.0000000 0.0660356 0.0373552 0.1535985 0.1510997 0.1559827 0.0934958 0.1066286 0.0817620 0.1053422 0.0805943 0.0738263 0.0768029 0.0767356 0.0730622 0.0762828 0.0764211 0.3096459 0.3530743 0.3016338 
Irae_his   0.1191956 0.0620684 0.0645888 0.0753272 0.0594402 0.0652930 0.0626496 0.0667009 0.0747668 0.1029118 0.0714342 0.2013497 0.0705205 0.0658923 0.1201970 0.2110200 0.1534273 0.0660356 0.0000000 0.0697135 0.1623632 0.1617427 0.1681639 0.0947177 0.1058815 0.0674776 0.1045363 0.0731971 0.0621430 0.0793161 0.0823936 0.0772542 0.0799092 0.0812436 0.3213650 0.3459073 0.3216624 
Isoc_cen   0.1162660 0.0718861 0.0948638 0.0971625 0.0723462 0.0277839 0.0326971 0.0761856 0.0684139 0.1018603 0.0886232 0.2042867 0.0779463 0.0759436 0.1163772 0.2039284 0.1365324 0.0373552 0.0697135 0.0000000 0.1559644 0.1536551 0.1584901 0.0939960 0.1072165 0.0843152 0.1073747 0.0800807 0.0724210 0.0789483 0.0777776 0.0741929 0.0774278 0.0779371 0.3066241 0.3571858 0.3007802 
Lepto_bo   0.1462880 0.1526615 0.1782073 0.1802382 0.1523525 0.1485464 0.1476914 0.1552234 0.1514792 0.1366556 0.1680862 0.2442254 0.1644180 0.1561357 0.1617677 0.2468971 0.1086799 0.1535985 0.1623632 0.1559644 0.0000000 0.0584575 0.0627523 0.1334909 0.1591308 0.1691105 0.1359168 0.1728835 0.1652007 0.1595220 0.1580739 0.1522376 0.1558766 0.1574797 0.3397644 0.3818772 0.3268658 
Lepto_cl   0.1448687 0.1518525 0.1767434 0.1807658 0.1513729 0.1464945 0.1456540 0.1539614 0.1555518 0.1367484 0.1702370 0.2396170 0.1624239 0.1573233 0.1616862 0.2482028 0.1082874 0.1510997 0.1617427 0.1536551 0.0584575 0.0000000 0.0486736 0.1326227 0.1577117 0.1610150 0.1362136 0.1661553 0.1608222 0.1586683 0.1556111 0.1494716 0.1533285 0.1550316 0.3390135 0.3766469 0.3272901 
Lepto_he   0.1487256 0.1555431 0.1806039 0.1849376 0.1538523 0.1507517 0.1503468 0.1575951 0.1536034 0.1409332 0.1725987 0.2460565 0.1647681 0.1622482 0.1637906 0.2499113 0.1114213 0.1559827 0.1681639 0.1584901 0.0627523 0.0486736 0.0000000 0.1371080 0.1616083 0.1740556 0.1398593 0.1718037 0.1672252 0.1618453 0.1592782 0.1536035 0.1577700 0.1587359 0.3408519 0.3829289 0.3316720 
Parn_nig   0.0917681 0.0947889 0.1188965 0.1196208 0.0949502 0.0874249 0.0881546 0.0985177 0.0902789 0.0758278 0.1092855 0.1838009 0.1030348 0.0984353 0.1033036 0.1991797 0.1174236 0.0934958 0.0947177 0.0939960 0.1334909 0.1326227 0.1371080 0.0000000 0.0947041 0.1078318 0.0801953 0.1020131 0.0997379 0.1012261 0.1005975 0.0957092 0.1002682 0.1007528 0.3012638 0.3468182 0.2883805 
Pedia_ac   0.1157513 0.1059193 0.1331638 0.1387204 0.1057439 0.1049236 0.1028553 0.1105444 0.1076987 0.1007595 0.1244547 0.2068667 0.1144796 0.1093749 0.0961989 0.2104012 0.1411812 0.1066286 0.1058815 0.1072165 0.1591308 0.1577117 0.1616083 0.0947041 0.0000000 0.1202399 0.1075997 0.1202889 0.1054683 0.1121095 0.1136503 0.1087963 0.1123498 0.1126087 0.3161485 0.3598862 0.2919010 
Peric_JH   0.1264844 0.0725945 0.0875637 0.1028297 0.0726349 0.0791185 0.0768402 0.0769791 0.0860362 0.1170605 0.0883105 0.2021749 0.0804461 0.0434310 0.1301189 0.2307448 0.1558490 0.0817620 0.0674776 0.0843152 0.1691105 0.1610150 0.1740556 0.1078318 0.1202399 0.0000000 0.1209358 0.0892073 0.0675604 0.0887679 0.0860673 0.0820164 0.0870748 0.0867853 0.3353817 0.3822171 0.3235593 
Phaen_vi   0.0777191 0.1029671 0.1257536 0.1262434 0.1015235 0.1008142 0.0998320 0.1084497 0.1002084 0.0844020 0.1158714 0.2029320 0.1105647 0.1095047 0.1170907 0.2169997 0.1231787 0.1053422 0.1045363 0.1073747 0.1359168 0.1362136 0.1398593 0.0801953 0.1075997 0.1209358 0.0000000 0.1202618 0.1089166 0.1126159 0.1096025 0.1060783 0.1095865 0.1103834 0.3172425 0.3671225 0.3043887 
Phana_JH   0.1275541 0.0815607 0.1049205 0.1048695 0.0851252 0.0723938 0.0732126 0.0855291 0.0947516 0.1190067 0.0949979 0.1967174 0.0931160 0.0868280 0.1269701 0.2145930 0.1546893 0.0805943 0.0731971 0.0800807 0.1728835 0.1661553 0.1718037 0.1020131 0.1202889 0.0892073 0.1202618 0.0000000 0.0840261 0.0893740 0.0902142 0.0870600 0.0889539 0.0913746 0.3333574 0.3588719 0.3069876 
Prot_spe   0.1167722 0.0519818 0.0741847 0.0845474 0.0524494 0.0691984 0.0672844 0.0576238 0.0573926 0.1061499 0.0658608 0.2219372 0.0654588 0.0648661 0.1229904 0.2164759 0.1377985 0.0738263 0.0621430 0.0724210 0.1652007 0.1608222 0.1672252 0.0997379 0.1054683 0.0675604 0.1089166 0.0840261 0.0000000 0.0770673 0.0765658 0.0726439 0.0769052 0.0773823 0.3268662 0.3672303 0.3144811 
Qwaq_sco   0.1218531 0.0757052 0.1007426 0.1031072 0.0763156 0.0736158 0.0711202 0.0799350 0.0744361 0.1095359 0.0902016 0.2111334 0.0828812 0.0794677 0.1229206 0.2149956 0.1448106 0.0768029 0.0793161 0.0789483 0.1595220 0.1586683 0.1618453 0.1012261 0.1121095 0.0887679 0.1126159 0.0893740 0.0770673 0.0000000 0.0816599 0.0778967 0.0808960 0.0821964 0.3189317 0.3655421 0.3107224 
Syne_gif   0.1194495 0.0740233 0.0947201 0.0999374 0.0735120 0.0732183 0.0718241 0.0781541 0.0711468 0.1104416 0.0875833 0.2099201 0.0792878 0.0781672 0.1226744 0.2112719 0.1428363 0.0767356 0.0823936 0.0777776 0.1580739 0.1556111 0.1592782 0.1005975 0.1136503 0.0860673 0.1096025 0.0902142 0.0765658 0.0816599 0.0000000 0.0180575 0.0201565 0.0199285 0.3139961 0.3597546 0.3058849 
Syne_ito   0.1141916 0.0705486 0.0927417 0.0965798 0.0697700 0.0697932 0.0685995 0.0742186 0.0693452 0.1054197 0.0850433 0.2038936 0.0761948 0.0739557 0.1180545 0.2065480 0.1370447 0.0730622 0.0772542 0.0741929 0.1522376 0.1494716 0.1536035 0.0957092 0.1087963 0.0820164 0.1060783 0.0870600 0.0726439 0.0778967 0.0180575 0.0000000 0.0210359 0.0210324 0.3019044 0.3457175 0.2938602 
Syne_jap   0.1180586 0.0741839 0.0981061 0.1005813 0.0738678 0.0733166 0.0719447 0.0781191 0.0717469 0.1074246 0.0879888 0.2098401 0.0802823 0.0784514 0.1215157 0.2062627 0.1405437 0.0762828 0.0799092 0.0774278 0.1558766 0.1533285 0.1577700 0.1002682 0.1123498 0.0870748 0.1095865 0.0889539 0.0769052 0.0808960 0.0201565 0.0210359 0.0000000 0.0075559 0.3058364 0.3512977 0.2988194 
Syne_umb   0.1181441 0.0742100 0.0971602 0.1002319 0.0740962 0.0729822 0.0715795 0.0779629 0.0723242 0.1099304 0.0887718 0.2111443 0.0805097 0.0787269 0.1227037 0.2099387 0.1420951 0.0764211 0.0812436 0.0779371 0.1574797 0.1550316 0.1587359 0.1007528 0.1126087 0.0867853 0.1103834 0.0913746 0.0773823 0.0821964 0.0199285 0.0210324 0.0075559 0.0000000 0.3104253 0.3584169 0.3034019 
Nasoniav   0.3140319 0.3112565 0.3431372 0.3357602 0.3107571 0.2987612 0.2991087 0.3101745 0.3032641 0.3234377 0.3206232 0.3705665 0.3210546 0.3134463 0.3125031 0.3849519 0.3278590 0.3096459 0.3213650 0.3066241 0.3397644 0.3390135 0.3408519 0.3012638 0.3161485 0.3353817 0.3172425 0.3333574 0.3268662 0.3189317 0.3139961 0.3019044 0.3058364 0.3104253 0.0000000 0.3871907 0.3436052 
Micropld   0.3625497 0.3575481 0.3834999 0.3869172 0.3552271 0.3418656 0.3389745 0.3617631 0.3657310 0.3846213 0.3654274 0.4152995 0.3685838 0.3605433 0.3583112 0.4398301 0.3675782 0.3530743 0.3459073 0.3571858 0.3818772 0.3766469 0.3829289 0.3468182 0.3598862 0.3822171 0.3671225 0.3588719 0.3672303 0.3655421 0.3597546 0.3457175 0.3512977 0.3584169 0.3871907 0.0000000 0.3592454 
Orussusa   0.3045323 0.3029652 0.3329103 0.3334776 0.3015009 0.2871310 0.2881515 0.3013986 0.2893560 0.3074994 0.3190855 0.3602135 0.3108753 0.3017127 0.3011833 0.3716284 0.3027389 0.3016338 0.3216624 0.3007802 0.3268658 0.3272901 0.3316720 0.2883805 0.2919010 0.3235593 0.3043887 0.3069876 0.3144811 0.3107224 0.3058849 0.2938602 0.2988194 0.3034019 0.3436052 0.3592454 0.0000000 
