37
Allox_ar   0.0000000 0.1598577 0.1932374 0.2050983 0.1601081 0.1632995 0.1642162 0.1640378 0.1861610 0.1561418 0.1811432 0.2659188 0.1719711 0.1611675 0.1923647 0.3029441 0.2026387 0.1649154 0.1766369 0.1706235 0.2142357 0.2069867 0.2132760 0.1431670 0.1762921 0.1679770 0.1240132 0.1811742 0.1882177 0.1658602 0.1692983 0.1661647 0.1714210 0.1691429 0.4539432 0.4155797 0.5042066 
Andr_cur   0.1598577 0.0000000 0.0507728 0.0716099 0.0267393 0.0979374 0.0986291 0.0403979 0.0582387 0.1679066 0.0825401 0.2490294 0.0921244 0.0874881 0.1752689 0.2897516 0.2056369 0.1007928 0.0989810 0.1008646 0.2194098 0.2139167 0.2184137 0.1387737 0.1583556 0.0934026 0.1560241 0.1135224 0.0929081 0.0973240 0.1036800 0.1005616 0.1070018 0.1037384 0.4390000 0.4014028 0.4911434 
Andr_gro   0.1932374 0.0507728 0.0000000 0.0844595 0.0522643 0.1215313 0.1143426 0.0660042 0.0681352 0.1812783 0.1104720 0.2647553 0.1078758 0.1148620 0.1890723 0.3158156 0.2575707 0.1288863 0.1047060 0.1313833 0.2567326 0.2502077 0.2476947 0.1573855 0.1771877 0.1145440 0.1795949 0.1356636 0.1040900 0.1254695 0.1320466 0.1296074 0.1344535 0.1321704 0.4959794 0.4588531 0.5648115 
Andr_qln   0.2050983 0.0716099 0.0844595 0.0000000 0.0780199 0.1395883 0.1275075 0.0640442 0.0647903 0.1962551 0.1153349 0.2770660 0.1200864 0.1287343 0.2049657 0.3172120 0.2519073 0.1397833 0.1163977 0.1394023 0.2682644 0.2612416 0.2552790 0.1680488 0.1864455 0.1321060 0.1906605 0.1508366 0.1222654 0.1396642 0.1452062 0.1440703 0.1488488 0.1460005 0.4978701 0.4682520 0.5611376 
Andr_qrm   0.1601081 0.0267393 0.0522643 0.0780199 0.0000000 0.0955876 0.1001147 0.0430477 0.0641193 0.1690687 0.0798053 0.2534771 0.0955787 0.0905881 0.1755590 0.2910554 0.2166012 0.0997696 0.0935494 0.1036005 0.2218343 0.2150833 0.2214951 0.1437147 0.1606781 0.0921530 0.1512718 0.1074412 0.0929212 0.0994448 0.1063232 0.1029273 0.1100069 0.1072130 0.4440110 0.4001313 0.4811611 
Aula_tav   0.1632995 0.0979374 0.1215313 0.1395883 0.0955876 0.0000000 0.0510409 0.1033907 0.1144578 0.1690590 0.1206269 0.2515021 0.1092351 0.0996098 0.1673484 0.2904657 0.2063040 0.0527596 0.1000689 0.0445239 0.2209528 0.2152679 0.2204256 0.1412692 0.1574236 0.1018476 0.1492178 0.0999625 0.1119618 0.1017765 0.1061984 0.1036998 0.1118752 0.1087018 0.4432608 0.4041289 0.4971279 
Aylax_hy   0.1642162 0.0986291 0.1143426 0.1275075 0.1001147 0.0510409 0.0000000 0.1031540 0.1038031 0.1567664 0.1216260 0.2304176 0.0961716 0.0998357 0.1596948 0.2750649 0.2094882 0.0524984 0.0945465 0.0528477 0.2216652 0.2173229 0.2149097 0.1284101 0.1453152 0.1003696 0.1521299 0.1087383 0.1038519 0.1011173 0.1064702 0.1040944 0.1111097 0.1079612 0.4408305 0.4109044 0.5066796 
Beloc_tr   0.1640378 0.0403979 0.0660042 0.0640442 0.0430477 0.1033907 0.1031540 0.0000000 0.0582566 0.1737688 0.0904746 0.2523778 0.0989050 0.0931210 0.1775483 0.2945605 0.2109523 0.1050681 0.1024094 0.1078793 0.2222335 0.2163905 0.2216217 0.1456865 0.1614795 0.0984162 0.1583138 0.1180844 0.0979974 0.1021918 0.1076483 0.1042368 0.1106152 0.1075960 0.4439827 0.4032241 0.4930491 
Bior_pal   0.1861610 0.0582387 0.0681352 0.0647903 0.0641193 0.1144578 0.1038031 0.0582566 0.0000000 0.1750574 0.1071495 0.2313683 0.1041381 0.1093114 0.1734500 0.2741644 0.2326242 0.1233839 0.0856725 0.1234683 0.2371265 0.2254650 0.2217020 0.1485001 0.1683967 0.1096854 0.1647096 0.1260130 0.0907637 0.1160230 0.1250338 0.1232331 0.1253640 0.1226064 0.4763705 0.4141117 0.5195074 
Callas_no  0.1561418 0.1679066 0.1812783 0.1962551 0.1690687 0.1690590 0.1567664 0.1737688 0.1750574 0.0000000 0.1899730 0.2478888 0.1599664 0.1660817 0.1776318 0.3057439 0.2119261 0.1713888 0.1627178 0.1755716 0.2183187 0.2091299 0.2074788 0.1302608 0.1663655 0.1710561 0.1463317 0.1882308 0.1790423 0.1712301 0.1721566 0.1682235 0.1755382 0.1734329 0.4658198 0.4395298 0.5327941 
Calli_sp   0.1811432 0.0825401 0.1104720 0.1153349 0.0798053 0.1206269 0.1216260 0.0904746 0.1071495 0.1899730 0.0000000 0.2677751 0.1165001 0.1094807 0.1973792 0.3144538 0.2262129 0.1228820 0.1226129 0.1231261 0.2412488 0.2333207 0.2414245 0.1651254 0.1796427 0.1173902 0.1788378 0.1341539 0.1213563 0.1207398 0.1268718 0.1250410 0.1308235 0.1278082 0.4758133 0.4284370 0.5177399 
Cecin_ib   0.2659188 0.2490294 0.2647553 0.2770660 0.2534771 0.2515021 0.2304176 0.2523778 0.2313683 0.2478888 0.2677751 0.0000000 0.2356075 0.2452008 0.2460885 0.3559007 0.3046094 0.2468441 0.2396153 0.2547679 0.3144614 0.3045342 0.2973724 0.2300396 0.2334082 0.2522907 0.2548524 0.2640109 0.2614067 0.2520229 0.2510969 0.2534987 0.2568415 0.2543412 0.4750480 0.4306650 0.5272180 
Cerop_ma   0.1719711 0.0921244 0.1078758 0.1200864 0.0955787 0.1092351 0.0961716 0.0989050 0.1041381 0.1599664 0.1165001 0.2356075 0.0000000 0.0960286 0.1674046 0.2861520 0.2287870 0.1106776 0.0932507 0.1129643 0.2310768 0.2259178 0.2217332 0.1398225 0.1533351 0.1012795 0.1595689 0.1243731 0.1009967 0.1089840 0.1136586 0.1081198 0.1171326 0.1145097 0.4557389 0.4166685 0.5152227 
Diast_ki   0.1611675 0.0874881 0.1148620 0.1287343 0.0905881 0.0996098 0.0998357 0.0931210 0.1093114 0.1660817 0.1094807 0.2452008 0.0960286 0.0000000 0.1731376 0.2939155 0.2073678 0.1008087 0.1005427 0.1024490 0.2192072 0.2129589 0.2199363 0.1419808 0.1580403 0.0534482 0.1547526 0.1161114 0.1063690 0.0982179 0.1043385 0.1003656 0.1078538 0.1036684 0.4426039 0.4007892 0.4913072 
Dipl_spi   0.1923647 0.1752689 0.1890723 0.2049657 0.1755590 0.1673484 0.1596948 0.1775483 0.1734500 0.1776318 0.1973792 0.2460885 0.1674046 0.1731376 0.0000000 0.2976102 0.2382002 0.1749269 0.1625107 0.1791831 0.2442558 0.2348058 0.2353529 0.1546057 0.1406138 0.1738870 0.1757395 0.1854024 0.1786216 0.1764939 0.1814998 0.1785140 0.1861847 0.1843933 0.4581695 0.4211325 0.5196304 
Escha_ac   0.3029441 0.2897516 0.3158156 0.3172120 0.2910554 0.2904657 0.2750649 0.2945605 0.2741644 0.3057439 0.3144538 0.3559007 0.2861520 0.2939155 0.2976102 0.0000000 0.3281435 0.2974121 0.2593952 0.2930883 0.3480622 0.3411027 0.3363332 0.2744352 0.2969302 0.2930896 0.3012484 0.2838381 0.2904377 0.2909636 0.2945779 0.2900277 0.2983096 0.2969995 0.5457150 0.5105886 0.5966277 
Gana_sp1   0.2026387 0.2056369 0.2575707 0.2519073 0.2166012 0.2063040 0.2094882 0.2109523 0.2326242 0.2119261 0.2262129 0.3046094 0.2287870 0.2073678 0.2382002 0.3281435 0.0000000 0.2030955 0.2309021 0.2069843 0.1655982 0.1695955 0.1710635 0.1952655 0.2305417 0.2177338 0.2049631 0.2288509 0.2571588 0.2167766 0.2103132 0.1999470 0.2130470 0.2097993 0.4783853 0.4429442 0.5245126 
Hedic_le   0.1649154 0.1007928 0.1288863 0.1397833 0.0997696 0.0527596 0.0524984 0.1050681 0.1233839 0.1713888 0.1228820 0.2468441 0.1106776 0.1008087 0.1749269 0.2974121 0.2030955 0.0000000 0.1097680 0.0549514 0.2208003 0.2146882 0.2195897 0.1432912 0.1580394 0.1049088 0.1608211 0.1091864 0.1213132 0.1044288 0.1079866 0.1053050 0.1129840 0.1094174 0.4459203 0.4072341 0.5031228 
Irae_his   0.1766369 0.0989810 0.1047060 0.1163977 0.0935494 0.1000689 0.0945465 0.1024094 0.0856725 0.1627178 0.1226129 0.2396153 0.0932507 0.1005427 0.1625107 0.2593952 0.2309021 0.1097680 0.0000000 0.1139270 0.2346665 0.2249891 0.2235805 0.1424008 0.1489428 0.1025917 0.1508494 0.0931745 0.0727016 0.1082415 0.1174455 0.1173021 0.1236936 0.1210898 0.4662401 0.4241733 0.5235025 
Isoc_cen   0.1706235 0.1008646 0.1313833 0.1394023 0.1036005 0.0445239 0.0528477 0.1078793 0.1234683 0.1755716 0.1231261 0.2547679 0.1129643 0.1024490 0.1791831 0.2930883 0.2069843 0.0549514 0.1139270 0.0000000 0.2238674 0.2189687 0.2270128 0.1448249 0.1652922 0.1083264 0.1650241 0.1148109 0.1262487 0.1054006 0.1108852 0.1086827 0.1166568 0.1130344 0.4495062 0.4134288 0.5122650 
Lepto_bo   0.2142357 0.2194098 0.2567326 0.2682644 0.2218343 0.2209528 0.2216652 0.2222335 0.2371265 0.2183187 0.2412488 0.3144614 0.2310768 0.2192072 0.2442558 0.3480622 0.1655982 0.2208003 0.2346665 0.2238674 0.0000000 0.0830200 0.0944908 0.2034250 0.2366451 0.2257498 0.2183094 0.2397544 0.2548238 0.2220998 0.2214014 0.2165037 0.2230958 0.2202816 0.4963315 0.4516351 0.5384444 
Lepto_cl   0.2069867 0.2139167 0.2502077 0.2612416 0.2150833 0.2152679 0.2173229 0.2163905 0.2254650 0.2091299 0.2333207 0.3045342 0.2259178 0.2129589 0.2348058 0.3411027 0.1695955 0.2146882 0.2249891 0.2189687 0.0830200 0.0000000 0.0727449 0.1990373 0.2293580 0.2217885 0.2102138 0.2323433 0.2470463 0.2154934 0.2159584 0.2108084 0.2186335 0.2155611 0.4825102 0.4417340 0.5244713 
Lepto_he   0.2132760 0.2184137 0.2476947 0.2552790 0.2214951 0.2204256 0.2149097 0.2216217 0.2217020 0.2074788 0.2414245 0.2973724 0.2217332 0.2199363 0.2353529 0.3363332 0.1710635 0.2195897 0.2235805 0.2270128 0.0944908 0.0727449 0.0000000 0.1978285 0.2302239 0.2229718 0.2163392 0.2399375 0.2448977 0.2217247 0.2217130 0.2161197 0.2245957 0.2211489 0.4807774 0.4417215 0.5254288 
Parn_nig   0.1431670 0.1387737 0.1573855 0.1680488 0.1437147 0.1412692 0.1284101 0.1456865 0.1485001 0.1302608 0.1651254 0.2300396 0.1398225 0.1419808 0.1546057 0.2744352 0.1952655 0.1432912 0.1424008 0.1448249 0.2034250 0.1990373 0.1978285 0.0000000 0.1378593 0.1452364 0.1263983 0.1604444 0.1539982 0.1476737 0.1501905 0.1485690 0.1544331 0.1515158 0.4424879 0.4096619 0.4972082 
Pedia_ac   0.1762921 0.1583556 0.1771877 0.1864455 0.1606781 0.1574236 0.1453152 0.1614795 0.1683967 0.1663655 0.1796427 0.2334082 0.1533351 0.1580403 0.1406138 0.2969302 0.2305417 0.1580394 0.1489428 0.1652922 0.2366451 0.2293580 0.2302239 0.1378593 0.0000000 0.1613929 0.1564974 0.1764104 0.1650014 0.1610767 0.1652262 0.1631345 0.1679291 0.1658689 0.4474952 0.4103411 0.5161978 
Peric_JH   0.1679770 0.0934026 0.1145440 0.1321060 0.0921530 0.1018476 0.1003696 0.0984162 0.1096854 0.1710561 0.1173902 0.2522907 0.1012795 0.0534482 0.1738870 0.2930896 0.2177338 0.1049088 0.1025917 0.1083264 0.2257498 0.2217885 0.2229718 0.1452364 0.1613929 0.0000000 0.1590681 0.1206129 0.1072695 0.1053650 0.1092059 0.1059434 0.1119605 0.1079033 0.4499749 0.4118354 0.5050485 
Phaen_vi   0.1240132 0.1560241 0.1795949 0.1906605 0.1512718 0.1492178 0.1521299 0.1583138 0.1647096 0.1463317 0.1788378 0.2548524 0.1595689 0.1547526 0.1757395 0.3012484 0.2049631 0.1608211 0.1508494 0.1650241 0.2183094 0.2102138 0.2163392 0.1263983 0.1564974 0.1590681 0.0000000 0.1680480 0.1676385 0.1635787 0.1656299 0.1617334 0.1689277 0.1666407 0.4723835 0.4297435 0.5278607 
Phana_JH   0.1811742 0.1135224 0.1356636 0.1508366 0.1074412 0.0999625 0.1087383 0.1180844 0.1260130 0.1882308 0.1341539 0.2640109 0.1243731 0.1161114 0.1854024 0.2838381 0.2288509 0.1091864 0.0931745 0.1148109 0.2397544 0.2323433 0.2399375 0.1604444 0.1764104 0.1206129 0.1680480 0.0000000 0.1033960 0.1166985 0.1235512 0.1228762 0.1298938 0.1263049 0.4674787 0.4302856 0.5228740 
Prot_spe   0.1882177 0.0929081 0.1040900 0.1222654 0.0929212 0.1119618 0.1038519 0.0979974 0.0907637 0.1790423 0.1213563 0.2614067 0.1009967 0.1063690 0.1786216 0.2904377 0.2571588 0.1213132 0.0727016 0.1262487 0.2548238 0.2470463 0.2448977 0.1539982 0.1650014 0.1072695 0.1676385 0.1033960 0.0000000 0.1174444 0.1251565 0.1224839 0.1280743 0.1255482 0.4730950 0.4339694 0.5464396 
Qwaq_sco   0.1658602 0.0973240 0.1254695 0.1396642 0.0994448 0.1017765 0.1011173 0.1021918 0.1160230 0.1712301 0.1207398 0.2520229 0.1089840 0.0982179 0.1764939 0.2909636 0.2167766 0.1044288 0.1082415 0.1054006 0.2220998 0.2154934 0.2217247 0.1476737 0.1610767 0.1053650 0.1635787 0.1166985 0.1174444 0.0000000 0.1063942 0.1038932 0.1107665 0.1072887 0.4412718 0.4081994 0.4980653 
Syne_gif   0.1692983 0.1036800 0.1320466 0.1452062 0.1063232 0.1061984 0.1064702 0.1076483 0.1250338 0.1721566 0.1268718 0.2510969 0.1136586 0.1043385 0.1814998 0.2945779 0.2103132 0.1079866 0.1174455 0.1108852 0.2214014 0.2159584 0.2217130 0.1501905 0.1652262 0.1092059 0.1656299 0.1235512 0.1251565 0.1063942 0.0000000 0.0287302 0.0314672 0.0282554 0.4410439 0.4012767 0.4953658 
Syne_ito   0.1661647 0.1005616 0.1296074 0.1440703 0.1029273 0.1036998 0.1040944 0.1042368 0.1232331 0.1682235 0.1250410 0.2534987 0.1081198 0.1003656 0.1785140 0.2900277 0.1999470 0.1053050 0.1173021 0.1086827 0.2165037 0.2108084 0.2161197 0.1485690 0.1631345 0.1059434 0.1617334 0.1228762 0.1224839 0.1038932 0.0287302 0.0000000 0.0352370 0.0307579 0.4332892 0.3994339 0.4904419 
Syne_jap   0.1714210 0.1070018 0.1344535 0.1488488 0.1100069 0.1118752 0.1111097 0.1106152 0.1253640 0.1755382 0.1308235 0.2568415 0.1171326 0.1078538 0.1861847 0.2983096 0.2130470 0.1129840 0.1236936 0.1166568 0.2230958 0.2186335 0.2245957 0.1544331 0.1679291 0.1119605 0.1689277 0.1298938 0.1280743 0.1107665 0.0314672 0.0352370 0.0000000 0.0109182 0.4463324 0.4067080 0.4965052 
Syne_umb   0.1691429 0.1037384 0.1321704 0.1460005 0.1072130 0.1087018 0.1079612 0.1075960 0.1226064 0.1734329 0.1278082 0.2543412 0.1145097 0.1036684 0.1843933 0.2969995 0.2097993 0.1094174 0.1210898 0.1130344 0.2202816 0.2155611 0.2211489 0.1515158 0.1658689 0.1079033 0.1666407 0.1263049 0.1255482 0.1072887 0.0282554 0.0307579 0.0109182 0.0000000 0.4449387 0.4058396 0.4958001 
Nasoniav   0.4539432 0.4390000 0.4959794 0.4978701 0.4440110 0.4432608 0.4408305 0.4439827 0.4763705 0.4658198 0.4758133 0.4750480 0.4557389 0.4426039 0.4581695 0.5457150 0.4783853 0.4459203 0.4662401 0.4495062 0.4963315 0.4825102 0.4807774 0.4424879 0.4474952 0.4499749 0.4723835 0.4674787 0.4730950 0.4412718 0.4410439 0.4332892 0.4463324 0.4449387 0.0000000 0.4666268 0.5534623 
Orussusa   0.4155797 0.4014028 0.4588531 0.4682520 0.4001313 0.4041289 0.4109044 0.4032241 0.4141117 0.4395298 0.4284370 0.4306650 0.4166685 0.4007892 0.4211325 0.5105886 0.4429442 0.4072341 0.4241733 0.4134288 0.4516351 0.4417340 0.4417215 0.4096619 0.4103411 0.4118354 0.4297435 0.4302856 0.4339694 0.4081994 0.4012767 0.3994339 0.4067080 0.4058396 0.4666268 0.0000000 0.4823314 
Micropld   0.5042066 0.4911434 0.5648115 0.5611376 0.4811611 0.4971279 0.5066796 0.4930491 0.5195074 0.5327941 0.5177399 0.5272180 0.5152227 0.4913072 0.5196304 0.5966277 0.5245126 0.5031228 0.5235025 0.5122650 0.5384444 0.5244713 0.5254288 0.4972082 0.5161978 0.5050485 0.5278607 0.5228740 0.5464396 0.4980653 0.4953658 0.4904419 0.4965052 0.4958001 0.5534623 0.4823314 0.0000000 
