CATSBDP
1	-1	19957
1
1.8
0	0
0	0
../../data/clustal34_ag_lt0.26_no_cecin.phy
4
0
Universal

0
0
0
0
10	0
0
((Prot_spe:0.100556920320286,(((Peric_JH:0.0699863230155636,Diast_ki:0.0618000148708282):0.0682822761951788,(((((Parn_nig:0.122566968681806,((Callas_no:0.177497321628156,((Lepto_bo:0.115209035203513,(Lepto_he:0.120798569033657,Lepto_cl:0.0900343996956178):0.0380820388146956):0.170139213322943,Gana_sp1:0.210131967665933):0.202950044802936):0.0132420043819088,(Allox_ar:0.190952570920431,Phaen_vi:0.122621017987032):0.0454997443450735):0.0209525562820236):0.0388660928999183,((Dipl_spi:0.215637109124775,Pedia_ac:0.175095260076666):0.0257959632945238,(Nasoniav:1.26301983660257,(Micropld:1.57526731506907,Orussusa:0.861754862761751):0.178424892717882):0.76206398331121):0.0301185755440319):0.0138154807785141,Escha_ac:0.846197636084972):0.0797802365798045,((Aylax_hy:0.0508810928779131,((Isoc_cen:0.055905099738319,Aula_tav:0.0391255904620339):0.0155715716750704,Hedic_le:0.0676195734000675):0.00332199237300474):0.0701677288538694,Phana_JH:0.138215364173084):0.0111313300169326):0.00864234307394946,((Syne_ito:0.0368787646126038,(Syne_gif:0.0305488006055118,(Syne_umb:0.0167862914711958,Syne_jap:0.0159374291028648):0.0326470728563776):0.0101904821198004):0.131375865993205,Qwaq_sco:0.139574840103461):0.00463356548743952):0.0144366984681958):0.0056319775312293,(Irae_his:0.0995549520645802,Cerop_ma:0.122632107369385):0.00431205402656612):0.0144291570788609):0.0233600313112153,Calli_sp:0.139199388842215,((Andr_gro:0.0857582140873347,(Andr_qrm:0.0306764407798825,Andr_cur:0.0381459577153871):0.00855214855115583):0.00370129476381618,((Andr_qln:0.104211619856243,Beloc_tr:0.0405278149275901):0.00575950933016113,Bior_pal:0.0686689263792317):0.0176121125190198):0.0363768788484845);
((Prot_spe:0.100556920320286,(((Peric_JH:0.0699863230155636,Diast_ki:0.0618000148708282):0.0682822761951788,(((((Parn_nig:0.122566968681806,((Callas_no:0.177497321628156,((Lepto_bo:0.115209035203513,(Lepto_he:0.120798569033657,Lepto_cl:0.0900343996956178):0.0380820388146956):0.170139213322943,Gana_sp1:0.210131967665933):0.202950044802936):0.0132420043819088,(Allox_ar:0.190952570920431,Phaen_vi:0.122621017987032):0.0454997443450735):0.0209525562820236):0.0388660928999183,((Dipl_spi:0.215637109124775,Pedia_ac:0.175095260076666):0.0257959632945238,(Nasoniav:1.26301983660257,(Micropld:1.57526731506907,Orussusa:0.861754862761751):0.178424892717882):0.76206398331121):0.0301185755440319):0.0138154807785141,Escha_ac:0.846197636084972):0.0797802365798045,((Aylax_hy:0.0508810928779131,((Isoc_cen:0.055905099738319,Aula_tav:0.0391255904620339):0.0155715716750704,Hedic_le:0.0676195734000675):0.00332199237300474):0.0701677288538694,Phana_JH:0.138215364173084):0.0111313300169326):0.00864234307394946,((Syne_ito:0.0368787646126038,(Syne_gif:0.0305488006055118,(Syne_umb:0.0167862914711958,Syne_jap:0.0159374291028648):0.0326470728563776):0.0101904821198004):0.131375865993205,Qwaq_sco:0.139574840103461):0.00463356548743952):0.0144366984681958):0.0056319775312293,(Irae_his:0.0995549520645802,Cerop_ma:0.122632107369385):0.00431205402656612):0.0144291570788609):0.0233600313112153,Calli_sp:0.139199388842215,((Andr_gro:0.0857582140873347,(Andr_qrm:0.0306764407798825,Andr_cur:0.0381459577153871):0.00855214855115583):0.00370129476381618,((Andr_qln:0.104211619856243,Beloc_tr:0.0405278149275901):0.00575950933016113,Bior_pal:0.0686689263792317):0.0176121125190198):0.0363768788484845);
1
4.87598
0.57234
5000
37.2625
0.378291	0.148523	0.201342	0.235415	0.199933	0.229245	0.187463	0.319434	0.255754	0.352621	0.183717	0.294107	0.163724	0.202565	0.21281	0.488556	0.34523	0.281274	0.064128	0.165848	

0.0130804	0.0236518	0.0143963	1.46794e-06	8.10821e-05	0.0385975	0.00772354	0.0212928	0.000904451	0.00392762	0.00247138	0.129199	0.0087911	0.00803304	0.0141617	0.614939	0.0835991	0.015148	1.73536e-18	3.35069e-10	
0.000122659	2.26552e-05	0.00868762	0.0833142	1.81332e-07	0.00526828	0.0271474	0.00174848	0.0230045	0.0151809	2.49834e-08	0.0105646	0.00374293	0.777478	0.0377055	0.00276019	0.000251433	0.000385931	7.08089e-05	0.00254387	
0.0230892	0.000959556	0.231874	0.450811	0.00323706	0.0245383	0.0146304	0.00655599	0.0477127	0.00747823	0.00219749	0.0559404	0.0103721	0.0528276	0.0140568	0.0209846	0.0136904	0.0128292	0.000651576	0.00556313	
3.41047e-06	4.51039e-07	1.584e-06	0.00152792	0.0118252	3.4524e-05	1.00172e-05	0.829303	0.00318398	0.0538002	0.03651	0.000879213	4.41154e-06	4.18322e-09	0.000325442	0.000763274	0.00247412	0.0575699	0.000178577	0.00160468	
0.0106244	0.00458205	0.168954	0.039847	0.00107452	0.0068544	0.0415366	0.0170193	0.0750441	0.00580856	4.07512e-05	0.486165	0.000296861	0.0129917	0.0153182	0.0977684	0.00742517	0.00261523	0.000311019	0.00572262	
0.00517872	0.00102944	0.0203788	0.934025	0.00167994	0.00229649	6.70496e-06	0.00188736	0.00478907	0.00328812	0.00303352	1.89307e-05	3.07056e-07	0.0166731	0.000570388	0.000529741	0.000480848	0.00407734	9.37293e-18	5.65798e-05	
0.00423139	1.35832e-06	0.00446643	0.0254837	0.00342366	0.00504665	0.00737761	0.0133111	0.681615	0.008477	0.00545125	0.0335615	0.00131296	0.0505334	0.126059	0.00637457	0.0176501	0.00330962	1.40222e-10	0.00231415	
0.000207391	0.00476097	0.00079696	2.81355e-05	0.0327724	0.00030628	0.0108516	0.00103183	0.00109237	0.00206738	0.000803506	0.00118252	0.00031492	0.000405533	0.00166416	2.76659e-06	2.78827e-05	0.00212916	0.000872967	0.938681	
0.00522598	0.000136074	0.185163	0.753733	3.12572e-10	0.0124603	0.000639024	0.000142744	0.0134001	0.00140643	0.000179451	0.00137103	5.85324e-05	0.0127205	0.00028696	0.000668746	0.00768116	0.00458002	0.000103214	4.41716e-05	
0.0128583	0.0252088	0.0127294	0.00468709	0.00207617	0.177351	6.36989e-05	0.000378679	0.00427138	0.00493918	0.00244358	0.206477	0.000737053	0.00435577	0.0123316	0.449201	0.0725981	0.000265096	2.12964e-05	0.00700556	
0.0133381	0.0124814	0.170163	0.148599	0.000265704	0.0100029	0.0136265	0.00581422	0.177345	0.0143641	0.00724101	0.232323	0.00613915	0.00438708	0.000307713	0.0458264	0.127814	0.00463883	1.62861e-28	0.0053233	
0.159249	0.0812707	0.0855138	0.0364814	0.0820061	1.87885e-10	0.00082037	0.051919	0.0020784	0.0580053	1.80665e-09	2.89436e-08	0.0496756	0.000612241	7.46001e-05	0.198239	0.0242178	0.0620422	2.60613e-09	0.107794	
0.00113555	0.000567055	0.324317	0.0597624	0.00260844	0.00221272	3.25343e-06	0.000337669	1.04146e-06	0.00237869	0.0811227	0.00123629	0.120879	0.110015	2.37031e-05	0.0295039	0.111863	0.15202	2.13727e-06	1.00377e-05	
0.00344351	2.26697e-11	0.000869784	1.59396e-06	0.0239129	3.69291e-06	5.99297e-06	0.00348839	0.000900794	0.861499	0.0819175	1.3216e-06	0.000193555	0.00827719	0.00268599	0.00655414	0.00315778	0.00308111	6.6681e-32	5.45656e-06	
0.00658946	0.00173708	0.0056681	0.0017132	9.6721e-08	0.948546	1.44893e-05	0.000595258	0.00312085	0.00156586	3.70353e-05	0.00396459	0.000136279	0.0005544	0.0048122	0.0186813	0.000301005	0.000132341	4.82002e-07	0.00183001	
6.04841e-05	0.00102556	0.000401195	0.00164403	0.0188735	0.00113835	9.81303e-05	0.0637067	0.000672099	0.845212	0.0209139	0.000704386	3.88579e-07	0.00157596	0.00305149	0.00250216	0.00114307	0.0340919	0.000664192	0.00252014	
0.730863	8.54909e-18	1.10687e-11	6.71981e-06	0.00418428	5.19679e-05	8.70292e-07	0.00209238	0.0087014	0.00623226	1.12137e-07	3.49406e-05	8.77127e-15	0.00197551	2.99852e-05	0.216131	0.0226478	0.00520221	0.00159824	0.000247242	
0.024999	0.00108856	0.00243974	0.00298828	0.000975706	0.00465519	0.00715912	0.00265462	0.00259198	0.0240756	0.000881841	0.000897509	0.791218	0.0145326	0.006425	0.0883284	0.0202857	0.00318244	6.84696e-09	0.000621107	
0.0688776	0.0114185	0.0228253	0.0236277	0.00838062	0.0131612	0.0244765	0.0337233	0.0531016	0.0275113	0.00112583	0.0922007	0.0854661	0.0227487	0.0235904	0.271221	0.189694	0.0182794	2.79176e-14	0.00857033	
0.324732	0.00712817	0.0175741	0.0832365	0.000867398	0.024327	2.28808e-06	0.00830238	0.0491991	0.0307716	0.009844	0.0428622	0.00558039	0.00328624	0.010829	0.13662	0.163494	0.0719751	0.000213958	0.00915521	
0.00347462	0.96949	0.000997443	3.6909e-05	0.00528387	0.000395914	2.73914e-06	0.00129637	0.00135372	0.000793963	0.000228027	0.00104954	0.000305649	6.54565e-05	0.000798813	0.0121185	8.51735e-05	0.00197624	4.2774e-14	0.000246954	
0.0182759	0.00233877	0.115365	0.13232	0.00211042	0.0363718	0.0168042	0.0029079	0.21957	0.00939779	0.000196264	0.196559	0.0118117	0.0511775	0.0443902	0.0881343	0.0380351	0.0138687	0.000197023	0.000168372	
0.00219234	0.000147102	0.00131496	8.62695e-05	1.98242e-06	0.00095297	6.66918e-06	0.00151255	0.910527	0.000143957	0.00391742	0.00440261	0.000204717	4.88606e-05	0.0721517	9.90837e-05	0.000598033	0.00166156	1.92039e-12	2.99565e-05	
0.0763493	9.91153e-06	0.265198	0.38886	8.52734e-06	0.115878	0.00042979	0.00495912	0.0284608	0.00268515	0.000776649	0.0289576	0.00452255	0.000254217	0.00013497	0.066703	0.00406525	0.011625	0.000122055	3.03796e-13	
0.101142	0.0260446	0.0217039	0.0253747	0.059522	0.0396799	0.00193521	0.0192124	0.0176827	0.0971405	0.00958693	0.0385785	0.0125989	0.0108903	0.0127195	0.345045	0.0924165	0.0404124	0.00741515	0.0208987	
0.0121079	0.000153792	0.000119982	3.19799e-06	0.0271926	0.0879857	0.134761	4.66191e-07	4.07352e-07	0.484362	0.0396653	0.0225535	0.0527797	0.0477944	0.000467839	0.000113511	0.000251728	0.0572896	9.83446e-08	0.0323973	
0.0591415	0.00498093	0.0163341	0.0218188	0.0305141	0.0171801	0.0155017	0.20547	0.0417852	0.084713	0.0663212	0.052095	0.0156283	0.0191559	0.022322	0.0489458	0.074592	0.188118	0.00183042	0.0135522	
0.0112284	7.76298e-06	0.0393256	0.0158334	7.22156e-06	0.0539078	0.000414634	0.0124951	0.15828	0.00376721	0.000160786	0.243876	0.00554044	0.0268429	0.0778521	0.291926	0.0580762	0.00041706	4.11205e-05	2.14466e-16	
0.00621069	0.000826204	1.89391e-05	0.00359253	0.103417	0.00432806	0.0132552	0.10543	0.0166426	0.547304	0.0297655	0.000784406	0.0206337	0.0138002	0.0116648	0.0215534	0.0171177	0.0637583	0.00523377	0.0146633	
8.70585e-10	0.0228352	0.00705741	0.00265201	0.0173646	0.006538	0.494144	0.00415316	0.00676721	0.00680261	0.0029962	0.0216369	0.00653728	0.0311834	0.012581	0.00622324	0.00167435	1.20954e-06	0.00169422	0.347158	
0.0429819	0.00494043	0.0493858	0.00327787	0.0051307	0.000978727	3.32433e-06	0.0225827	0.143162	0.00434774	3.68354e-10	0.290062	6.89937e-08	0.0360608	0.00376299	0.133135	0.246488	0.0122501	1.09516e-15	0.00144998	
0.884858	0.00191731	0.000188135	0.00364912	0.00148479	0.0183693	3.66864e-05	0.00163601	3.46145e-06	0.00305465	0.000181105	1.37789e-09	0.00161558	7.10519e-06	3.17756e-05	0.03741	0.0272389	0.0181347	0.000114553	6.87722e-05	
0.00693634	0.021507	0.0214671	0.0140309	0.200421	0.00187601	0.114595	0.0217007	0.0150473	0.122456	0.00818409	0.0147994	0.00853869	0.054188	0.0119641	0.0276974	0.00873597	0.0195236	0.000523784	0.305808	
0.0167192	0.0157603	2.25784e-05	0.0224726	0.0359867	0.0124633	4.08432e-08	0.0838228	0.00939887	0.481306	0.0451258	0.00992157	0.00255255	0.0597466	2.96712e-07	0.113268	0.00785646	0.083572	3.02532e-06	8.83416e-07	
0.00425313	0.00102369	0.00301617	1.06346e-05	0.00648681	0.0166237	8.54059e-09	0.00611629	0.251298	0.00157749	0.00854731	0.0119495	8.40699e-06	0.0156763	0.592816	0.0401137	0.0203686	0.00740132	0.00950595	0.00320689	
0.000268937	4.3661e-05	0.963884	0.00228459	0.000863397	0.001098	0.000347792	0.00223439	0.000343335	5.73565e-05	3.7522e-05	0.0257126	1.17209e-05	1.31848e-06	0.000348296	0.00106338	0.000154433	2.45426e-05	0.000122924	0.00109748	
0.0790108	0.000359763	0.0110418	0.00907738	3.60724e-05	0.00651245	1.57069e-06	0.127467	0.0122753	0.000481472	0.00849802	0.0151115	0.0394452	0.00154117	0.00173434	0.115076	0.527268	0.0435116	1.39188e-12	0.00155057	
0.00871936	0.0109365	3.9678e-09	0.00160345	0.263628	0.00196383	6.27339e-05	0.0735694	0.000508716	0.553489	0.0308383	0.00407082	1.76261e-05	1.95693e-15	0.00100476	0.00910102	0.004392	0.023571	0.00705923	0.00546408	
0.00252556	4.54407e-07	0.000458074	0.00509509	0.645486	8.83007e-05	0.00252928	0.050219	0.00192276	0.0629254	0.0128717	2.44049e-09	0.000469251	0.00146237	7.88751e-06	0.0119153	0.00260591	0.00693342	1.71948e-07	0.192484	
0.022184	2.15743e-10	1.53123e-05	0.0081812	0.00478497	2.75933e-09	0.705205	0.00201611	5.73303e-06	0.029752	0.000163531	0.0282755	0.00469805	0.0739485	0.000398195	0.0318273	0.0549543	0.00139823	1.18164e-28	0.0321921	
1.67115e-05	0.00168058	0.00010882	0.000316626	0.00322203	0.00125612	4.54988e-06	0.0221756	0.00282586	0.0275844	0.918176	0.000126251	1.95944e-06	9.332e-07	0.00146608	0.00104002	0.0088975	0.00730472	0.00143147	0.00236404	
0.000842008	0.00124915	1.27908e-07	0.00141869	1.38761e-06	0.000305384	0.00287146	0.000855774	0.339662	0.000521925	0.00405755	1.18931e-05	0.000243617	0.0174405	0.621876	0.00440318	0.00153493	0.000400013	8.52982e-09	0.00230399	
0.273331	0.00649752	0.00255516	4.37054e-06	0.013301	0.00327663	0.00404215	0.0959338	5.61747e-05	0.0425863	1.0024e-07	0.0826499	0.0381497	0.0112443	0.00341519	0.118547	0.19302	0.104276	1.57293e-11	0.00711332	
0.0150356	0.00839001	0.31109	0.135383	0.00726934	0.0735233	0.0122418	0.0138539	0.0398879	0.00763115	0.00152355	0.189427	0.00806259	0.0176604	0.0114592	0.0751254	0.0253612	0.0246911	2.93316e-12	0.0223832	
0.00125234	1.55687e-07	0.00209545	0.000689233	0.000837468	0.000169271	0.942837	2.71087e-05	0.00020483	0.00170809	1.67282e-05	0.00925788	0.00268695	0.0237167	0.00485081	0.000129444	1.18223e-05	0.00015099	2.25607e-06	0.00935511	
6.45674e-08	0.000188859	0.254191	0.165849	0.0874097	8.11968e-06	0.00533174	0.0504219	0.00184923	0.048257	0.00511855	0.165416	1.95099e-07	1.95289e-07	7.22245e-07	0.0527259	0.00157104	0.0964754	1.5286e-11	0.065185	
0.000114823	0.00193391	0.00112203	0.000778133	0.956666	1.38128e-05	0.00113907	0.00100413	7.36874e-06	0.00929008	5.84201e-14	0.000887784	8.52651e-05	4.93326e-06	0.000281542	0.000643885	1.78717e-07	0.00299626	0.00082797	0.0222031	
0.00417966	3.04561e-05	0.671883	0.259456	3.55985e-05	0.00379377	7.72524e-07	1.40028e-05	0.00158017	0.00294435	0.000505226	0.0278299	0.00171839	0.000261811	0.00227746	0.0155627	0.00057691	0.00233088	4.0919e-13	0.00501888	
0.0180299	0.000466144	0.00164513	8.13167e-05	0.0118227	0.00874399	0.000424083	0.370005	0.0128991	0.133624	0.112881	0.0284954	0.0161572	0.000680229	0.00755321	0.0246523	0.115493	0.136346	1.63296e-08	3.99099e-07	
0.000348301	0.00203889	0.000801027	0.000915304	0.00911106	0.00211942	0.00109598	0.00380467	0.0028457	0.00738581	0.000501711	0.000252293	0.000982719	0.00195931	0.000949705	0.00156181	0.000277623	0.00085655	0.953566	0.00862647	
0.0337884	0.000202731	0.0101852	0.0960882	0.00393546	0.0163914	0.00716826	0.0224803	0.373767	0.0150589	0.0177616	0.0794237	0.0241302	0.0651077	0.0644019	0.0402742	0.102927	0.0257098	1.79194e-29	0.0011973	
1.41632e-05	0.00100749	0.000747411	1.92068e-06	0.000165376	3.18327e-05	2.43359e-05	3.08596e-06	0.00795678	0.00239714	0.000689311	3.28748e-06	3.65161e-06	7.1502e-05	0.982049	0.00479982	3.15378e-05	2.33729e-06	1.79858e-08	3.16493e-07	
0.0108647	2.7742e-05	0.000331477	0.00479668	0.129571	2.33871e-06	0.00226553	0.374104	0.0103898	0.267893	0.0265927	0.00714209	0.00118935	9.0265e-06	0.00727644	0.000143331	0.031069	0.0923377	1.71207e-06	0.0339916	
0.0436152	0.0066564	0.0566121	0.157641	6.29754e-05	0.210237	0.0149343	0.0203678	0.0919558	0.0253735	0.00237983	0.0146685	0.021981	0.0495452	0.158867	0.0757	0.0146982	0.034556	1.75656e-06	0.000145603	
0.0143323	3.14528e-05	2.19917e-09	0.00127717	0.00490838	0.00169724	0.000312997	0.188313	1.60571e-06	0.0221634	0.00603325	0.00105977	5.87181e-05	3.45681e-11	0.000948462	0.000196018	0.00378734	0.75374	9.19992e-06	0.00112997	
2.4548e-07	0.0129296	0.000222124	0.0672105	0.00650383	0.795932	0.0229881	0.00396104	0.0153909	0.00504144	2.86404e-05	0.00050737	3.82273e-07	0.0105519	0.0029835	0.0219613	0.00808647	0.023041	6.6704e-07	0.00265904	
0.00171932	0.00424948	0.00182698	0.000602198	0.0202777	4.31249e-11	1.04304e-05	0.458172	0.00215681	0.25181	0.0675827	0.00318695	3.73203e-08	0.000802058	0.00102663	0.000878598	0.00900995	0.175453	0.000868314	0.000367024	
2.90718e-05	2.27596e-05	0.000516243	0.000622519	0.000971462	0.00558696	0.00618365	0.00063949	3.99544e-06	9.30224e-06	2.82592e-11	0.977068	5.37973e-05	4.03836e-06	8.24625e-05	0.00396816	0.00142224	4.80571e-06	4.21676e-05	0.00276857	
0.667273	0.00705079	0.00676681	0.00392542	2.30725e-09	0.0268939	1.26576e-05	1.06742e-05	2.00709e-12	0.00284813	4.04798e-06	0.0109962	0.0137855	0.00292929	0.00154815	0.193674	0.0532137	0.00900711	2.92897e-11	6.11542e-05	
0.0278716	2.8922e-08	0.072054	0.547408	0.00180109	0.0199514	0.00769503	0.0159029	0.0924027	0.00356713	0.00489659	0.00569028	0.00373678	0.122704	0.019096	0.0184259	0.00622537	0.0277029	0.000243151	0.0026245	
0.0037149	0.00907723	0.00845606	0.0458997	0.00297875	0.0199951	0.0428232	0.0130559	0.176102	0.0270228	0.00994241	0.0299966	0.018112	0.218159	0.260488	0.0507759	0.0342585	0.0109549	0.00493195	0.0132552	
0.0683619	0.0199015	0.0263141	0.0210224	4.86356e-05	0.635842	0.000230753	0.000116206	0.00369366	0.000487663	0.00520742	0.0366887	0.00839301	0.00255819	0.00733237	0.125211	0.0243735	0.0141992	9.37306e-14	1.75693e-05	
0.0741379	0.00158141	0.00119376	0.00235539	0.000278167	0.0143402	1.64543e-05	0.000465399	0.148616	0.0272125	3.79817e-06	0.00303786	0.00982336	1.87156e-05	0.0233081	0.178027	0.453567	0.0619889	3.37521e-10	2.8832e-05	
0.0282646	1.13554e-05	0.000111411	0.000311867	0.0171861	0.000186213	1.05383e-05	0.0951973	0.000271764	0.00594538	0.105424	4.58849e-05	0.000419095	0.00011021	6.99873e-07	0.032982	0.711258	0.000289686	3.19549e-05	0.00194151	
0.108371	0.0104633	0.004399	0.0036666	0.0111186	0.00521644	0.00160657	0.0416776	0.248047	0.0475494	4.80308e-05	0.0470275	0.0428976	1.08895e-05	0.169594	0.0580879	0.15965	0.0332566	2.34564e-29	0.00731114	
6.5811e-05	0.000285514	8.42183e-07	4.5425e-06	0.0175499	8.22856e-05	0.000362718	0.0226691	0.000583467	0.951862	0.00115912	0.000774441	7.14994e-08	2.24198e-05	9.82722e-09	0.00284529	0.00162535	2.1256e-05	5.34829e-16	8.59521e-05	
0.0116113	0.125264	0.0105879	0.00359437	0.0305151	0.01583	0.160237	0.0421119	0.0280401	0.0460044	8.66636e-06	0.0614058	0.0175936	0.0620796	0.161102	0.084622	0.0353883	0.00874888	0.00422603	0.0910287	
0.0204147	5.09622e-05	0.00200986	0.00995545	7.23144e-07	0.012594	0.0588012	0.00417884	0.0142384	0.0303487	0.00691553	0.009345	0.0952906	0.653378	0.0261737	0.0302716	0.0224097	0.00351468	4.29459e-05	6.56964e-05	
0.0212445	6.14981e-06	0.120145	5.62946e-06	0.000369704	0.276312	0.0006264	0.0417991	0.0374857	0.0275044	4.69941e-07	0.181646	0.000783786	0.00378083	1.02724e-06	0.219917	0.0185191	0.0496731	4.92416e-16	0.000179896	
0.15586	0.00747793	0.0118026	0.0268763	7.68789e-05	0.00658713	0.00442808	0.0956168	0.0483364	0.0281696	0.0245564	0.024088	0.00918644	0.026187	0.0303616	0.104045	0.315393	0.0809076	3.62151e-06	3.96873e-05	
0.00359606	0.00669664	0.000644498	0.00627529	0.00264505	0.0110559	0.0500471	0.00160296	0.0459119	0.00819396	0.000256938	0.0108619	3.97058e-05	0.0386019	0.784172	0.0150125	0.00488318	0.00494188	0.00215722	0.00240315	
0.00483501	2.51684e-07	0.0144895	0.0188418	9.92225e-07	0.00843919	0.42469	2.17516e-05	0.00617109	0.0255994	8.03906e-06	0.137981	0.0150844	0.262298	0.0365036	0.0117196	1.04297e-06	2.42089e-06	5.26195e-11	0.0333119	
0.253494	0.00522365	0.00134275	0.00627874	5.80612e-05	0.0106406	0.00671268	0.0104906	0.00241488	0.00532	0.0143096	0.0193542	1.6913e-06	0.000106314	0.00298399	0.295989	0.340932	0.0235797	2.75843e-10	0.000767715	
0.121704	0.00840444	0.00378404	0.0241263	1.75789e-06	0.0374604	0.0432985	9.46923e-07	0.0832456	0.00220568	0.0306926	0.00636701	0.151088	0.0499172	0.103267	0.130574	0.188177	0.0148858	6.78476e-05	0.000732861	
7.23727e-05	8.44335e-07	1.48091e-06	0.00896345	0.0126969	0.0188421	2.0918e-05	0.141499	0.0071552	0.0301834	1.21308e-08	0.00258176	5.40077e-06	0.00451477	0.00378396	0.163822	0.604852	0.000765488	2.97846e-08	0.000239815	
0.0114091	0.00527361	2.87726e-14	0.000774187	0.0545108	8.33184e-08	0.00605992	0.503627	0.00569415	0.0583789	0.0489921	0.000331135	0.000847145	4.07638e-08	0.000726097	0.00540249	0.034084	0.250093	0.000691506	0.0131045	
0.123258	0.097714	0.0108154	0.001718	0.0128005	6.19394e-05	0.00123127	0.0252893	0.0117337	0.143196	0.195545	0.0165975	0.000628738	0.0011145	0.00154987	0.0635497	0.012425	0.0272053	2.64442e-06	0.253563	
0.0116653	4.29909e-05	0.00839112	0.0108872	0.0302015	0.00384264	2.1168e-06	0.0151984	0.0038893	8.30968e-07	0.0112894	0.00423779	0.0470416	0.000357962	0.00107303	0.680745	0.153499	6.54011e-05	4.12676e-07	0.0175693	
0.318978	2.21739e-09	0.000355855	0.0050348	0.00254158	0.0124393	8.70955e-08	0.0559192	0.00268787	0.0144953	0.00523071	0.000360204	0.00191113	5.28755e-07	4.27008e-07	0.010251	0.00473314	0.565061	4.60164e-18	4.09343e-12	
0.00381553	0.000178402	0.000294148	0.00163808	0.0012741	0.00130415	0.000963202	9.81932e-06	0.00461688	0.00368722	0.000557218	0.000995645	0.962908	0.000307896	0.00268565	0.0104227	8.0181e-05	0.00426161	2.55563e-14	1.04372e-12	
4.20573e-05	0.000585328	0.00119254	0.00015862	3.76072e-10	0.0171309	3.01479e-05	0.00999971	1.39805e-08	0.0120537	0.00745759	0.0233156	0.00162253	0.000386892	0.00154297	0.479844	0.436167	0.00350357	3.41035e-13	0.00496729	
0.00645316	0.0127461	0.00964311	0.0580533	0.000240801	0.0059392	4.72113e-11	0.00821957	0.546222	0.00481457	0.00508478	0.115196	0.000162175	0.0685359	0.0941645	0.0338388	0.0236183	0.00672775	7.6487e-18	0.000339846	
0.307325	0.000331435	0.0166727	0.0216098	0.00671019	0.0597647	0.00241674	0.00245887	0.00915703	0.000527809	0.00736818	0.021397	0.0770233	0.0175777	0.0114734	0.195602	0.190284	0.0498195	4.62835e-05	0.0024342	
0.00171168	0.00115	1.69214e-07	2.0032e-05	1.37415e-06	0.00159244	1.04825e-05	0.684929	0.000260192	0.0240678	0.0054189	0.000165441	3.315e-08	0.00189138	5.54703e-08	0.00139833	0.00143486	0.275938	1.35227e-06	8.09749e-06	
0.552989	0.0319102	4.44566e-06	4.90195e-05	8.34645e-06	0.0788709	0.00466101	0.0692279	0.00323185	0.0901015	0.00944238	0.00315299	3.79044e-10	0.000852655	0.0105529	0.120585	0.0089953	0.0153041	2.42231e-05	3.60064e-05	
0.0194968	0.00483473	0.0251201	0.167274	0.0199223	0.0134391	0.0521394	0.0140199	0.146179	0.0393078	0.00776403	0.0247099	0.0199017	0.327314	0.0416361	0.0310286	0.0280776	0.0097796	0.00137247	0.00668328	
0.0198065	0.00188825	0.00531102	0.0066864	0.00214742	0.00344582	0.000897971	0.368381	0.00554992	0.0466089	0.0319895	0.00709599	0.00959494	0.00116111	8.80874e-06	0.00826378	0.0380947	0.443068	5.5668e-08	3.07077e-09	
0.00572546	3.18271e-09	0.0298994	1.90135e-06	0.00304742	0.0169709	0.0588927	0.000168917	0.0379937	0.00318018	0.00126368	0.61102	0.00545879	0.00777898	0.000547912	0.160185	0.0490778	0.00014806	1.51313e-19	0.00863868	
0.060623	0.00693951	0.0150965	0.00347415	0.0451597	0.0121691	0.00442522	0.027924	0.0169538	0.105027	0.0149132	0.0190598	0.170608	0.0257444	0.0167818	0.329056	0.09733	0.0195706	7.92033e-10	0.00914365	
0.00262648	0.0013173	6.82688e-05	2.82873e-05	0.000428344	4.1885e-06	0.0270315	0.00347261	0.00614736	0.00938292	1.75153e-05	3.19162e-05	6.64424e-11	0.936297	0.0022363	0.00279578	0.00362701	0.00268309	0.0011235	0.000680251	
0.00107157	0.0256822	0.256512	0.0124697	2.48291e-06	0.505649	0.0210393	0.00715536	8.99246e-05	0.00906366	0.00307466	4.58524e-06	0.000380185	1.80773e-06	5.98807e-07	0.123502	0.000393192	0.0196108	0.000106982	0.0141897	
0.506153	8.14423e-08	0.00339015	0.00358973	0.00571256	0.0162239	0.00459059	0.0222899	0.00538773	0.00833323	0.0043394	0.00864307	0.0146433	0.00555364	0.00205583	0.0615614	0.116236	0.211297	2.33263e-23	9.18482e-11	
0.0108011	0.753935	7.70042e-06	0.000213581	0.00189227	0.00835285	0.00219569	0.00126679	0.000254276	0.0164715	2.52839e-07	0.00256561	5.17089e-05	0.000215996	0.0173369	0.0816714	0.00189481	0.00150213	0.010305	0.0890655	
0.0571028	0.00430707	0.00010714	0.00209268	0.00279672	3.95856e-06	0.000336859	0.0626197	0.00161127	0.157339	0.0687816	0.00790889	0.000873332	0.00117843	0.000657762	0.00180992	0.00480389	0.624984	0.000680182	5.06202e-06	
0.0263764	0.0243786	0.0313962	0.0223088	0.00695273	0.0409916	0.0238355	0.0438401	0.0674679	0.0123346	0.00312884	0.286913	0.00676308	0.00800912	0.0339237	0.238656	0.0974455	0.0143613	2.94266e-19	0.0109175	
0.012737	0.00757353	0.00032301	0.0104683	1.74985e-06	0.0497985	0.00996245	3.21747e-06	0.00922756	0.000558752	0.00146151	0.516339	4.33093e-06	0.0058308	1.4855e-06	0.366284	4.62553e-05	0.000430388	0.000142278	0.0088053	
0.0304523	5.66546e-15	2.43415e-08	4.78144e-05	0.040019	0.000154964	0.0013781	0.439831	0.00202323	0.156583	7.98632e-05	0.000110296	8.40093e-16	3.61538e-05	7.21744e-07	0.00595187	0.00191482	0.321413	2.50368e-13	4.64568e-06	
0.0285744	0.0712	0.0228787	0.000282055	0.0990808	0.0071978	0.119667	0.00690312	0.00536325	1.02531e-05	0.00387954	0.0810627	6.3375e-15	0.00127616	0.0209098	0.205722	0.0408775	0.000454718	1.87921e-07	0.284661	
0.0784431	0.00885259	0.0302738	0.0509902	0.00748055	0.0111436	0.0241993	0.0136766	0.0223166	0.093229	0.0020461	0.023488	0.33011	0.0584408	0.0333212	0.12348	0.0517957	0.0330884	0.00121565	0.00240846	
0.00012538	0.00959189	0.000592157	0.000172557	0.278246	0.001201	0.0285314	2.64699e-06	0.00201449	0.00638709	0.00184584	0.00278764	5.08178e-05	0.000260974	1.41198e-06	0.0117275	0.000158037	3.21075e-05	0.0085778	0.647693	
0.00314856	7.45393e-09	0.000589462	0.00442773	8.66245e-06	0.00204059	0.00217881	0.165131	0.00323807	0.0978773	0.589191	0.00134316	0.00368905	0.00975957	0.00269695	0.0126195	0.026759	0.0717079	6.27258e-08	0.00359331	
0.165062	3.37169e-07	0.0122856	0.00472112	0.0428883	5.1531e-05	0.0183805	0.222231	1.20575e-07	0.020776	0.00435519	2.71321e-09	5.07013e-06	9.78287e-06	0.00045798	0.0612263	0.172248	0.216769	8.45406e-15	0.0585327	
0.015975	0.0124067	1.22498e-05	0.000259074	0.000102551	0.00220043	0.00241542	2.27571e-06	2.31435e-05	0.00383596	1.50437e-07	0.000250288	5.03036e-05	1.60534e-07	3.25508e-05	0.92343	0.0384213	7.36472e-05	9.93748e-25	0.000508986	
0.131573	0.0312471	0.00767807	0.00101219	0.0104412	0.000221198	0.0464824	0.0306053	0.0753249	0.220703	3.55272e-09	0.0357292	0.0246141	0.022728	0.0357021	0.125036	0.0260216	0.162537	0.0058486	0.00649537	
0.00190251	1.01939e-10	1.27444e-08	0.00320562	0.0188181	0.00296324	1.49346e-07	0.154688	0.00579319	0.493044	0.2516	0.00119899	0.00192368	0.00242754	0.0011428	0.0115243	0.00124681	0.0485166	2.74126e-13	4.5572e-06	
0.0119995	0.000430482	1.00865e-08	1.90222e-06	0.000723918	7.29284e-05	0.000157222	0.0131253	0.00246588	0.00186111	0.00801737	0.0129649	0.00103545	0.00151276	0.00531873	0.086569	0.85369	2.23967e-05	4.96941e-07	3.08116e-05	
0.0309923	3.66604e-05	0.000493327	0.00787566	0.00428288	9.18431e-06	0.000683015	0.000193169	0.0232293	0.167746	0.00356901	0.0261055	0.0245073	0.0258612	0.00197644	0.523909	0.157698	1.90625e-06	4.05789e-05	0.000789564	
0.0393984	9.86885e-07	3.31577e-07	0.0044264	0.0295542	0.029741	0.209036	0.0465222	4.09693e-05	0.103122	0.0222482	0.0958696	0.085984	0.208057	1.60952e-09	0.0527525	0.0264877	0.018188	2.88463e-10	0.02857	
0.224459	6.20887e-12	0.0139036	0.014504	0.00220434	0.0786896	0.000231847	0.135704	0.00602951	0.0754934	0.0703693	3.80979e-05	0.018573	2.19975e-09	0.00581621	0.0679726	0.0369079	0.246699	2.12364e-15	0.00240483	
0.0342822	0.000320436	2.94554e-08	3.97851e-06	0.000186218	0.00239164	0.00654074	0.0299883	1.71259e-09	0.158442	0.0331304	4.72758e-06	0.52066	0.0765987	0.00303104	0.0672038	0.0503063	0.0152769	0.000619873	0.00101282	
0.0160439	2.04204e-09	0.0463628	0.00445071	0.000950479	0.0117147	0.00592354	0.0297748	0.00543754	0.00150673	0.00229317	0.428406	0.00865975	0.0170548	0.000577424	0.259306	0.145502	0.0151916	0.000739371	0.000104728	
0.00938758	6.77598e-09	0.570484	0.133345	0.000113724	0.0329448	0.0182483	0.000307822	0.0121104	0.000916601	4.96347e-09	0.170005	0.00031118	0.00898645	0.00266706	0.0173502	0.0101811	0.00652527	7.85988e-06	0.00610788	
0.088922	0.0385152	0.0248731	0.000166424	0.0140899	0.000245578	1.5484e-05	0.0141876	0.00371464	0.00181036	2.2253e-05	0.0803718	1.99873e-06	0.00479272	0.00113912	0.331721	0.375646	0.00627848	0.0050728	0.00841399	
0.00447213	0.00393701	0.282184	0.0014378	0.00418999	0.0229194	0.000983568	2.1623e-06	0.0141021	6.78002e-05	0.000232494	0.569933	1.80122e-12	2.43403e-07	2.30686e-08	0.0530014	0.0315773	0.00658025	0.00187362	0.0025056	
0.136688	2.1958e-06	9.80575e-07	0.0935227	0.00579658	0.409015	1.26774e-06	0.00825807	0.0256279	0.0159864	6.5327e-08	0.0325542	1.28939e-06	0.00235494	0.10895	0.0527506	0.0421839	0.0648772	0.00141876	1.00842e-05	
0.00772123	0.0124785	0.0646897	0.0235006	0.00783591	0.00808617	0.236081	0.00952847	0.0753911	0.0127004	9.42496e-06	0.185941	0.011534	0.099809	0.0684383	0.0787601	0.0200767	0.00523215	6.91385e-20	0.0721864	
0.297802	0.0181991	4.5651e-07	0.000299721	0.003655	0.0344248	0.000855404	0.0550124	0.00810505	0.0433969	0.0524805	0.0151594	0.00228096	1.21208e-13	0.00143459	0.0850949	0.238785	0.142807	3.06239e-09	0.000207503	
0.0636959	0.00231021	0.0941699	0.192044	0.0379682	0.0644239	0.00578474	0.0498191	0.0425304	0.0707841	0.0248645	0.0502388	0.0167347	0.0605511	0.00169834	0.0493979	0.0397301	0.129967	8.50256e-05	0.00320218	
0.126273	4.20288e-05	2.42523e-09	4.19617e-06	0.000559822	0.0237278	0.00959014	0.00453267	4.06743e-07	0.027151	0.00225757	0.0156076	0.391336	0.0509727	0.0115725	0.237273	0.0723534	0.0248667	0.0018783	1.11204e-06	
0.105964	4.28886e-09	5.80817e-06	0.00029478	0.0330074	0.00136063	0.000277131	0.105949	0.0101153	0.340045	0.0243436	0.00389055	0.000324747	0.00876242	0.123525	0.118576	0.0936628	0.0178022	3.88241e-09	0.0120933	
0.0898365	0.00115989	0.00264702	0.00353156	0.0386063	0.0127668	0.00835078	0.17689	0.00104898	0.140383	0.0163247	0.00704983	2.72422e-05	0.0123418	0.00508361	0.00520781	0.0375228	0.439426	0.00177288	2.30535e-05	
0.00378512	0.0356314	0.00144323	0.0169044	0.00782184	0.0110992	0.0404433	0.00707413	0.0262885	7.86887e-06	8.58952e-06	0.0109511	0.409246	0.0129251	0.0514239	0.341905	0.0094638	0.00165593	9.15362e-20	0.0119219	
0.064407	0.0017181	0.0852506	0.188538	6.5709e-12	0.001212	0.0356282	0.0545954	0.106179	0.0321588	0.0168369	0.100473	0.00350489	0.0932805	0.0407239	0.0574942	0.0532806	0.044151	5.89035e-09	0.0205678	
0.146833	0.103024	3.5274e-07	3.02285e-08	0.0343557	0.00754431	0.00496019	0.000711723	0.00889942	0.0159362	0.00189673	0.00500048	5.18569e-05	0.00320124	4.54768e-05	0.613203	0.0251827	0.0151822	5.01176e-14	0.0139716	
0.116274	0.0136902	8.77169e-05	0.000544505	6.04854e-06	0.0002249	4.98442e-05	0.230723	0.000131529	0.00396446	0.00146113	0.0014337	0.00555146	3.28777e-06	2.43188e-09	0.0454658	0.111668	0.467575	3.21184e-23	0.00114618	
0.214603	0.0225063	1.2616e-06	6.74521e-07	0.00289041	0.713737	0.00947248	0.0152656	0.000245965	0.0041408	2.25232e-06	0.000328801	0.00107343	0.000127518	0.00700452	0.00223476	0.00248523	0.00359608	0.000256144	2.73994e-05	
0.054745	0.000485099	0.0186355	0.166197	0.00280966	0.00360361	0.000142162	0.143105	0.0318599	0.0513143	0.0261437	0.00377638	0.0112592	0.0291877	0.0164207	0.00198101	0.0762905	0.360899	0.00114447	1.04902e-11	
0.625403	0.00361065	2.73926e-06	0.147771	0.000412885	0.0237091	0.000758722	0.0405999	0.0161487	0.000476924	0.000798849	0.0171447	2.62571e-06	0.0279942	2.89973e-06	0.0572094	0.00100276	0.0260844	2.87961e-24	0.0108666	
0.091324	0.000129314	0.00801993	0.0242053	0.000351773	0.00840078	0.000511029	0.0716948	0.0302843	0.106196	0.0746606	0.0784839	0.0234503	0.010194	0.00485398	0.218679	0.21554	0.0330092	1.2524e-05	2.62295e-10	
0.00752943	0.000148844	0.0093768	0.0133879	0.00231768	0.00516128	0.128656	0.0094617	0.0679345	0.0223076	0.000337975	0.0173986	1.76508e-08	0.603928	0.0793564	0.00428276	0.00135043	0.010445	1.37803e-06	0.0166176	
7.28315e-05	0.00740747	0.00498731	2.05325e-05	0.000591233	3.98951e-07	9.21586e-05	0.0117476	0.0901317	0.0320619	0.00844206	1.28696e-05	0.0216466	0.00220842	0.798274	3.74919e-05	7.47635e-06	0.0195197	0.00257607	0.000162194	
0.0441532	0.277759	1.64727e-05	0.00469644	0.0564995	0.0145835	7.17252e-05	0.0570275	0.00733452	0.0641394	8.98684e-05	0.0437178	0.01178	0.000722043	1.03766e-05	0.279487	0.0336545	0.0618382	3.71453e-05	0.0423813	
0.0701832	0.0208081	0.00294416	0.00397403	0.0851446	5.64113e-05	3.61314e-07	0.135863	0.00964197	0.30086	0.0688741	0.00900399	2.13544e-07	0.00280739	0.00859899	0.0509922	0.0656633	0.150185	0.00412624	0.0102718	
0.00229513	0.00908869	0.0180457	0.000990559	0.250527	0.00613756	0.00988469	0.0884659	0.000721609	0.1696	0.00344967	0.0230013	0.048119	0.00159848	0.000498161	0.147067	7.59594e-06	0.0747697	0.00524152	0.140491	
0.0143867	0.163769	0.00821615	1.21686e-06	0.147146	1.32981e-05	0.0543217	0.00494892	0.00705245	0.0155629	4.56905e-07	0.0722627	0.00242875	0.000106179	1.42425e-06	0.0306832	0.00887696	0.0223557	0.0328194	0.415046	
0.0153377	0.0142637	0.000125386	0.0109687	0.0461368	0.0018139	0.0886228	0.0113968	0.0625241	0.331306	0.0306916	0.00920209	0.00476547	0.134804	0.0813636	0.0630826	0.0295561	0.0533617	0.000328914	0.0103485	
7.69798e-06	2.47223e-07	1.65096e-09	9.67688e-06	9.80047e-06	0.000383238	0.0614913	6.61174e-05	0.02026	0.0416329	0.00103305	0.0518663	1.62819e-11	8.87864e-08	0.000216112	0.63944	0.152455	0.000349226	1.56127e-06	0.0307779	
0.000207417	0.00251062	0.0705026	0.234001	0.00228389	0.0269245	0.000821936	6.37885e-07	0.322581	0.00535393	0.010879	0.114607	8.59953e-06	0.126513	0.067705	0.00234786	0.00148723	0.0103004	2.28214e-09	0.000964328	
0.00286914	3.94836e-10	0.000489461	3.26927e-08	0.00502501	1.07325e-05	0.000626611	0.519996	0.0146572	0.0487947	0.000391849	0.000133063	1.65338e-06	4.28866e-06	7.14634e-06	0.00588463	0.248073	0.15282	1.1067e-12	0.000215409	
0.0228588	0.00464724	0.00718586	0.00940323	1.19978e-06	0.00185651	0.0186696	0.238399	0.0218423	0.00227542	0.00389674	0.12932	0.000121185	0.0185172	0.0024441	0.0941956	0.331987	0.0914435	0.000935106	1.83016e-07	
0.0631118	0.00817473	0.0552788	0.45366	1.37678e-05	0.0893485	4.72551e-08	7.07446e-05	0.15115	0.0109974	1.98066e-07	0.0113992	0.00691447	0.0443022	0.00339398	0.0311425	0.0298581	0.0411532	2.78188e-05	2.38649e-06	
0.0121252	0.00512054	0.00563511	0.000113713	0.00359768	0.00220185	0.014789	0.0983924	0.170158	0.181473	0.188155	0.0193581	0.00324036	0.131591	0.0883152	0.000934491	0.0274002	0.0468739	0.000524741	3.01072e-11	
0.188995	0.00423987	2.0568e-05	0.0874869	0.000300881	1.58152e-05	0.0335281	0.00234624	4.04794e-05	0.00249502	0.0109974	0.00366095	0.0262656	0.304273	0.00205537	0.037995	0.234072	0.060646	1.35019e-08	0.000566149	
0.537148	8.60821e-06	5.9909e-05	3.46401e-06	1.57999e-06	3.36679e-05	0.000117472	0.00642623	1.52357e-06	0.0170022	0.00749034	0.0158033	0.0194042	6.22219e-05	0.00331917	0.0103639	0.356287	0.022075	0.00435717	3.44441e-05	
0.0406029	0.00122872	0.0895561	0.114108	0.00139233	0.590823	0.00282993	0.000515516	0.00300232	0.00412187	0.000915392	0.0858507	5.31752e-05	0.00466699	0.0243048	0.0250679	0.00743481	7.78458e-06	0.0020048	0.00151291	
0.00751164	8.37291e-08	0.128139	7.28223e-06	0.000259106	1.96467e-08	0.22922	0.00688449	0.0262326	0.104233	0.0372173	0.252859	0.0152969	4.61972e-06	0.0904333	0.039438	0.00340577	0.00171316	0.000103775	0.0570408	
0.373999	0.00479706	0.00108552	0.0122407	0.0002103	0.171323	0.013444	0.00272364	0.0401155	0.00638902	0.0227108	0.0260598	0.0013737	0.00400316	0.0168773	0.0369635	0.181089	0.084475	6.23331e-09	0.000120848	
0.00666482	2.73316e-05	0.00187361	0.0460909	0.00189175	0.0028486	0.00579646	0.144321	0.204498	0.102914	0.0871835	0.0638496	1.45426e-06	0.00583469	0.0996854	0.0411323	0.0877199	0.0849619	0.00557748	0.00712652	
1.34743e-05	0.0282491	4.89364e-05	1.53938e-09	0.658784	0.00432803	0.00316661	0.032212	1.82829e-06	0.162247	0.00205884	0.000781334	0.00124885	0.000351712	0.00481597	0.0195576	0.00115616	0.0357908	0.000103483	0.0450843	
0.0083412	1.43103e-09	0.00411573	0.000197873	0.113427	2.20696e-05	0.0823241	0.0221046	0.281188	0.00208107	1.21446e-08	0.115913	0.000186017	0.0664477	0.125981	0.0711674	4.28703e-05	0.029476	5.92706e-05	0.0769237	
0.00801073	0.0483991	1.57128e-06	0.0232289	0.0174037	0.00124392	0.0212148	0.0216609	0.0163112	8.30905e-05	1.4195e-05	0.022987	0.0199083	0.00376414	0.0106254	0.323106	0.461887	8.69107e-05	6.29095e-05	5.85018e-07	
3.04936e-05	0.00652532	6.07205e-05	0.0231557	0.00214134	0.0191867	1.50898e-08	0.00930411	0.474361	0.0115525	0.000653042	0.0716801	0.0157828	8.43226e-05	0.298967	0.039576	0.0269104	1.61903e-13	8.72761e-07	2.70124e-05	
0.0576566	0.0194021	0.0995378	0.00113446	0.000586024	0.0117133	0.0217313	0.0965935	0.0356353	0.0372739	0.000122687	0.403492	0.0151645	0.0279161	0.00194797	0.0116167	0.0137272	5.69723e-05	2.35755e-05	0.144668	
0.30631	0.00369209	0.00162372	0.0180437	0.00463604	0.0472796	0.0141549	0.0749837	0.00534049	0.0837053	1.54674e-08	0.00465332	0.145878	0.00485891	0.000822175	0.0149175	0.0590395	0.209809	3.22716e-10	0.00025153	
0.122917	5.47617e-06	7.64859e-05	0.0345019	1.76119e-10	0.00205325	0.000113452	0.000560171	0.0215654	6.82351e-05	1.03419e-05	0.0235219	0.261804	0.0252218	0.00308188	0.426294	0.0771406	0.00106432	1.28038e-15	7.66196e-15	
0.124996	4.95759e-05	0.178001	0.104043	1.40769e-09	0.0486287	0.00711237	0.102701	0.0144064	0.0076951	3.59709e-05	0.0692959	0.0201885	0.00623085	0.0194179	0.0789823	0.106831	0.111327	5.77737e-05	5.26729e-09	
0.00438319	0.00490277	0.0138821	2.83544e-08	0.025902	0.037874	0.0556913	0.0622042	0.0436654	0.000101419	0.00401901	0.676447	1.5292e-10	0.0174764	0.00136318	0.00985421	0.0395229	0.0007919	3.78066e-09	0.001919	
0.00447383	0.000133388	0.048348	0.00562417	0.060264	0.00850688	0.00347053	0.306812	4.59721e-06	0.295719	8.04588e-05	0.00447646	0.038094	0.0113566	0.020691	0.00662008	0.00304462	0.179595	0.000461299	0.00222348	
0.289105	7.62429e-10	0.00221949	0.00661171	3.04201e-05	6.65652e-06	0.000841139	0.00817638	0.00834846	0.0555101	0.0138126	0.00741899	5.7253e-05	0.00100579	0.000588053	0.54054	0.0400858	0.0125369	0.0129531	0.000151362	
0.477512	7.58509e-12	8.09347e-05	0.341391	0.0114568	7.27598e-06	0.00463123	0.000314849	1.07673e-05	0.000888532	0.000758266	0.001166	0.000262257	0.00047275	1.38106e-05	0.144533	0.0020246	0.00898693	0.00017924	0.00530907	
0.00587827	1.01556e-05	0.513817	0.0164914	0.00127586	0.000703979	2.76741e-09	0.000251512	0.059973	0.00829381	0.0684994	0.206123	0.0186366	0.000936692	0.0254776	0.000217449	2.60782e-05	0.073329	2.30774e-05	3.63293e-05	
0.193645	2.48074e-05	8.57447e-05	0.0198517	0.0268527	3.2736e-13	0.00543606	0.0232606	0.127888	0.0359529	0.0621682	0.000850074	5.956e-06	0.0701947	0.103388	0.31103	0.0041349	0.0149546	0.000238207	3.91577e-05	
0.019099	4.77124e-06	0.0113132	0.230256	0.00496301	0.00243663	0.0108471	0.0187279	0.0877279	0.0257193	0.000684917	0.0010686	0.19605	0.216805	0.0710711	0.0580711	0.0323929	0.00742717	0.00533373	8.06925e-10	
0.00389273	0.000415116	0.000160268	0.00191666	0.00968385	0.000557664	0.633599	0.000496568	0.00789774	0.00936353	6.05254e-07	0.242167	0.0232699	9.16429e-05	0.00827993	0.00162772	0.000828118	7.70974e-06	2.2218e-09	0.0557437	
0.0159397	0.0166933	0.134557	0.0603104	4.17984e-06	1.56307e-05	0.156491	0.0228311	0.00306084	0.253625	0.0184435	0.0130481	6.58516e-10	0.0597761	0.12017	8.17607e-05	0.0102122	0.106839	2.0911e-05	0.00788016	
4.86954e-05	0.00251341	0.0191048	0.0372284	0.0214756	0.0490499	0.00616068	0.0828979	0.187467	0.00249073	0.240361	0.0148627	2.15605e-05	1.30909e-09	6.14859e-06	0.00460153	3.54651e-06	0.32982	3.32271e-20	0.00188596	
0.0314073	0.0705484	4.38488e-10	0.000131372	0.167251	0.00693983	0.00745742	0.00960807	1.76653e-05	0.101071	0.0126742	0.000252604	0.000129637	0.0411208	0.00460595	0.0419673	0.0035921	0.00362237	0.44553	0.0520733	
0.0277693	1.44614e-06	0.0243532	0.00148422	0.140533	0.000299154	0.0270257	0.0273077	0.000421987	0.215538	9.69773e-05	1.23741e-05	0.1885	0.000146217	7.16704e-11	0.248327	0.0445844	0.0414549	0.00228077	0.00986409	
0.017215	0.165595	1.16147e-05	0.00107704	0.204632	0.0295422	0.00699269	0.0142455	0.0489029	0.134017	3.68104e-05	0.0235317	9.80165e-05	0.0296881	0.0570522	0.13541	0.0176484	0.000490694	0.00373946	0.110073	
