CATSBDP
1	-1	19205
1
1.8
0	0
0	0
../../data/clustal34_ag_lt0.26_no_cecin.phy
4
0
Universal

0
0
0
0
10	0
0
((Nasoniav:1.19159504494093,(((Parn_nig:0.122831313980318,((Callas_no:0.175913447306146,(((Lepto_cl:0.0825191036730167,Lepto_he:0.113006439140913):0.0357029299508423,Lepto_bo:0.111956310038927):0.167350911978523,Gana_sp1:0.201014025537862):0.190219041214713):0.0119770239936547,(Phaen_vi:0.122229535103082,Allox_ar:0.191567058352198):0.0419439073917977):0.0205075429022115):0.0387143838088181,((((Qwaq_sco:0.132701361531294,(((Syne_umb:0.0159012991892888,Syne_jap:0.0157527339131842):0.0296055520488746,Syne_gif:0.0326665297773353):0.00954409434342814,Syne_ito:0.0351053022970277):0.127559239953221):0.0041594526295037,((((((Andr_gro:0.0873997329239009,(Andr_cur:0.0369088152911701,Andr_qrm:0.0318794550532977):0.00924087235933346):0.00395027972097435,(Bior_pal:0.0634999311307052,(Andr_qln:0.100659008092467,Beloc_tr:0.0379331834885915):0.00504854827780576):0.0162961417403873):0.0360469567243313,Calli_sp:0.136315434178146):0.0215467173880733,Prot_spe:0.101485278088056):0.015523731059554,(Irae_his:0.0949910442809451,Cerop_ma:0.117315027523753):0.00402106572960214):0.00482435240700397,(Diast_ki:0.0589934642661114,Peric_JH:0.0729550210786267):0.064860398989509):0.0144982283951181):0.00885335634319383,(Phana_JH:0.138096746318364,((Hedic_le:0.0627916673387203,(Aula_tav:0.0406992457724805,Isoc_cen:0.0573280081119004):0.0141865105268043):0.00400223941070465,Aylax_hy:0.0459292730631191):0.0658406353928351):0.0126421196131194):0.0818763159118857,Escha_ac:0.813499188053084):0.0115030786191243):0.0284058057076488,(Pedia_ac:0.169727948109394,Dipl_spi:0.209422282581856):0.0202583574098727):0.738730250840013):0.200672452438281,Micropld:1.47277412900612,Orussusa:0.846322283399445);
((Nasoniav:1.19159504494093,(((Parn_nig:0.122831313980318,((Callas_no:0.175913447306146,(((Lepto_cl:0.0825191036730167,Lepto_he:0.113006439140913):0.0357029299508423,Lepto_bo:0.111956310038927):0.167350911978523,Gana_sp1:0.201014025537862):0.190219041214713):0.0119770239936547,(Phaen_vi:0.122229535103082,Allox_ar:0.191567058352198):0.0419439073917977):0.0205075429022115):0.0387143838088181,((((Qwaq_sco:0.132701361531294,(((Syne_umb:0.0159012991892888,Syne_jap:0.0157527339131842):0.0296055520488746,Syne_gif:0.0326665297773353):0.00954409434342814,Syne_ito:0.0351053022970277):0.127559239953221):0.0041594526295037,((((((Andr_gro:0.0873997329239009,(Andr_cur:0.0369088152911701,Andr_qrm:0.0318794550532977):0.00924087235933346):0.00395027972097435,(Bior_pal:0.0634999311307052,(Andr_qln:0.100659008092467,Beloc_tr:0.0379331834885915):0.00504854827780576):0.0162961417403873):0.0360469567243313,Calli_sp:0.136315434178146):0.0215467173880733,Prot_spe:0.101485278088056):0.015523731059554,(Irae_his:0.0949910442809451,Cerop_ma:0.117315027523753):0.00402106572960214):0.00482435240700397,(Diast_ki:0.0589934642661114,Peric_JH:0.0729550210786267):0.064860398989509):0.0144982283951181):0.00885335634319383,(Phana_JH:0.138096746318364,((Hedic_le:0.0627916673387203,(Aula_tav:0.0406992457724805,Isoc_cen:0.0573280081119004):0.0141865105268043):0.00400223941070465,Aylax_hy:0.0459292730631191):0.0658406353928351):0.0126421196131194):0.0818763159118857,Escha_ac:0.813499188053084):0.0115030786191243):0.0284058057076488,(Pedia_ac:0.169727948109394,Dipl_spi:0.209422282581856):0.0202583574098727):0.738730250840013):0.200672452438281,Micropld:1.47277412900612,Orussusa:0.846322283399445);
1
7.80791
0.551018
5000
34.2145
0.356316	0.161063	0.193437	0.214764	0.181224	0.280552	0.226537	0.342078	0.239922	0.368151	0.191053	0.33492	0.163503	0.263938	0.202706	0.628174	0.322431	0.325991	0.0520093	0.174383	

0.0282512	0.0151455	0.00250537	0.000933259	0.0511984	1.41021e-06	0.0537789	0.028454	0.0727761	0.344903	7.07663e-05	0.00559599	0.00700626	0.0946876	0.0619701	0.0460262	0.0484162	0.137065	6.21447e-08	0.00121554	
0.109964	0.0100329	0.0111535	0.0164061	0.00428459	0.00722449	0.00346535	0.117906	0.0219919	0.0110777	0.0146328	0.0408917	0.0387558	0.0145676	0.015882	0.108721	0.412695	0.0394938	0.000604266	0.000250136	
0.00494427	0.00824011	0.00418639	0.00945557	0.00461166	0.0215248	0.00513778	0.00366533	0.215985	0.000154635	0.0139092	0.0045727	9.19659e-06	0.0222537	0.596689	0.0405658	0.0258157	0.00580048	0.0057846	0.00669402	
0.380562	0.00257025	0.000148706	0.00411592	0.000536285	0.00835984	6.63738e-06	0.0619025	0.00100604	0.023903	0.0108177	0.000678319	1.5387e-10	2.11486e-10	6.08426e-06	0.0226287	0.0284359	0.453837	3.61822e-12	0.000484669	
0.00278815	1.18606e-07	0.652522	0.263342	1.03903e-07	0.0102579	0.00256628	0.00135234	0.00225984	0.0067451	9.91139e-07	0.0316142	0.00152381	0.00439939	3.84456e-07	0.0121256	0.00186009	0.00572549	4.41911e-08	0.000916209	
0.00977868	3.72615e-05	0.251758	0.708908	0.000154674	0.00944381	0.000277335	0.000184857	0.000740011	6.46227e-08	3.00758e-07	0.000867354	0.00177168	0.0137561	0.00143376	0.000831226	1.22969e-06	5.60322e-05	9.04839e-11	1.46209e-09	
0.00218574	0.000310805	0.0364646	0.919815	0.00195776	0.00382455	1.25441e-05	0.0027021	0.00762653	0.0022022	0.00135515	0.000644893	3.30098e-07	0.013687	1.29461e-05	2.6039e-05	0.00319293	0.00394872	2.64138e-15	2.97797e-05	
0.0153749	9.23879e-10	0.000163285	0.0089247	0.00248955	0.000709422	0.0204203	0.175685	0.0608608	0.200717	0.291441	0.00306853	0.0321488	0.04654	0.0419412	0.00168233	0.0293595	0.0669993	3.75834e-18	0.00147464	
6.15783e-06	0.00365325	0.0008139	0.00112275	0.0297482	0.00234078	7.11079e-05	0.128354	0.000149802	0.735714	0.0124772	0.00119339	2.15644e-11	5.02396e-05	0.0068129	7.14936e-05	0.0085835	0.066557	0.000778345	0.00150195	
0.0378363	0.0353786	0.0304867	0.0149423	0.00656982	0.033347	0.0171992	0.0381505	0.0528836	0.0145111	0.00677192	0.201209	0.0117071	0.0218121	0.0396442	0.296095	0.114449	0.0147009	1.46511e-10	0.0123062	
0.00622458	0.00155314	0.511354	0.16329	0.00427709	0.0260498	0.0143248	0.00473976	0.015174	0.00398037	5.83649e-06	0.171194	0.00411217	0.0102809	0.00445292	0.0263208	0.00781067	0.0107329	5.92405e-39	0.0141222	
0.0450105	0.0124904	0.0493207	0.0638997	0.00775476	0.0134927	0.0220147	0.0178879	0.0496149	0.0781669	0.00150399	0.0467669	0.234048	0.0551326	0.029949	0.191821	0.0554387	0.0229417	5.33216e-19	0.00274472	
0.121463	1.33914e-13	0.0122113	0.0361812	1.57733e-09	0.00775941	0.00647949	0.0355965	0.0787767	0.0456481	0.0657446	0.0875001	0.00825297	0.00651047	0.0165721	0.187889	0.26858	0.0141835	3.31882e-07	0.000651312	
0.0124322	0.0126815	0.0125935	0.0540366	0.00236779	0.00944788	0.0389345	0.0102086	0.130265	0.0354167	0.0114464	0.0352318	0.0379019	0.2562	0.227002	0.0613869	0.0306292	0.00641383	0.00663515	0.00876831	
0.0507994	0.00511355	0.0328397	0.0193678	0.0169666	0.0104983	0.00018096	0.300673	0.00309857	0.0456677	5.135e-05	0.0240313	0.00467444	0.00265543	0.011277	0.00675469	0.0543761	0.410936	1.56458e-14	3.79201e-05	
0.0271783	0.00069978	0.00198745	0.00258146	1.68887e-06	0.00604753	0.00607245	0.00424086	0.00230711	0.0224873	0.000753167	0.000681767	0.795934	0.0136686	0.00524751	0.0818106	0.0245278	0.00374495	6.94263e-16	2.72834e-05	
0.0295233	1.53039e-11	0.000203898	1.57524e-11	0.0073091	0.00367466	0.000834754	0.402894	0.000168221	0.0491143	0.0326003	0.00564531	0.0060118	0.00043401	1.83576e-05	0.00346185	0.0538614	0.404232	3.23747e-10	1.26133e-05	
7.60812e-08	0.0341856	0.000156865	0.000960741	1.93761e-07	0.00491948	4.83258e-05	0.00122303	1.30644e-05	0.0084043	1.18618e-14	0.00598269	5.52152e-13	0.000213411	1.13101e-05	0.911329	0.0321757	4.58578e-06	0.000161455	0.000210398	
0.000158739	0.00350732	0.00122602	0.00012533	0.0243727	0.000118138	0.00796061	0.00175597	0.00173791	0.000204726	4.79187e-06	0.00180526	0.000490704	0.000304286	0.00203767	3.61509e-05	0.000632947	0.0022246	8.41502e-06	0.951288	
0.00273495	0.0037745	0.003281	4.39416e-05	0.000646313	0.000170475	0.038527	0.00114149	0.405638	0.00312236	0.00456395	0.000804068	2.95501e-06	0.0685404	0.375192	0.0229002	0.037779	0.00773512	7.14588e-18	0.0234017	
0.227721	0.00523487	0.000476717	0.00256187	0.00454427	0.00983949	0.00299806	0.0131552	0.00115482	0.0151652	0.00937908	0.0213546	2.9057e-10	0.00022634	0.0016471	0.339556	0.309878	0.0350372	1.52369e-07	7.03814e-05	
0.893382	0.000579305	7.9997e-07	1.54455e-05	0.00210608	0.0214704	2.26642e-06	0.00177851	0.000833078	0.00530278	0.000440393	0.000197094	0.00165448	0.00115077	6.03279e-11	0.0316661	0.0164615	0.0229494	8.69914e-06	1.03043e-06	
0.00579982	2.45497e-08	0.0229586	0.00115818	0.00410361	0.00832255	0.0464478	0.0080136	0.0621362	0.0125616	0.000516509	0.586418	8.20987e-08	0.00987628	0.00280607	0.16673	0.0581561	4.82017e-05	0.000489395	0.00345774	
0.0580318	4.98197e-05	0.0616144	9.84445e-06	5.91561e-05	0.0132374	1.10266e-05	0.0053592	0.00141088	6.1398e-06	6.27791e-06	0.331994	0.0145919	0.00993953	4.87054e-06	0.166574	0.332994	0.00237029	0.00093625	0.000799983	
0.0393042	1.72225e-06	0.204503	0.210407	9.26583e-07	0.100629	0.0137918	0.00350975	0.0827014	0.00537442	0.0114689	0.136081	0.0151203	0.0219706	0.00959225	0.0763795	0.0404339	0.0202493	3.94157e-06	0.00847726	
0.000351121	0.000373016	3.32122e-09	0.000238657	0.0173697	0.000477977	0.00113659	0.0246413	0.000240603	0.930333	0.0114085	0.00116625	0.000124964	0.00100508	0.000850742	0.00341708	0.000796869	0.00453594	0.000443232	0.00108984	
0.00626487	0.000521093	3.4393e-07	0.0222425	0.00522598	0.0101531	0.00281082	0.0182518	0.660449	0.0162029	0.0059575	0.00897239	0.000152795	0.0466299	0.162664	0.0050778	0.0219224	0.00400991	8.08414e-06	0.00248358	
0.030083	8.04539e-05	0.00821074	0.000249744	0.0142146	0.00106149	0.00661928	5.15096e-11	0.000294942	0.0117122	0.0044808	0.00346649	0.026737	3.79921e-07	0.0104377	0.712514	0.165631	0.000523707	1.19685e-08	0.00368281	
0.00191092	0.000906583	0.00182641	0.000640422	7.83117e-05	0.000420533	4.23112e-06	0.00126714	0.898683	6.68088e-06	0.00239557	0.00884091	0.000507645	1.8317e-05	0.0739924	0.00314792	0.00192526	0.0031352	5.74197e-13	0.000292261	
0.00260499	5.14041e-06	0.000331586	0.00104799	3.48859e-05	1.24816e-06	0.00204282	0.00307239	0.207615	0.00574676	3.2667e-05	0.00118668	0.00263194	0.0166327	0.754035	0.00014584	7.56176e-06	0.00194885	1.15781e-25	0.000876359	
0.000258301	0.00214453	0.00169285	3.13211e-06	2.58628e-07	0.00145734	6.17936e-07	0.000344347	0.00116605	0.0033123	0.00158638	0.000341983	1.68764e-07	0.000334347	0.980205	0.00638672	0.000664207	8.62322e-05	3.98087e-21	1.48967e-05	
0.0902757	0.0326437	0.0250519	0.0250257	0.0622188	0.0335686	0.000146377	0.0234826	0.019318	0.0863313	0.00986608	0.0355453	0.00915988	0.00886921	0.0123867	0.371611	0.0846171	0.0336065	0.00548811	0.0307869	
0.00929142	4.4317e-06	9.69796e-06	0.00321971	0.00439659	0.000551231	0.000113498	0.216791	0.000227096	0.0127824	0.0028739	0.000105103	0.000102623	1.79942e-08	8.18774e-11	0.00062548	0.00395374	0.742123	2.97132e-11	0.00282861	
0.000496781	0.0510896	0.00015325	4.6502e-10	0.0975547	0.0225433	0.0120938	0.0232374	0.0230677	0.194603	0.00174587	0.00113394	0.000233804	0.0334799	0.0114521	0.0223199	0.000171194	0.00721971	0.410264	0.0871396	
0.00707557	7.80936e-06	0.00237903	0.000175626	0.0199684	0.00330823	7.46987e-05	0.0319569	0.00307813	0.740366	0.139949	0.000218436	0.000718589	0.0159065	0.000122004	0.00715497	0.00313647	0.024403	1.85804e-29	6.15554e-07	
0.00321833	0.00150807	2.62948e-06	1.6597e-07	9.87488e-06	0.000417627	0.000127557	0.657988	0.00167902	0.0274619	0.00485984	1.40625e-06	5.12007e-06	0.00237249	3.58582e-06	0.00333169	0.000378365	0.2965	6.88225e-16	0.000134013	
1.04415e-07	0.000503812	5.13253e-08	0.00155457	0.00858056	0.000962541	8.92212e-07	0.786349	0.00267714	0.0599184	0.0429938	0.000537526	4.70355e-08	0.000245735	0.000297748	6.83375e-06	0.00287195	0.091963	2.44271e-10	0.000536235	
0.025254	0.00181335	0.199401	0.512413	0.000900795	0.0239595	0.00795975	0.00766402	0.0507264	0.00367261	0.00365949	0.0398075	0.00764082	0.0528959	0.0067325	0.0178242	0.0155808	0.0160069	0.00128294	0.00480438	
0.0270292	0.00227543	0.0285802	0.0991185	0.00387545	0.0259154	0.0133391	0.0182274	0.329253	0.0128805	0.0108374	0.116072	0.0187168	0.0636571	0.0941381	0.0526968	0.0621574	0.0192524	0.00158766	0.000390253	
0.00498084	0.00211164	0.00364613	0.03857	0.00212081	0.00614319	0.070367	0.00388408	0.0658733	0.019341	0.00310718	0.0149666	0.00559934	0.691849	0.0469891	0.00520196	3.9501e-05	0.00242496	4.23677e-14	0.0127844	
0.00156841	0.000482162	0.00161138	0.000126113	0.00194172	0.000181585	3.51841e-06	0.000125917	0.00289023	0.00151565	5.64268e-05	0.00169748	0.976745	1.90674e-06	0.00311478	0.00685166	2.63012e-06	0.001028	4.11641e-05	1.37845e-05	
1.43917e-06	5.67527e-05	0.000280367	1.71964e-06	2.68404e-05	0.000164447	0.0039489	0.00225646	0.000316544	2.00198e-06	9.08295e-07	0.98822	2.19762e-11	0.000160776	3.19902e-05	0.00178863	0.00141523	0.000202375	2.44173e-11	0.00112506	
0.00283242	6.35585e-05	0.957934	0.00166162	0.000756	0.00163087	1.2095e-05	0.00059789	1.27054e-05	0.000288022	1.552e-09	0.0318967	2.08305e-05	4.82534e-05	8.73694e-05	0.00127081	3.91275e-05	0.000218439	0.000124476	0.000504673	
0.000130402	0.000134193	1.79724e-06	1.73353e-07	0.966942	1.19331e-05	6.23137e-05	0.000944961	2.37051e-08	0.00579926	0.000342559	0.000669426	0.000256739	0.000110923	2.67714e-05	0.00174501	1.04029e-08	0.000726504	0.0010997	0.0209956	
0.679147	0.0011227	0.000943352	0.009942	0.00123557	0.00120192	0.000118074	0.000978357	7.16586e-07	0.00563478	0.000168441	0.00158417	0.0125261	2.35673e-05	0.00014264	0.0486702	0.100466	0.135685	0.000213194	0.000196691	
0.0197276	0.00588956	1.12569e-05	0.00307619	0.00297973	0.010424	1.2222e-05	0.328155	0.0123662	0.186221	0.0896601	0.02669	8.07658e-05	2.1636e-10	0.00245832	0.0429843	0.134714	0.132654	0.000567194	0.00132809	
0.0109331	0.00990512	0.156161	0.0579279	0.00291989	0.033134	0.0288876	0.0252671	0.0972429	0.00749214	0.00328558	0.385573	1.17477e-05	0.0170777	0.0192181	0.0740174	0.0452155	0.0112385	2.40259e-16	0.0144914	
0.00910368	0.0065471	1.5413e-05	0.0106172	0.0389195	0.000979319	0.00765731	0.0804194	0.0189863	0.602171	0.0477891	0.000956513	0.0173434	0.0244303	0.00801939	0.0508588	7.80057e-05	0.0668332	0.00398145	0.00429353	
0.00425778	0.00044568	6.4086e-08	0.00104245	4.39721e-06	6.3675e-14	0.0261806	4.7348e-07	0.000207049	0.0100923	2.29154e-05	9.43e-06	0.00403935	0.946039	6.00675e-05	0.0025429	0.00463738	4.94209e-05	9.59841e-15	0.000368879	
0.000209012	0.0171869	0.0140698	0.00385927	0.0132512	0.00139726	0.487208	0.00110369	0.00826617	0.00594894	0.000331111	0.0291725	0.00768729	0.0287326	0.00966671	0.00725316	0.00174075	0.000166173	1.37095e-24	0.362749	
0.0406872	3.5553e-12	0.0661234	0.207821	4.18137e-06	0.298474	0.00821866	0.00191138	0.0588041	0.0180608	5.63868e-06	0.0213121	0.0208334	0.0285549	0.145292	0.0471035	0.00523859	0.0266905	2.13287e-06	0.00486235	
0.74604	1.13069e-06	0.00603533	0.00643873	0.000106233	0.00401049	6.39351e-05	0.00348943	0.00180925	0.00339619	0.000585063	0.00264703	2.6442e-10	0.00248247	1.25759e-05	0.181682	0.0380344	0.00316587	1.55737e-12	1.47225e-08	
0.00365438	8.61022e-12	0.00292615	0.000931545	0.140549	0.00267137	0.0142832	0.0918827	0.00812617	0.507345	0.0484708	0.000841475	0.0161987	0.0140732	0.0184573	0.0153517	0.0158084	0.0630863	2.35741e-19	0.0353428	
0.134216	0.00168812	0.00350405	0.0294867	0.0192406	9.14083e-05	0.00104625	0.0326978	0.0307566	0.110178	0.0038288	0.0355768	0.00789292	0.0213062	0.00252576	0.401195	0.164769	7.74586e-08	2.30455e-07	8.17424e-13	
0.00552711	0.00103377	0.00790069	0.0416555	0.00155798	0.000316233	0.00770284	0.00651924	0.625581	0.00544986	0.00794404	0.0856259	0.00207449	0.0568329	0.103029	0.0246729	0.0165236	5.21742e-05	3.34438e-07	7.02906e-08	
0.00133613	0.0139174	8.41854e-07	0.00033037	0.201083	4.50548e-05	0.0233929	2.9004e-05	1.86062e-05	0.0106556	0.000579369	0.00297793	4.77563e-10	7.82282e-05	0.00232604	0.00398727	0.000104013	0.00349025	0.0065912	0.729057	
0.0357773	6.86868e-05	0.0581464	0.0540702	3.73734e-11	0.0234749	0.00372035	0.000944658	0.15045	0.00420812	9.50861e-07	0.241356	0.013543	0.0337721	0.0342135	0.249703	0.086776	0.00668153	8.29854e-08	0.00309363	
0.105879	0.00472331	0.0016959	0.0157964	0.00224937	0.00284428	0.0219758	0.0123954	0.00127059	0.129603	0.0125094	0.00246846	0.410723	0.0385602	0.0352369	0.0859112	0.0686961	0.0446136	0.00190964	0.000938204	
0.00686897	0.00184864	1.11262e-07	0.00183701	3.93935e-05	0.968563	4.34433e-10	0.000315251	0.00123456	0.00147652	0.000359665	0.00294032	2.11749e-06	0.000589354	0.00192953	0.0112809	1.84331e-08	0.000337931	3.25749e-05	0.000343752	
0.0618602	0.00690051	0.00913813	0.00746933	0.0301622	0.0190713	0.00554361	0.0178484	0.00685862	0.0801379	0.00853778	0.0216868	0.20431	0.0154368	0.0151789	0.367052	0.0932163	0.0228309	1.50998e-07	0.00676026	
0.0917217	0.0124788	0.00113749	0.00137885	0.0426635	0.0145154	1.2739e-05	0.234707	1.67244e-06	0.177485	0.0356253	0.00204648	0.000415222	0.00322917	0.000297455	0.0209958	0.0298234	0.331461	3.50997e-11	4.64634e-06	
0.0184276	0.00727367	0.239617	0.0319251	0.000881277	0.458576	0.00104483	8.07459e-05	0.00254156	0.00140071	0.00134803	0.128371	0.000706181	7.35742e-08	0.0360439	0.0619796	0.00496081	0.00476948	5.21121e-05	8.20803e-08	
0.0127574	0.00516659	2.19165e-08	1.53324e-05	0.305676	0.00380578	0.000850873	0.071984	0.00210935	0.4847	0.0255932	0.00256435	8.26957e-06	0.0044589	0.000281068	0.0130411	0.00614659	0.0339086	0.0167556	0.0101769	
0.000112028	0.0567896	0.00143133	0.00183311	0.0757565	0.0350466	0.18974	0.0414887	0.0512626	0.138666	5.33802e-05	0.000491008	0.000942995	0.107206	0.135672	0.0348429	0.00165546	0.0469474	5.62791e-08	0.0800623	
0.0101852	0.00101368	0.000863833	0.00589055	0.00199492	0.000441553	0.00152375	0.193111	0.233895	0.0671057	0.0937894	0.00979284	6.02248e-08	0.00161214	0.15808	0.0148615	0.110828	0.0948312	0.000171928	7.59505e-06	
0.00576647	0.966487	8.44419e-05	2.91123e-05	0.00266222	0.0019687	7.0766e-05	0.000267155	0.000834738	0.0010795	4.42877e-08	0.00100525	0.00027619	1.4814e-08	0.0011309	0.0104898	0.00182684	0.00246406	5.43528e-06	0.00355085	
0.0176251	5.85815e-12	6.02026e-07	1.79683e-07	1.76382e-05	0.012401	0.000302211	0.0207267	6.13348e-08	2.54645e-05	1.99507e-07	0.0681642	0.0209564	0.000494162	0.0034614	0.77821	0.0746646	1.52809e-05	1.15116e-11	0.00293523	
0.224512	1.28147e-06	0.134243	0.0565951	3.9313e-09	0.0682862	0.0138167	0.00814009	0.00532818	0.00803156	0.0259508	0.0760587	9.04558e-06	0.00157223	4.82403e-05	0.265627	0.109589	0.00219028	3.62207e-36	4.05345e-07	
0.00041353	0.0249134	8.91199e-11	1.8805e-05	0.730721	0.00325337	0.00478223	0.0234042	2.71254e-06	0.131923	1.96503e-06	0.00432705	0.000278812	6.01842e-05	0.00016078	0.0148001	0.00420995	0.0200468	1.55304e-10	0.0366816	
0.0968621	8.21888e-09	0.00061031	0.226198	0.000104061	0.290003	0.0465298	0.00284325	0.149757	0.0819923	0.00364991	0.0706946	0.00422441	0.0101279	0.000234172	0.0132746	0.000270884	0.000257174	0.00236684	5.99802e-09	
0.00366014	4.43794e-08	0.00155953	0.00105556	0.00243141	0.000831149	0.893092	0.00247941	0.00423237	0.00626234	1.571e-07	0.020837	0.00290462	0.0266706	0.00624232	0.00525	0.00495913	0.000167977	1.13154e-19	0.0173642	
0.0117326	0.000767102	0.0393225	0.193338	0.0134016	0.0221975	0.0726155	0.00598939	0.0984483	0.0205744	0.00675344	0.0329963	0.0317509	0.343175	0.0371045	0.0252348	0.0341198	0.00843503	0.000549119	0.00149458	
0.0046599	0.000741409	0.238953	0.0058711	0.000445121	0.013689	0.0168743	0.000335964	0.0172789	0.00295373	0.000188543	0.569204	4.99691e-05	0.00392343	0.000724127	0.0910131	0.0305257	0.000710235	0.00107941	0.000779571	
0.0037579	1.01026e-09	0.00159546	0.0176692	0.0114961	0.0157586	2.99179e-07	0.303476	0.0209974	0.0634721	0.115365	4.02092e-05	0.00264718	0.000473105	1.003e-07	0.0313057	0.340035	0.0692536	2.39864e-27	0.00265708	
0.0149174	0.00103128	0.0012572	1.35908e-07	0.0367071	5.31235e-07	0.00288161	0.431243	0.00024972	0.245298	0.039743	0.00149163	1.08244e-08	0.00214133	0.00085764	0.00143647	0.00742831	0.204766	0.00250865	0.00604145	
0.037584	1.91681e-07	0.000151998	0.000689085	5.8055e-05	0.0095706	0.00546402	0.0273348	0.153268	0.0131872	1.17633e-05	0.0388673	0.0501508	0.00183962	0.0781078	0.208701	0.321584	0.0522104	7.92102e-19	0.00121891	
0.349574	0.00115537	0.0137053	0.0231425	0.00248999	0.0604127	0.00125994	0.000469972	0.0176025	0.00242597	0.00748571	0.0176004	0.0399803	0.00998627	0.00846828	0.182475	0.209502	0.0486868	1.36406e-06	0.00357584	
0.156201	0.0200134	0.000316364	1.33757e-06	0.00217892	0.0197718	0.0129798	0.680976	0.00571999	9.98313e-05	0.0246449	0.00216877	6.38025e-07	0.00175789	7.37356e-06	0.0033953	0.0292249	0.0403976	1.38491e-11	0.000144194	
0.130828	0.0123464	0.00245164	0.0044886	0.0267415	0.00340102	0.00687287	0.0726761	0.0724173	0.050649	0.026416	0.0231837	0.0252844	0.039211	0.00047899	0.20269	0.229345	0.056173	1.34877e-14	0.0143454	
0.000123302	0.000928171	0.012842	2.79345e-11	0.000774733	1.90257e-05	0.0832165	0.0229228	0.300331	0.000566078	0.0154327	0.311271	5.34814e-12	0.0613589	0.0483184	0.0138461	0.11844	0.00149496	0.0080995	1.4925e-05	
0.0245415	0.00211594	0.000771152	4.75612e-06	5.98418e-05	0.000366635	3.57177e-07	0.0502369	0.000704629	0.00017892	0.018723	0.0230606	0.00222147	8.83378e-06	0.00240852	0.059252	0.808828	0.00597101	1.1538e-09	0.000545737	
5.51946e-05	0.00344569	2.4063e-05	8.06981e-10	0.00291696	0.000241203	2.24691e-05	0.0392721	0.00481122	0.0480058	0.862228	0.00149957	2.03509e-05	0.000200381	0.00198094	0.00443921	0.0142081	0.0145003	9.18028e-06	0.00211941	
0.175906	0.054103	0.00194348	0.000337305	0.0180211	0.00317238	0.00400304	1.19826e-06	0.000192121	0.0200413	0.000512317	0.00900983	0.00258764	0.00778403	0.000909461	0.643327	0.05353	0.00254932	1.48496e-21	0.00206957	
0.0653577	0.010389	0.0195467	0.011892	7.41782e-07	0.701281	9.74092e-05	4.9425e-05	0.000398965	0.00110039	1.39797e-05	0.0204467	0.00492904	0.000366077	0.00471929	0.126838	0.0121843	0.01828	1.04758e-10	0.00210971	
0.00394727	0.142873	0.0231943	0.00178626	0.0877292	1.11952e-10	0.0347113	0.0110816	1.38181e-07	0.0129874	0.00852468	0.0113862	0.00225747	1.09512e-10	8.99142e-08	0.00133185	0.00309637	0.0261085	1.24212e-06	0.628983	
0.00849861	0.0799992	0.0632637	0.058973	0.018826	0.330792	0.0170609	0.00591133	0.0059696	0.00094124	3.75427e-05	0.0588352	0.026205	1.7828e-06	0.0495743	0.251766	0.00913151	0.00271731	0.00269559	0.00880064	
0.0186435	0.00321846	0.0171097	0.0417554	0.00200078	0.807164	0.00599719	0.00635084	0.0124057	0.00158155	0.00302719	0.0188643	0.0012443	0.00393943	0.0205464	0.0218536	0.00652277	0.00696186	0.000812477	1.78179e-08	
0.0534106	0.00359999	0.0133747	0.0197477	0.0255259	0.0212988	0.00717628	0.204287	0.036433	0.0871724	0.084448	0.0389349	0.0189811	0.0134616	0.0220465	0.0382904	0.080614	0.20936	0.00454061	0.0172969	
0.0395219	6.67868e-06	5.47624e-05	3.53084e-05	0.000751621	0.0113632	0.00358061	0.143077	0.00228231	0.103354	0.033911	0.0036757	1.48588e-08	5.79329e-05	0.00120253	0.00252445	0.000341888	0.65426	3.21442e-09	1.08769e-10	
0.0367527	0.00247847	0.0435977	0.461274	8.11954e-08	0.0210153	0.00789331	0.00761819	0.124705	0.0097446	0.000489608	0.00762975	0.0115142	0.165486	0.0330011	0.0257628	0.00770851	0.0304175	9.33483e-12	0.00290997	
0.047885	0.00148234	0.0201346	6.9551e-05	1.1176e-10	0.000144036	0.00529054	0.247029	0.000417348	0.236822	0.0332113	0.0183516	0.14526	0.0269947	0.00478496	0.0323907	0.0640883	0.112823	8.67341e-15	0.00282077	
0.021518	2.38764e-07	0.00128516	0.00674232	0.006305	0.00690924	0.00023995	0.22391	0.00152385	0.0930657	0.405635	0.00224978	0.00812417	0.00209076	0.00043373	0.0277719	0.0700449	0.12215	7.83449e-13	3.70283e-10	
0.0440527	0.00982402	0.0677083	0.179131	0.0177738	0.0387734	0.0258903	0.0587192	0.116512	0.0685698	0.0221763	0.0431669	0.0183392	0.0928946	0.0459291	0.0381492	0.0404345	0.0573569	2.82168e-31	0.0145988	
0.00300426	5.82306e-07	2.30781e-08	0.00203158	7.28107e-06	0.0314029	2.01388e-06	0.00831601	0.432229	0.0101873	2.02152e-05	0.118014	0.0401531	0.000563672	0.286263	0.0352814	0.0324986	6.17809e-07	2.66518e-08	2.47527e-05	
0.0528115	0.530815	0.000585928	1.31515e-06	0.00664882	0.0271492	7.04526e-08	0.0355648	0.000260709	0.0109057	0.000153769	0.0107895	0.0113058	1.68384e-05	0.00330557	0.272367	0.0185531	0.00899234	6.38692e-19	0.00977275	
0.0589103	0.0021258	0.0637663	0.590872	0.00065617	0.0909106	1.66965e-07	2.73729e-06	0.0854161	0.0031747	5.53168e-07	0.00473152	0.000358406	0.0325486	5.91199e-08	0.0197175	0.0138844	0.0316672	1.70364e-18	0.00125732	
0.00791363	0.00661554	4.83738e-05	0.00159319	0.00114629	0.0220053	0.0621018	0.00591883	0.0372281	0.0163537	0.00156469	0.00672303	0.0012069	0.0513178	0.753212	0.0158243	0.0013044	0.00223467	0.00237099	0.00331641	
0.00062919	0.0142487	7.01817e-06	1.7763e-09	0.0902562	0.00292832	0.00129721	0.476272	0.0110835	0.0719266	0.0660105	0.000156672	0.000909591	0.000111305	1.36032e-05	0.0020733	0.0308915	0.222452	3.95862e-07	0.00873252	
0.0136579	1.10227e-07	0.0304137	0.0225958	2.57857e-05	0.0223084	4.4218e-06	0.0662921	0.0101344	0.00549028	0.002344	0.38356	0.000825712	0.0143657	3.13138e-05	0.271084	0.131239	0.0256263	2.95903e-10	1.37498e-07	
0.264371	0.0130423	2.31242e-05	0.00622107	0.00225877	0.248369	0.00158859	0.0194722	0.0134779	0.0136198	0.00424393	0.0487897	0.0285093	0.00592284	0.0125993	0.146471	0.0966736	0.0743422	6.82616e-08	5.64047e-06	
0.0260217	0.0487399	0.011343	2.36021e-05	2.47164e-10	0.101525	0.011962	0.000623982	1.00947e-05	0.000668182	0.000882941	0.210795	0.000911244	0.00251752	0.0172764	0.483477	0.0819419	0.00128124	2.93093e-08	1.12398e-08	
0.0171719	0.00197464	6.96683e-05	0.0296079	0.0257655	1.10229e-05	0.0690988	0.0746554	0.0628614	0.313186	0.0189854	0.0782484	4.15348e-05	0.020304	0.0460241	0.0846278	0.150242	0.00380677	0.00294369	0.000374238	
0.220487	9.73101e-08	0.0128819	0.0727905	0.00287521	0.0214855	0.00181012	0.0656081	0.0582112	0.0530725	0.00356767	0.0236017	0.0214522	0.00952618	0.0246079	0.0919483	0.198013	0.110458	0.00120601	0.00639713	
0.390378	0.0158969	7.21217e-05	2.97892e-06	0.021318	0.0308407	0.0175215	0.0737136	0.0135427	0.0138882	0.00337393	0.00848374	0.0308328	0.0159756	1.53754e-06	0.04233	0.0915174	0.229123	5.73445e-56	0.00118788	
0.223428	0.00175615	3.62263e-06	0.00128459	0.0114238	0.00750829	0.00118081	0.0825024	0.000158665	0.0254332	7.89683e-05	0.0993686	0.0297699	0.0098835	0.00167513	0.131441	0.250229	0.119069	3.03029e-09	0.00380532	
0.0135158	0.00356304	1.97685e-06	0.00124908	0.000929342	1.58104e-07	0.000184779	4.54553e-05	0.00305265	0.00359493	0.00017391	1.26939e-05	1.48218e-06	0.00247273	2.33919e-05	0.129428	0.841582	4.36109e-05	2.13732e-31	0.000124338	
0.000354384	0.00247185	1.90052e-07	0.000965846	0.00683185	0.00132161	0.000115311	0.00238677	0.00375567	0.00497402	0.000748177	8.90565e-05	0.00251239	0.000344153	0.00215039	0.0013503	0.000941269	0.000347001	0.959439	0.00890071	
0.0132023	0.0117802	0.0691964	0.0237178	0.00414093	0.0128146	0.293784	0.00397224	0.0449127	0.0144933	1.57111e-08	0.22731	3.18452e-11	0.0855894	0.0684177	0.0613239	0.00845406	0.00281826	3.62315e-16	0.054072	
0.0120346	0.00122198	0.000141157	0.00137544	0.00428439	0.00987012	0.000193095	0.0173458	8.72698e-06	0.0123011	0.000419067	0.053251	0.00557703	1.74102e-08	0.00350026	0.435886	0.440564	0.000423118	0.00128958	0.000313531	
0.00642343	0.00711419	0.000770383	0.0128247	0.00239843	0.0329487	0.0168052	0.00118075	0.015827	0.00308208	1.15613e-05	0.494506	0.0035741	0.0100486	0.0113928	0.378044	0.000166276	8.04264e-05	8.855e-06	0.00279267	
0.15747	0.00138613	0.00429708	0.00573023	0.0462044	2.2696e-07	0.011182	0.242885	1.84556e-07	0.0355646	0.00122187	0.000633635	0.00526909	0.000808957	0.00019748	0.0802903	0.127901	0.260002	3.01273e-06	0.0189531	
0.375162	0.0113072	0.00161431	0.0240031	0.00205812	0.516925	0.00773416	0.0056518	5.28566e-06	0.00179776	0.00220652	0.00161489	3.1776e-06	8.60092e-06	0.0038224	0.0306659	0.00583115	0.00908766	8.54239e-08	0.000501222	
0.000302841	6.74377e-05	0.00113704	0.00183474	0.686462	0.0001787	0.000190727	0.0158539	0.00482474	0.024202	0.0106018	0.00064668	0.000732236	0.000797417	0.000500076	0.00649626	0.00318899	0.0120536	1.15114e-09	0.229929	
0.0815201	0.0733918	3.4396e-08	2.2876e-17	3.58196e-09	0.1314	1.40199e-05	5.00304e-05	0.00246432	0.00984757	0.00182141	0.0808601	0.00278382	0.0116913	0.00770163	0.546973	0.0447104	0.000136357	2.82434e-05	0.00460539	
2.88479e-05	7.93951e-05	0.00558054	0.0106638	6.71219e-05	0.222873	0.00115686	0.000421848	0.00819586	0.000356618	2.45186e-05	0.28216	0.000204136	1.4125e-05	0.0023467	0.421879	0.0427842	0.000314104	6.82048e-09	0.000849296	
6.19363e-05	9.96157e-11	0.00953222	0.00892912	0.00709569	0.000212031	0.434598	5.60725e-06	0.00950503	0.0347918	0.00168644	0.0850069	0.0250551	0.23912	0.0585428	0.0165606	0.00615655	0.00973707	2.51265e-05	0.053378	
0.0454426	0.0160398	0.000303799	0.009317	0.117387	8.51482e-05	0.000388805	0.0859779	2.63497e-05	0.323495	0.11165	0.042395	0.00131065	0.0151126	0.000400604	0.047542	0.0685519	0.0962374	0.0104328	0.00790364	
0.269741	0.00137812	0.00635705	0.012163	0.00065782	0.0237714	0.000201571	0.0915243	0.00485588	0.046086	0.0809173	0.012387	1.12028e-09	0.000280007	0.00831803	0.0675296	0.221208	0.152154	1.33457e-09	0.00047048	
0.149067	4.00535e-07	0.136421	0.114688	0.00312374	0.0505542	0.000640726	0.0565195	0.0301896	0.0110296	0.000866961	0.096989	0.0315588	0.00929687	0.00517986	0.117813	0.0860525	0.0970205	3.81933e-19	0.00298978	
0.0150599	1.20556e-05	4.82047e-07	0.00046925	0.00299957	5.03792e-05	0.02007	0.67375	8.34183e-07	0.0114654	4.46353e-05	0.0644166	0.0145134	0.000212564	0.0283391	0.107909	0.0410258	0.0196197	4.17444e-05	1.29404e-08	
0.524019	4.16475e-05	0.00150561	0.000529692	4.26063e-06	0.0168586	0.00130207	0.0174832	0.00369517	0.000407855	0.000446724	2.25007e-05	0.0166011	0.000344894	5.75429e-09	0.00236532	0.369364	0.0428951	0.00210047	1.31305e-05	
0.380111	0.109254	4.00005e-07	0.00390386	0.00947632	0.000372076	0.00295045	0.0351525	0.000255583	0.0123847	0.0190284	7.70927e-05	0.000278832	0.00289205	2.62093e-10	0.258334	0.119458	0.0459462	1.21498e-05	0.00011232	
0.00548787	0.130897	0.00623237	0.00299018	0.00920148	0.00146415	0.0880106	9.92421e-07	0.0735177	0.041446	4.972e-06	0.0695133	0.00798361	0.0694051	0.366456	0.0922468	2.31387e-05	1.11396e-05	7.31776e-11	0.0351066	
0.00309243	0.00856562	0.00619877	0.0875319	0.000404554	0.0175448	0.167751	0.0368121	0.0829914	0.00736507	0.00189135	0.0299116	0.130232	0.0465446	0.0826987	0.173785	0.0483432	0.00913587	0.00909878	0.0501005	
0.143352	2.59084e-07	0.000228122	0.0249456	0.00376875	0.00315063	0.0163639	6.25082e-05	0.0230547	0.000665271	0.000767674	0.00418052	0.286788	0.0252823	0.0021853	0.357988	0.0981147	0.00590042	8.70439e-08	0.00320187	
0.00530643	0.0332738	0.0184062	0.0152535	0.179948	0.00485483	0.108875	0.0283735	0.0106791	0.125359	0.0103817	0.0262823	0.0124172	0.0336158	0.0108616	0.0397141	0.00527482	0.0104125	1.78528e-07	0.32071	
0.0400028	0.00107262	0.0104783	0.000795668	0.0505208	0.0158957	0.000888616	0.0315585	0.0188688	0.347369	0.00687633	0.00445059	0.119881	0.0613419	0.015391	0.174732	0.0885531	0.0112615	7.00634e-21	6.17266e-05	
0.0656239	1.61603e-08	0.000115544	0.00690608	0.0561065	0.0446478	0.163866	0.0116478	0.0108358	0.173162	0.0226392	0.0395816	0.0468151	0.202221	0.0186972	0.0875192	0.0240716	0.0138892	2.20615e-15	0.0116546	
0.055851	0.255466	7.51496e-05	0.00497198	0.23088	0.0135439	0.000124438	0.0209447	0.00632806	0.0228517	0.00893656	3.29013e-05	0.0004359	0.0105607	4.50104e-05	0.136708	0.000982145	0.0102835	0.0403741	0.180605	
0.0788479	9.63827e-05	0.000206722	0.0237733	0.281205	0.0135921	0.102279	3.79288e-05	0.00149948	0.000174994	0.000322185	2.24016e-05	0.0379205	0.0103195	0.000159982	0.207815	0.0686901	0.00530663	1.49243e-09	0.167731	
0.00259848	0.00210987	0.00433385	0.00908509	0.00719004	0.0011915	0.0222444	0.00212445	0.0816282	0.00252427	0.0365761	0.00803463	0.000431329	0.00514105	0.0128928	0.119631	0.65138	0.00733246	0.0167457	0.00680511	
0.0274506	0.000105386	0.00638233	0.00532934	3.207e-12	0.0101556	0.100354	0.00626536	0.00842512	0.00938144	0.010918	0.00249375	0.0906258	0.677094	0.00385283	0.0180733	0.0212076	0.00188545	9.62542e-18	5.88947e-11	
0.0309747	0.000311191	0.0625744	0.105632	0.0282657	0.000502462	0.0050633	0.00259649	0.0387063	0.0117206	0.000116046	0.000134728	0.413174	0.101051	0.0156125	0.161161	0.00494226	0.0174603	6.66819e-19	1.22755e-06	
0.140518	0.000104304	0.0041214	0.0104864	2.10917e-05	0.0201244	0.00860205	0.000103305	0.00138548	0.00861555	1.10547e-05	0.0339462	0.427126	0.0633813	0.00677035	0.166533	0.0843059	0.0205644	0.00247655	0.000803386	
0.000530923	0.000147168	1.06892e-05	0.000408242	0.00215088	0.000395986	0.487977	0.00971131	0.000380353	0.00192391	4.53951e-05	0.381524	0.0188521	0.0289967	0.024105	0.0055562	0.0133922	9.88324e-05	1.02445e-17	0.0237935	
0.245894	2.82037e-06	0.0154319	0.000678577	0.00142901	0.191614	1.52589e-06	0.0743476	8.70532e-08	0.0725341	3.75576e-06	0.00954296	0.219641	0.0123314	0.000250579	0.0498106	0.000806318	0.100397	5.91808e-11	0.00528227	
7.91036e-06	0.000467431	0.0111482	0.128417	0.000422577	1.32301e-07	0.0173707	0.000342353	0.00239056	0.0353218	3.47072e-05	0.00171665	0.0127603	0.76588	0.0167811	0.00630983	0.000181327	0.000124969	2.48042e-20	0.000322336	
0.00066409	0.0481919	2.74729e-06	0.00630088	0.00101299	0.000645251	0.15901	0.000314885	0.00672775	0.00559744	0.00028398	0.0618595	0.33761	0.00182472	0.0874113	0.272179	0.00412745	0.00621824	1.36327e-12	1.81794e-05	
0.0365407	0.013616	0.0456868	0.0421113	8.32801e-06	0.00048944	0.0337972	0.00251366	0.00295105	0.0464604	0.0337353	0.105073	0.140438	0.00259118	1.18715e-07	0.438312	0.0138645	0.0247397	9.73394e-06	0.0170619	
0.00443951	0.0712627	0.0262138	1.84203e-08	0.0240997	0.0328953	0.298714	0.00400691	2.85897e-06	0.00119419	0.00226167	0.216083	0.00180575	0.0465481	0.0776691	0.0566613	0.00437807	0.000148295	0.00210817	0.129508	
0.00194412	2.88079e-05	0.00464687	0.000197448	0.215896	5.13906e-05	0.0154001	0.13084	0.0206575	0.239401	7.33862e-09	0.0107289	0.0409233	1.24574e-06	7.04791e-05	0.0566751	0.000238555	0.164946	0.0353363	0.0620177	
0.0572094	0.000496315	0.217154	0.202455	0.000110691	0.294969	9.29684e-05	0.00328017	0.00829994	0.000709614	2.30204e-13	0.0880633	0.0078947	0.0286753	0.00864286	0.0679123	0.0136999	7.74882e-05	9.66155e-06	0.00024716	
0.000894371	0.00950742	0.105383	0.188195	2.68213e-06	0.039356	0.121693	6.10135e-06	0.0645677	0.113537	0.00303454	0.050596	1.78509e-13	0.252703	0.00780936	0.00711889	0.00908762	0.026509	2.06217e-09	7.4725e-09	
0.00969852	0.000604013	0.0927445	0.337585	0.00332346	0.0309586	0.00254657	0.00670636	0.238785	0.00590905	0.00994104	0.0763383	0.000254796	0.0998227	0.0477456	0.00989378	0.0075821	0.0195595	3.97589e-17	7.45939e-07	
0.000105628	0.0460453	0.000948344	0.0271779	0.0490515	0.0529801	6.83121e-05	0.0941274	0.0399759	0.0143134	0.00343536	0.00612903	0.0400697	5.87912e-05	0.267199	0.0940522	0.0476217	0.0660215	0.0944079	0.056211	
0.00319741	0.214468	0.000232231	0.000729872	0.0429275	0.00202296	8.11615e-06	0.133035	0.0181433	0.00221254	3.40207e-08	0.0597156	0.0094029	0.00030865	3.9313e-08	0.373157	0.033813	0.0703227	2.90899e-36	0.0363037	
0.00184705	0.000149224	0.000118003	1.49137e-06	0.00726921	0.000464646	0.00567228	0.253741	1.65184e-05	0.325252	0.354039	0.00267778	3.31478e-05	0.000412907	0.00164995	0.00447037	0.00379488	0.0383716	4.45858e-08	1.8214e-05	
0.0337823	0.00252702	0.293677	0.177126	0.0245035	0.0402318	0.00112636	0.0824326	0.0310327	0.0480065	2.12699e-05	0.0108987	0.00639436	0.015119	6.56293e-07	0.0344735	0.000174097	0.193848	1.46532e-12	0.00462494	
2.26097e-06	0.0131163	0.000303016	0.00187361	0.0434407	0.020336	0.103319	0.0365931	0.210264	0.00610509	1.36599e-05	0.264654	0.000641803	0.0354979	0.0870643	0.0629413	0.0242701	0.0139646	5.7285e-07	0.0755991	
0.0142175	0.213708	0.000564575	0.00914042	0.154035	0.0356414	0.0177924	0.0401618	0.0149814	0.0466777	0.0022332	0.0419191	0.00753274	0.0155275	0.0596946	0.164085	0.0163355	0.0183378	0.00317745	0.124237	
4.91036e-05	6.80731e-07	0.000581694	0.017338	0.00121543	0.0232272	0.0310887	0.0590743	0.0100937	0.0837486	0.0011828	0.0160513	0.675658	0.0612556	0.0103138	0.00114582	0.00234559	0.00562305	4.89818e-07	6.53299e-06	
0.0301916	0.00359992	0.00866326	0.102523	0.00565284	0.0099116	0.00505657	0.0426563	0.444262	0.0102838	0.0175253	0.00837026	0.00588264	0.116396	0.0403309	0.0016661	0.123358	0.0222424	0.000166715	0.0012611	
0.000231544	0.00451923	0.0715018	0.000105123	0.0349123	0.00635165	0.030587	0.278288	0.015819	0.0392438	0.0361353	0.165757	2.49417e-07	0.0250523	0.00704123	0.0763465	0.102773	0.0931645	5.49389e-16	0.0121709	
0.00105775	1.22072e-11	0.00729767	0.0575477	4.33202e-07	4.7147e-07	0.00559701	0.091938	0.149432	0.122253	0.15898	0.116935	5.80333e-11	0.0116284	0.070047	0.0656928	0.0530658	0.0682595	0.00933873	0.0109287	
0.00386016	0.0421542	0.0340826	0.0189379	0.157325	2.57121e-05	2.89156e-05	0.161523	0.0107956	0.169539	3.17379e-09	0.0404923	0.019738	0.000271635	0.00401644	0.151105	0.0474163	0.113228	2.03346e-15	0.0254605	
0.25128	2.88972e-11	0.00725302	0.0667973	4.53314e-08	0.0154138	0.000540897	0.0623919	0.00389255	0.000297572	0.00848094	0.00122577	0.300211	0.0362832	0.00263382	0.0391763	0.0909235	0.112833	5.12698e-06	0.000360348	
0.231436	0.00410125	0.0357289	0.0312492	0.011662	0.0894592	0.00120972	0.0701018	0.00389946	0.0687789	0.0265811	0.00411667	0.0241209	0.0173877	0.0183635	0.0392008	0.0465117	0.272941	2.3524e-16	0.00315057	
0.0037131	0.00147861	0.00251272	0.0214865	0.00779681	0.00647333	0.0341808	0.0174195	0.234712	0.0599251	0.017089	0.000713602	0.110665	0.0621062	0.244222	0.0625635	6.88741e-08	0.112916	9.147e-11	2.52588e-05	
0.000945387	0.0463409	0.200582	0.332424	0.0273889	0.0211963	0.0108502	0.0576925	5.15249e-05	0.191873	2.69176e-05	8.52577e-05	5.91362e-05	0.0156733	0.0301446	0.00776494	0.0079251	0.0489746	1.37574e-12	1.41918e-06	
0.0199655	1.16606e-08	3.05534e-05	0.0704348	7.23638e-09	0.00420842	0.0158573	0.00737233	0.234599	0.146323	0.0581772	0.0171775	0.00209788	0.34336	0.0288298	0.00744094	0.0264147	0.000406111	4.48078e-15	0.0173052	
0.0712944	0.00759609	0.0174298	0.193179	0.00145472	2.32686e-08	6.7739e-05	0.196916	0.0106232	0.0612232	0.0637343	0.000534616	5.39632e-08	0.0128514	0.0233377	0.000481978	0.0945088	0.244767	8.4264e-13	2.52002e-07	
1.74481e-07	3.56296e-10	0.00293648	4.73847e-08	0.00468089	1.33404e-07	2.42057e-06	0.439148	0.00740473	0.00837995	0.000102014	0.0044393	2.05893e-06	8.45667e-05	1.32493e-10	0.00101935	0.385034	0.144059	0.0025354	0.000171063	
0.582318	7.99835e-09	0.00158883	0.0134384	0.00967697	0.000598665	0.00428439	0.00192389	0.0342415	0.000597435	0.0209397	0.00026904	0.00253126	0.00038752	0.0286519	0.229758	0.00418648	0.0469905	0.0123399	0.00527826	
0.029541	0.0349568	0.0249817	0.00781022	0.106903	1.1611e-05	0.1475	0.0218074	0.00727834	0.000224547	0.00947847	0.108702	0.0306276	0.00860596	0.0187096	0.0604412	0.0118546	0.0207784	0.011716	0.338071	
0.0432019	2.89775e-12	0.0813814	0.000214721	0.000582854	0.227507	0.00285989	0.030032	0.040834	0.0225656	0.000194058	0.172908	0.0106741	0.0221564	0.0205433	0.285952	0.0166528	0.0214217	6.558e-23	0.000318367	
0.183157	0.000156483	4.36792e-07	0.00055624	0.0225513	2.2949e-06	0.0224281	0.00962655	0.260143	0.00103978	0.00150437	0.00965304	0.0892822	0.0434313	0.156418	0.0422858	0.087772	0.0573727	1.43795e-07	0.0126198	
0.0408055	0.0605189	9.30627e-06	5.76462e-13	0.00618656	0.072329	0.0150045	0.00538872	0.0353089	0.0169688	2.03485e-11	0.0173654	6.96399e-09	0.0111914	1.54648e-06	0.523446	0.174742	0.000720315	0.0200131	2.77801e-08	
2.46866e-06	4.9296e-05	0.0599072	0.384451	0.0149678	0.00147572	0.0353944	0.167627	0.0023749	0.0127057	8.38327e-12	0.0493701	0.000382791	0.0372596	0.000590835	0.179879	0.00135791	0.0506763	0.00085477	0.000674069	
9.01546e-05	0.027049	0.000723665	0.0846288	1.12626e-05	0.435637	0.000141882	0.0377755	6.31272e-08	0.140437	0.000216778	0.0362883	0.0297676	0.00629262	0.0138251	0.0856457	0.100629	0.000840057	6.0585e-27	3.28388e-07	
0.130065	6.84244e-07	0.000627231	0.0726816	0.000799917	0.460156	0.00110724	0.0517456	4.37006e-08	0.0310531	0.00877711	0.0266796	6.59787e-06	2.54804e-06	0.0950715	0.0272703	0.0247489	0.06912	8.66507e-05	1.70025e-12	
