37
Allox_ar   0.0000000 0.2198076 0.2348938 0.2347062 0.2237283 0.2206199 0.2233946 0.2371372 0.2079803 0.1954126 0.2290597 0.3637492 0.2330460 0.2459571 0.2446740 0.3426871 0.3032082 0.2310756 0.2193529 0.2259905 0.2825260 0.2774774 0.2885300 0.1796119 0.2185348 0.2287898 0.1564115 0.2387323 0.2261622 0.2429054 0.2389104 0.2364162 0.2392766 0.2403005 0.4437906 0.4337332 0.4773058 
Andr_cur   0.2198076 0.0000000 0.0417715 0.0518610 0.0291305 0.1198735 0.1210047 0.0501052 0.0422605 0.2177574 0.0865105 0.3342124 0.1097981 0.1190711 0.2233328 0.3231344 0.2974759 0.1341064 0.1061807 0.1249870 0.2907556 0.2903469 0.2992772 0.1817299 0.1893623 0.1150637 0.2086463 0.1346658 0.0909632 0.1363509 0.1397788 0.1354018 0.1429236 0.1421372 0.4215291 0.4136902 0.4623581 
Andr_gro   0.2348938 0.0417715 0.0000000 0.0630228 0.0446083 0.1304769 0.1342407 0.0554497 0.0497900 0.2312124 0.0984915 0.3464361 0.1275205 0.1353134 0.2382817 0.3407332 0.3177212 0.1473201 0.1198663 0.1362438 0.3042492 0.3024404 0.3107151 0.1977001 0.2048732 0.1278347 0.2237338 0.1479208 0.1067230 0.1523954 0.1531375 0.1520438 0.1572978 0.1553893 0.4444329 0.4361304 0.4637798 
Andr_qln   0.2347062 0.0518610 0.0630228 0.0000000 0.0600288 0.1388763 0.1394666 0.0507654 0.0491831 0.2357337 0.1019356 0.3495388 0.1312095 0.1387536 0.2418583 0.3396569 0.3140180 0.1521465 0.1214202 0.1438503 0.3070384 0.3086158 0.3180987 0.1985635 0.2074672 0.1330140 0.2253132 0.1516151 0.1103312 0.1562312 0.1580584 0.1570423 0.1618832 0.1604474 0.4421715 0.4344045 0.4732558 
Andr_qrm   0.2237283 0.0291305 0.0446083 0.0600288 0.0000000 0.1265093 0.1303592 0.0529986 0.0413250 0.2240717 0.0950259 0.3312523 0.1199220 0.1299283 0.2287909 0.3282163 0.3103350 0.1423805 0.1158983 0.1319563 0.2964608 0.2962339 0.3041560 0.1906766 0.1961940 0.1246526 0.2156201 0.1442464 0.1024577 0.1439596 0.1470854 0.1441405 0.1502084 0.1488385 0.4241645 0.4175112 0.4455280 
Aula_tav   0.2206199 0.1198735 0.1304769 0.1388763 0.1265093 0.0000000 0.0526272 0.1359761 0.1254704 0.2145533 0.1289923 0.3294684 0.1318999 0.1326227 0.2207428 0.3270015 0.3012408 0.0651946 0.1157811 0.0469665 0.2869069 0.2839720 0.2944532 0.1786477 0.1857043 0.1248381 0.2057199 0.1210163 0.1218733 0.1360773 0.1395549 0.1372005 0.1422896 0.1410229 0.4232988 0.4179119 0.4669135 
Aylax_hy   0.2233946 0.1210047 0.1342407 0.1394666 0.1303592 0.0526272 0.0000000 0.1372713 0.1211088 0.2171429 0.1346127 0.3318631 0.1329092 0.1351046 0.2221563 0.3276406 0.3048871 0.0656013 0.1187375 0.0577063 0.2904348 0.2891083 0.3010479 0.1813207 0.1886006 0.1270800 0.2071954 0.1240000 0.1216775 0.1394512 0.1447546 0.1415488 0.1454488 0.1450614 0.4272346 0.4214900 0.4708726 
Beloc_tr   0.2371372 0.0501052 0.0554497 0.0507654 0.0529986 0.1359761 0.1372713 0.0000000 0.0461387 0.2336270 0.1018009 0.3406258 0.1340661 0.1398024 0.2385122 0.3433091 0.3184933 0.1496317 0.1207148 0.1401234 0.3059593 0.3034398 0.3137566 0.1984258 0.2064032 0.1315831 0.2249128 0.1518752 0.1100028 0.1569116 0.1568915 0.1550734 0.1602360 0.1587151 0.4406706 0.4364785 0.4774859 
Bior_pal   0.2079803 0.0422605 0.0497900 0.0491831 0.0413250 0.1254704 0.1211088 0.0461387 0.0000000 0.2154299 0.0910820 0.2843293 0.1207613 0.1304253 0.2126007 0.3119739 0.3405770 0.1409831 0.1035747 0.1240637 0.2752687 0.2738698 0.2866458 0.1755419 0.1807014 0.1172657 0.1984553 0.1353458 0.1066224 0.1385639 0.1448865 0.1427907 0.1502696 0.1472803 0.4032005 0.4248433 0.4882096 
Callas_no  0.1954126 0.2177574 0.2312124 0.2357337 0.2240717 0.2145533 0.2171429 0.2336270 0.2154299 0.0000000 0.2253796 0.3444157 0.2250120 0.2388717 0.2414977 0.3577167 0.2905610 0.2276264 0.2145672 0.2205376 0.2805732 0.2756581 0.2891610 0.1704796 0.2124712 0.2310700 0.1759350 0.2368908 0.2194287 0.2357729 0.2347250 0.2305189 0.2370648 0.2367162 0.4432197 0.4423799 0.4920751 
Calli_sp   0.2290597 0.0865105 0.0984915 0.1019356 0.0950259 0.1289923 0.1346127 0.1018009 0.0910820 0.2253796 0.0000000 0.3393679 0.1275591 0.1353661 0.2361840 0.3314890 0.3042701 0.1437361 0.1151105 0.1353677 0.2923950 0.2949165 0.3008416 0.1954089 0.2021676 0.1289198 0.2165636 0.1470432 0.1069627 0.1516973 0.1522202 0.1496142 0.1527731 0.1518910 0.4215933 0.4212552 0.4527448 
Cecin_ib   0.3637492 0.3342124 0.3464361 0.3495388 0.3312523 0.3294684 0.3318631 0.3406258 0.2843293 0.3444157 0.3393679 0.0000000 0.3482308 0.3561676 0.3420888 0.4577858 0.4287080 0.3481032 0.3201317 0.3319452 0.4173478 0.4089612 0.4116413 0.3153230 0.3111843 0.3378092 0.3415617 0.3510093 0.3272408 0.3547961 0.3483115 0.3430707 0.3542049 0.3518216 0.4537730 0.4455152 0.5312706 
Cerop_ma   0.2330460 0.1097981 0.1275205 0.1312095 0.1199220 0.1318999 0.1329092 0.1340661 0.1207613 0.2250120 0.1275591 0.3482308 0.0000000 0.1297085 0.2278383 0.3434742 0.3159443 0.1454986 0.1116491 0.1366037 0.3036498 0.3026025 0.3108820 0.1919626 0.1995326 0.1234244 0.2223686 0.1448687 0.1123970 0.1450920 0.1498684 0.1432325 0.1516959 0.1521685 0.4384465 0.4312056 0.4786963 
Diast_ki   0.2459571 0.1190711 0.1353134 0.1387536 0.1299283 0.1326227 0.1351046 0.1398024 0.1304253 0.2388717 0.1353661 0.3561676 0.1297085 0.0000000 0.2424614 0.3516005 0.3228629 0.1489809 0.1175537 0.1389432 0.3142598 0.3146010 0.3288656 0.1996795 0.2109788 0.0775401 0.2312494 0.1484922 0.1190302 0.1516982 0.1580018 0.1531354 0.1597176 0.1603035 0.4500631 0.4431390 0.4950776 
Dipl_spi   0.2446740 0.2233328 0.2382817 0.2418583 0.2287909 0.2207428 0.2221563 0.2385122 0.2126007 0.2414977 0.2361840 0.3420888 0.2278383 0.2424614 0.0000000 0.3527966 0.3340686 0.2293867 0.2184252 0.2241808 0.3095315 0.3051406 0.3129082 0.2028305 0.1756902 0.2257899 0.2276241 0.2382002 0.2281243 0.2445048 0.2400826 0.2387318 0.2421892 0.2428537 0.4461537 0.4372336 0.4700009 
Escha_ac   0.3426871 0.3231344 0.3407332 0.3396569 0.3282163 0.3270015 0.3276406 0.3433091 0.3119739 0.3577167 0.3314890 0.4577858 0.3434742 0.3516005 0.3527966 0.0000000 0.4327657 0.3388050 0.3171239 0.3259286 0.3887302 0.4012895 0.4018450 0.3218441 0.3401182 0.3343123 0.3439444 0.3175812 0.3351709 0.3402403 0.3519318 0.3440579 0.3492393 0.3512146 0.5231834 0.5268784 0.5633395 
Gana_sp1   0.3032082 0.2974759 0.3177212 0.3140180 0.3103350 0.3012408 0.3048871 0.3184933 0.3405770 0.2905610 0.3042701 0.4287080 0.3159443 0.3228629 0.3340686 0.4327657 0.0000000 0.3214398 0.3065603 0.3028338 0.2402692 0.2496844 0.2530302 0.2669795 0.3143042 0.3154311 0.2784666 0.3036006 0.2952214 0.3188363 0.3294147 0.3180527 0.3320777 0.3285433 0.5424236 0.5374973 0.6516365 
Hedic_le   0.2310756 0.1341064 0.1473201 0.1521465 0.1423805 0.0651946 0.0656013 0.1496317 0.1409831 0.2276264 0.1437361 0.3481032 0.1454986 0.1489809 0.2293867 0.3388050 0.3214398 0.0000000 0.1207675 0.0710555 0.2986732 0.2947418 0.3093445 0.1898857 0.1990004 0.1383354 0.2170877 0.1338126 0.1366181 0.1526475 0.1539935 0.1507837 0.1579166 0.1575196 0.4424541 0.4330369 0.4801200 
Irae_his   0.2193529 0.1061807 0.1198663 0.1214202 0.1158983 0.1157811 0.1187375 0.1207148 0.1035747 0.2145672 0.1151105 0.3201317 0.1116491 0.1175537 0.2184252 0.3171239 0.3065603 0.1207675 0.0000000 0.1192986 0.2942279 0.2951549 0.3036633 0.1842290 0.1894816 0.1133471 0.2031503 0.1280591 0.1046923 0.1359501 0.1377157 0.1363042 0.1412002 0.1410831 0.4275403 0.4150983 0.4615567 
Isoc_cen   0.2259905 0.1249870 0.1362438 0.1438503 0.1319563 0.0469665 0.0577063 0.1401234 0.1240637 0.2205376 0.1353677 0.3319452 0.1366037 0.1389432 0.2241808 0.3259286 0.3028338 0.0710555 0.1192986 0.0000000 0.2874565 0.2855634 0.2944536 0.1836708 0.1921683 0.1317531 0.2087614 0.1251451 0.1260213 0.1419407 0.1457280 0.1457372 0.1493549 0.1480949 0.4205115 0.4225246 0.4731490 
Lepto_bo   0.2825260 0.2907556 0.3042492 0.3070384 0.2964608 0.2869069 0.2904348 0.3059593 0.2752687 0.2805732 0.2923950 0.4173478 0.3036498 0.3142598 0.3095315 0.3887302 0.2402692 0.2986732 0.2942279 0.2874565 0.0000000 0.1310526 0.1400633 0.2617773 0.2946407 0.3008740 0.2756286 0.3004866 0.2956384 0.3124837 0.3053963 0.3018419 0.3123232 0.3085483 0.4674382 0.4626743 0.5089642 
Lepto_cl   0.2774774 0.2903469 0.3024404 0.3086158 0.2962339 0.2839720 0.2891083 0.3034398 0.2738698 0.2756581 0.2949165 0.4089612 0.3026025 0.3146010 0.3051406 0.4012895 0.2496844 0.2947418 0.2951549 0.2855634 0.1310526 0.0000000 0.0999020 0.2583002 0.2914806 0.3005553 0.2667340 0.3060996 0.3005357 0.3110524 0.3043637 0.2993149 0.3065813 0.3045536 0.4700918 0.4605651 0.5075181 
Lepto_he   0.2885300 0.2992772 0.3107151 0.3180987 0.3041560 0.2944532 0.3010479 0.3137566 0.2866458 0.2891610 0.3008416 0.4116413 0.3108820 0.3288656 0.3129082 0.4018450 0.2530302 0.3093445 0.3036633 0.2944536 0.1400633 0.0999020 0.0000000 0.2675217 0.3103503 0.3059074 0.2803833 0.3110269 0.3037354 0.3165007 0.3139285 0.3090609 0.3173492 0.3138138 0.4687666 0.4686991 0.5146703 
Parn_nig   0.1796119 0.1817299 0.1977001 0.1985635 0.1906766 0.1786477 0.1813207 0.1984258 0.1755419 0.1704796 0.1954089 0.3153230 0.1919626 0.1996795 0.2028305 0.3218441 0.2669795 0.1898857 0.1842290 0.1836708 0.2617773 0.2583002 0.2675217 0.0000000 0.1683385 0.1944296 0.1595114 0.1953121 0.1874272 0.2016329 0.2015041 0.1957379 0.2047369 0.2025322 0.4195237 0.4124663 0.4623779 
Pedia_ac   0.2185348 0.1893623 0.2048732 0.2074672 0.1961940 0.1857043 0.1886006 0.2064032 0.1807014 0.2124712 0.2021676 0.3111843 0.1995326 0.2109788 0.1756902 0.3401182 0.3143042 0.1990004 0.1894816 0.1921683 0.2946407 0.2914806 0.3103503 0.1683385 0.0000000 0.2009829 0.2016219 0.2011396 0.1998639 0.2106179 0.2109480 0.2048520 0.2112189 0.2096382 0.4142136 0.4094412 0.4520819 
Peric_JH   0.2287898 0.1150637 0.1278347 0.1330140 0.1246526 0.1248381 0.1270800 0.1315831 0.1172657 0.2310700 0.1289198 0.3378092 0.1234244 0.0775401 0.2257899 0.3343123 0.3154311 0.1383354 0.1133471 0.1317531 0.3008740 0.3005553 0.3059074 0.1944296 0.2009829 0.0000000 0.2118669 0.1430441 0.1194386 0.1470443 0.1471274 0.1472369 0.1482399 0.1481227 0.4386301 0.4244427 0.4727518 
Phaen_vi   0.1564115 0.2086463 0.2237338 0.2253132 0.2156201 0.2057199 0.2071954 0.2249128 0.1984553 0.1759350 0.2165636 0.3415617 0.2223686 0.2312494 0.2276241 0.3439444 0.2784666 0.2170877 0.2031503 0.2087614 0.2756286 0.2667340 0.2803833 0.1595114 0.2016219 0.2118669 0.0000000 0.2198074 0.2127459 0.2306538 0.2237153 0.2226399 0.2280722 0.2267645 0.4387555 0.4422164 0.4838442 
Phana_JH   0.2387323 0.1346658 0.1479208 0.1516151 0.1442464 0.1210163 0.1240000 0.1518752 0.1353458 0.2368908 0.1470432 0.3510093 0.1448687 0.1484922 0.2382002 0.3175812 0.3036006 0.1338126 0.1280591 0.1251451 0.3004866 0.3060996 0.3110269 0.1953121 0.2011396 0.1430441 0.2198074 0.0000000 0.1342969 0.1502272 0.1552426 0.1553307 0.1620439 0.1598919 0.4266133 0.4366184 0.4762101 
Prot_spe   0.2261622 0.0909632 0.1067230 0.1103312 0.1024577 0.1218733 0.1216775 0.1100028 0.1066224 0.2194287 0.1069627 0.3272408 0.1123970 0.1190302 0.2281243 0.3351709 0.2952214 0.1366181 0.1046923 0.1260213 0.2956384 0.3005357 0.3037354 0.1874272 0.1998639 0.1194386 0.2127459 0.1342969 0.0000000 0.1338409 0.1433146 0.1381570 0.1448388 0.1453591 0.4228233 0.4165653 0.4627427 
Qwaq_sco   0.2429054 0.1363509 0.1523954 0.1562312 0.1439596 0.1360773 0.1394512 0.1569116 0.1385639 0.2357729 0.1516973 0.3547961 0.1450920 0.1516982 0.2445048 0.3402403 0.3188363 0.1526475 0.1359501 0.1419407 0.3124837 0.3110524 0.3165007 0.2016329 0.2106179 0.1470443 0.2306538 0.1502272 0.1338409 0.0000000 0.1565595 0.1531902 0.1622286 0.1624886 0.4430231 0.4398718 0.4933266 
Syne_gif   0.2389104 0.1397788 0.1531375 0.1580584 0.1470854 0.1395549 0.1447546 0.1568915 0.1448865 0.2347250 0.1522202 0.3483115 0.1498684 0.1580018 0.2400826 0.3519318 0.3294147 0.1539935 0.1377157 0.1457280 0.3053963 0.3043637 0.3139285 0.2015041 0.2109480 0.1471274 0.2237153 0.1552426 0.1433146 0.1565595 0.0000000 0.0361082 0.0358890 0.0344250 0.4406189 0.4322831 0.4788942 
Syne_ito   0.2364162 0.1354018 0.1520438 0.1570423 0.1441405 0.1372005 0.1415488 0.1550734 0.1427907 0.2305189 0.1496142 0.3430707 0.1432325 0.1531354 0.2387318 0.3440579 0.3180527 0.1507837 0.1363042 0.1457372 0.3018419 0.2993149 0.3090609 0.1957379 0.2048520 0.1472369 0.2226399 0.1553307 0.1381570 0.1531902 0.0361082 0.0000000 0.0444155 0.0427023 0.4275539 0.4214239 0.4690958 
Syne_jap   0.2392766 0.1429236 0.1572978 0.1618832 0.1502084 0.1422896 0.1454488 0.1602360 0.1502696 0.2370648 0.1527731 0.3542049 0.1516959 0.1597176 0.2421892 0.3492393 0.3320777 0.1579166 0.1412002 0.1493549 0.3123232 0.3065813 0.3173492 0.2047369 0.2112189 0.1482399 0.2280722 0.1620439 0.1448388 0.1622286 0.0358890 0.0444155 0.0000000 0.0139189 0.4415651 0.4323502 0.4809508 
Syne_umb   0.2403005 0.1421372 0.1553893 0.1604474 0.1488385 0.1410229 0.1450614 0.1587151 0.1472803 0.2367162 0.1518910 0.3518216 0.1521685 0.1603035 0.2428537 0.3512146 0.3285433 0.1575196 0.1410831 0.1480949 0.3085483 0.3045536 0.3138138 0.2025322 0.2096382 0.1481227 0.2267645 0.1598919 0.1453591 0.1624886 0.0344250 0.0427023 0.0139189 0.0000000 0.4371835 0.4313811 0.4762972 
Nasoniav   0.4437906 0.4215291 0.4444329 0.4421715 0.4241645 0.4232988 0.4272346 0.4406706 0.4032005 0.4432197 0.4215933 0.4537730 0.4384465 0.4500631 0.4461537 0.5231834 0.5424236 0.4424541 0.4275403 0.4205115 0.4674382 0.4700918 0.4687666 0.4195237 0.4142136 0.4386301 0.4387555 0.4266133 0.4228233 0.4430231 0.4406189 0.4275539 0.4415651 0.4371835 0.0000000 0.4270897 0.4684688 
Orussusa   0.4337332 0.4136902 0.4361304 0.4344045 0.4175112 0.4179119 0.4214900 0.4364785 0.4248433 0.4423799 0.4212552 0.4455152 0.4312056 0.4431390 0.4372336 0.5268784 0.5374973 0.4330369 0.4150983 0.4225246 0.4626743 0.4605651 0.4686991 0.4124663 0.4094412 0.4244427 0.4422164 0.4366184 0.4165653 0.4398718 0.4322831 0.4214239 0.4323502 0.4313811 0.4270897 0.0000000 0.4295134 
Micropld   0.4773058 0.4623581 0.4637798 0.4732558 0.4455280 0.4669135 0.4708726 0.4774859 0.4882096 0.4920751 0.4527448 0.5312706 0.4786963 0.4950776 0.4700009 0.5633395 0.6516365 0.4801200 0.4615567 0.4731490 0.5089642 0.5075181 0.5146703 0.4623779 0.4520819 0.4727518 0.4838442 0.4762101 0.4627427 0.4933266 0.4788942 0.4690958 0.4809508 0.4762972 0.4684688 0.4295134 0.0000000 
