37
Allox_ar   0.0000000 0.1578495 0.1780136 0.1906958 0.1535799 0.1568257 0.1589548 0.1645174 0.1647010 0.1413387 0.1734765 0.2456299 0.1612465 0.1570777 0.1745485 0.2967137 0.1987746 0.1596678 0.1414969 0.1627714 0.2118725 0.2070608 0.2118802 0.1237053 0.1680050 0.1606407 0.1134618 0.1587599 0.1603590 0.1664256 0.1734401 0.1718171 0.1704776 0.1752595 0.4809981 0.4305778 0.5188836 
Andr_cur   0.1578495 0.0000000 0.0431626 0.0601300 0.0200473 0.0948910 0.0962699 0.0399874 0.0433449 0.1580419 0.0726934 0.2436390 0.0862703 0.0883879 0.1625543 0.2856975 0.2056600 0.0987551 0.0704948 0.1005390 0.2226828 0.2201034 0.2238317 0.1304933 0.1492072 0.0909230 0.1479256 0.0989620 0.0781589 0.0970080 0.1053235 0.1046816 0.1060589 0.1075155 0.4829346 0.4254768 0.5143512 
Andr_gro   0.1780136 0.0431626 0.0000000 0.0752739 0.0395469 0.1133670 0.1152982 0.0559863 0.0481823 0.1747592 0.0894894 0.2574178 0.1037136 0.1052026 0.1838425 0.3102367 0.2279855 0.1158453 0.0827027 0.1188263 0.2469846 0.2431262 0.2483998 0.1486677 0.1667139 0.1040677 0.1674124 0.1143158 0.0960253 0.1151542 0.1234167 0.1222676 0.1245604 0.1275852 0.5195295 0.4583735 0.5530371 
Andr_qln   0.1906958 0.0601300 0.0752739 0.0000000 0.0643950 0.1279386 0.1285540 0.0571076 0.0542492 0.1825405 0.1010371 0.2663338 0.1187167 0.1206893 0.1949071 0.3187724 0.2419686 0.1278481 0.0934412 0.1338193 0.2576952 0.2550285 0.2589922 0.1638492 0.1827632 0.1240100 0.1804382 0.1246045 0.1098373 0.1305734 0.1379292 0.1373994 0.1374231 0.1418581 0.5283170 0.4657820 0.5585335 
Andr_qrm   0.1535799 0.0200473 0.0395469 0.0643950 0.0000000 0.0932941 0.0949563 0.0382662 0.0399503 0.1525742 0.0696104 0.2396206 0.0825536 0.0850853 0.1601060 0.2812608 0.1985558 0.0950700 0.0689477 0.0986077 0.2175433 0.2151158 0.2211467 0.1308850 0.1460241 0.0866573 0.1445437 0.0977467 0.0737639 0.0931414 0.1037861 0.1025484 0.1034956 0.1063265 0.4736168 0.4277958 0.5128111 
Aula_tav   0.1568257 0.0948910 0.1133670 0.1279386 0.0932941 0.0000000 0.0390538 0.1019813 0.0907801 0.1534990 0.1078397 0.2304867 0.0971586 0.0942484 0.1572801 0.2756873 0.1946632 0.0426619 0.0756681 0.0354590 0.2151000 0.2122866 0.2177834 0.1265373 0.1458207 0.0955907 0.1447742 0.0893662 0.1017367 0.0962546 0.1062073 0.1044747 0.1057469 0.1092435 0.4712449 0.4170988 0.4969606 
Aylax_hy   0.1589548 0.0962699 0.1152982 0.1285540 0.0949563 0.0390538 0.0000000 0.1029935 0.0953129 0.1547793 0.1088579 0.2290049 0.0974357 0.0947669 0.1600356 0.2776282 0.2003737 0.0435548 0.0749219 0.0443538 0.2177480 0.2139725 0.2218088 0.1298617 0.1476195 0.0954692 0.1463556 0.0909566 0.1005696 0.0970205 0.1082858 0.1057283 0.1068407 0.1100176 0.4757616 0.4208025 0.5035979 
Beloc_tr   0.1645174 0.0399874 0.0559863 0.0571076 0.0382662 0.1019813 0.1029935 0.0000000 0.0349625 0.1612330 0.0818265 0.2448023 0.0920800 0.0940132 0.1690600 0.2879477 0.2089182 0.1050486 0.0774917 0.1076561 0.2250792 0.2237135 0.2273317 0.1381945 0.1550747 0.0957140 0.1511242 0.1065027 0.0824522 0.1034936 0.1109357 0.1093479 0.1118480 0.1149153 0.4883530 0.4299739 0.5195576 
Bior_pal   0.1647010 0.0433449 0.0481823 0.0542492 0.0399503 0.0907801 0.0953129 0.0349625 0.0000000 0.1578328 0.0803777 0.2093914 0.0807709 0.0828199 0.1638721 0.2605409 0.1919294 0.0923172 0.0691047 0.0964647 0.2136654 0.2109022 0.2148845 0.1420892 0.1443023 0.0960388 0.1462814 0.1011385 0.0779076 0.0953184 0.0973852 0.0960320 0.0977021 0.1038563 0.4996652 0.4226780 0.5099769 
Callas_no  0.1413387 0.1580419 0.1747592 0.1825405 0.1525742 0.1534990 0.1547793 0.1612330 0.1578328 0.0000000 0.1707388 0.2390207 0.1562857 0.1557979 0.1704378 0.2967973 0.1922597 0.1576841 0.1327117 0.1569628 0.2021746 0.2008529 0.2075115 0.1185406 0.1585335 0.1583516 0.1269780 0.1565878 0.1638435 0.1619592 0.1688419 0.1662645 0.1667636 0.1707931 0.5012416 0.4489018 0.5325519 
Calli_sp   0.1734765 0.0726934 0.0894894 0.1010371 0.0696104 0.1078397 0.1088579 0.0818265 0.0803777 0.1707388 0.0000000 0.2464455 0.1011803 0.0993051 0.1768088 0.2993424 0.2203961 0.1120032 0.0764383 0.1151652 0.2355891 0.2346911 0.2387312 0.1491690 0.1644494 0.1038477 0.1634884 0.1161701 0.0914725 0.1110165 0.1221422 0.1191223 0.1201322 0.1240939 0.4884499 0.4343992 0.5292865 
Cecin_ib   0.2456299 0.2436390 0.2574178 0.2663338 0.2396206 0.2304867 0.2290049 0.2448023 0.2093914 0.2390207 0.2464455 0.0000000 0.2394786 0.2383041 0.2370675 0.3626918 0.2789965 0.2301849 0.2086924 0.2326249 0.2919856 0.2918456 0.2927573 0.2233287 0.2273269 0.2382904 0.2373781 0.2233377 0.2461412 0.2433883 0.2443670 0.2491811 0.2454863 0.2515159 0.4958402 0.4278796 0.5211864 
Cerop_ma   0.1612465 0.0862703 0.1037136 0.1187167 0.0825536 0.0971586 0.0974357 0.0920800 0.0807709 0.1562857 0.1011803 0.2394786 0.0000000 0.0882745 0.1669972 0.2910052 0.2084105 0.0990660 0.0743714 0.1026790 0.2262861 0.2250287 0.2299371 0.1364203 0.1503216 0.0887583 0.1491478 0.1011357 0.0901280 0.0984856 0.1064703 0.1053993 0.1070699 0.1102487 0.4864888 0.4366115 0.5254049 
Diast_ki   0.1570777 0.0883879 0.1052026 0.1206893 0.0850853 0.0942484 0.0947669 0.0940132 0.0828199 0.1557979 0.0993051 0.2383041 0.0882745 0.0000000 0.1624773 0.2815218 0.2016368 0.0984606 0.0786598 0.0995683 0.2192274 0.2173648 0.2230899 0.1321725 0.1479197 0.0432687 0.1439201 0.0993759 0.0910172 0.0968764 0.1057965 0.1050453 0.1072046 0.1103056 0.4716435 0.4183491 0.5041412 
Dipl_spi   0.1745485 0.1625543 0.1838425 0.1949071 0.1601060 0.1572801 0.1600356 0.1690600 0.1638721 0.1704378 0.1768088 0.2370675 0.1669972 0.1624773 0.0000000 0.2966600 0.2151127 0.1613356 0.1428802 0.1635506 0.2321112 0.2301271 0.2349492 0.1452919 0.1325900 0.1646230 0.1667569 0.1551751 0.1697730 0.1641286 0.1734379 0.1727590 0.1721456 0.1771185 0.4788220 0.4260447 0.5091085 
Escha_ac   0.2967137 0.2856975 0.3102367 0.3187724 0.2812608 0.2756873 0.2776282 0.2879477 0.2605409 0.2967973 0.2993424 0.3626918 0.2910052 0.2815218 0.2966600 0.0000000 0.3233495 0.2788178 0.2529472 0.2808145 0.3375792 0.3360969 0.3376307 0.2742666 0.2924132 0.2863104 0.2856189 0.2692537 0.2967300 0.2859778 0.2935193 0.2901297 0.2853188 0.2946392 0.5660189 0.5198690 0.5955676 
Gana_sp1   0.1987746 0.2056600 0.2279855 0.2419686 0.1985558 0.1946632 0.2003737 0.2089182 0.1919294 0.1922597 0.2203961 0.2789965 0.2084105 0.2016368 0.2151127 0.3233495 0.0000000 0.1995840 0.1751757 0.2025414 0.1578660 0.1592553 0.1614187 0.1808223 0.2086438 0.2102470 0.1857657 0.1970835 0.2086565 0.2067759 0.2079537 0.2029377 0.2067075 0.2053056 0.4989474 0.4428071 0.5097688 
Hedic_le   0.1596678 0.0987551 0.1158453 0.1278481 0.0950700 0.0426619 0.0435548 0.1050486 0.0923172 0.1576841 0.1120032 0.2301849 0.0990660 0.0984606 0.1613356 0.2788178 0.1995840 0.0000000 0.0773923 0.0467592 0.2177100 0.2136927 0.2192594 0.1310420 0.1471184 0.0994247 0.1484615 0.0915241 0.1018395 0.0995850 0.1082510 0.1068948 0.1078535 0.1083784 0.4727625 0.4174680 0.5013399 
Irae_his   0.1414969 0.0704948 0.0827027 0.0934412 0.0689477 0.0756681 0.0749219 0.0774917 0.0691047 0.1327117 0.0764383 0.2086924 0.0743714 0.0786598 0.1428802 0.2529472 0.1751757 0.0773923 0.0000000 0.0799779 0.1984302 0.1961920 0.2022940 0.1128928 0.1286742 0.0742956 0.1251637 0.0783623 0.0743521 0.0814537 0.0954284 0.0958783 0.0976411 0.1008512 0.4392599 0.3873690 0.4864371 
Isoc_cen   0.1627714 0.1005390 0.1188263 0.1338193 0.0986077 0.0354590 0.0443538 0.1076561 0.0964647 0.1569628 0.1151652 0.2326249 0.1026790 0.0995683 0.1635506 0.2808145 0.2025414 0.0467592 0.0799779 0.0000000 0.2185194 0.2164048 0.2239798 0.1332638 0.1509585 0.1021399 0.1482218 0.0935110 0.1065377 0.1021529 0.1111116 0.1094172 0.1103083 0.1140853 0.4778660 0.4230340 0.5053794 
Lepto_bo   0.2118725 0.2226828 0.2469846 0.2576952 0.2175433 0.2151000 0.2177480 0.2250792 0.2136654 0.2021746 0.2355891 0.2919856 0.2262861 0.2192274 0.2321112 0.3375792 0.1578660 0.2177100 0.1984302 0.2185194 0.0000000 0.0790085 0.0859263 0.1945084 0.2311406 0.2259697 0.1997780 0.2173425 0.2292090 0.2266742 0.2323597 0.2301967 0.2274841 0.2313770 0.5375542 0.4717402 0.5439546 
Lepto_cl   0.2070608 0.2201034 0.2431262 0.2550285 0.2151158 0.2122866 0.2139725 0.2237135 0.2109022 0.2008529 0.2346911 0.2918456 0.2250287 0.2173648 0.2301271 0.3360969 0.1592553 0.2136927 0.1961920 0.2164048 0.0790085 0.0000000 0.0662668 0.1905015 0.2297184 0.2251083 0.1965215 0.2139910 0.2285787 0.2248459 0.2284157 0.2268478 0.2238803 0.2304838 0.5300677 0.4717600 0.5444238 
Lepto_he   0.2118802 0.2238317 0.2483998 0.2589922 0.2211467 0.2177834 0.2218088 0.2273317 0.2148845 0.2075115 0.2387312 0.2927573 0.2299371 0.2230899 0.2349492 0.3376307 0.1614187 0.2192594 0.2022940 0.2239798 0.0859263 0.0662668 0.0000000 0.1970873 0.2343359 0.2299645 0.2030248 0.2180331 0.2333356 0.2297485 0.2339877 0.2315675 0.2288691 0.2345813 0.5235792 0.4687609 0.5357199 
Parn_nig   0.1237053 0.1304933 0.1486677 0.1638492 0.1308850 0.1265373 0.1298617 0.1381945 0.1420892 0.1185406 0.1491690 0.2233287 0.1364203 0.1321725 0.1452919 0.2742666 0.1808223 0.1310420 0.1128928 0.1332638 0.1945084 0.1905015 0.1970873 0.0000000 0.1292738 0.1358577 0.1142610 0.1300371 0.1306694 0.1354330 0.1457453 0.1450003 0.1466661 0.1509114 0.4733045 0.4093634 0.4976223 
Pedia_ac   0.1680050 0.1492072 0.1667139 0.1827632 0.1460241 0.1458207 0.1476195 0.1550747 0.1443023 0.1585335 0.1644494 0.2273269 0.1503216 0.1479197 0.1325900 0.2924132 0.2086438 0.1471184 0.1286742 0.1509585 0.2311406 0.2297184 0.2343359 0.1292738 0.0000000 0.1475535 0.1527613 0.1480984 0.1527450 0.1503692 0.1607528 0.1596423 0.1596928 0.1650209 0.4840806 0.4261866 0.5273937 
Peric_JH   0.1606407 0.0909230 0.1040677 0.1240100 0.0866573 0.0955907 0.0954692 0.0957140 0.0960388 0.1583516 0.1038477 0.2382904 0.0887583 0.0432687 0.1646230 0.2863104 0.2102470 0.0994247 0.0742956 0.1021399 0.2259697 0.2251083 0.2299645 0.1358577 0.1475535 0.0000000 0.1493529 0.0991835 0.0934126 0.0982095 0.1061298 0.1045452 0.1076902 0.1089993 0.4833369 0.4309643 0.5193459 
Phaen_vi   0.1134618 0.1479256 0.1674124 0.1804382 0.1445437 0.1447742 0.1463556 0.1511242 0.1462814 0.1269780 0.1634884 0.2373781 0.1491478 0.1439201 0.1667569 0.2856189 0.1857657 0.1484615 0.1251637 0.1482218 0.1997780 0.1965215 0.2030248 0.1142610 0.1527613 0.1493529 0.0000000 0.1471580 0.1582509 0.1514614 0.1605919 0.1587261 0.1594407 0.1637317 0.4900853 0.4314245 0.5187054 
Phana_JH   0.1587599 0.0989620 0.1143158 0.1246045 0.0977467 0.0893662 0.0909566 0.1065027 0.1011385 0.1565878 0.1161701 0.2233377 0.1011357 0.0993759 0.1551751 0.2692537 0.1970835 0.0915241 0.0783623 0.0935110 0.2173425 0.2139910 0.2180331 0.1300371 0.1480984 0.0991835 0.1471580 0.0000000 0.1064032 0.1016330 0.1123522 0.1119167 0.1116166 0.1154285 0.4641550 0.4009261 0.4821658 
Prot_spe   0.1603590 0.0781589 0.0960253 0.1098373 0.0737639 0.1017367 0.1005696 0.0824522 0.0779076 0.1638435 0.0914725 0.2461412 0.0901280 0.0910172 0.1697730 0.2967300 0.2086565 0.1018395 0.0743521 0.1065377 0.2292090 0.2285787 0.2333356 0.1306694 0.1527450 0.0934126 0.1582509 0.1064032 0.0000000 0.0995868 0.1118837 0.1106601 0.1120624 0.1159358 0.4789316 0.4291200 0.5160550 
Qwaq_sco   0.1664256 0.0970080 0.1151542 0.1305734 0.0931414 0.0962546 0.0970205 0.1034936 0.0953184 0.1619592 0.1110165 0.2433883 0.0984856 0.0968764 0.1641286 0.2859778 0.2067759 0.0995850 0.0814537 0.1021529 0.2266742 0.2248459 0.2297485 0.1354330 0.1503692 0.0982095 0.1514614 0.1016330 0.0995868 0.0000000 0.1083418 0.1067934 0.1083435 0.1126271 0.4865224 0.4330704 0.5195774 
Syne_gif   0.1734401 0.1053235 0.1234167 0.1379292 0.1037861 0.1062073 0.1082858 0.1109357 0.0973852 0.1688419 0.1221422 0.2443670 0.1064703 0.1057965 0.1734379 0.2935193 0.2079537 0.1082510 0.0954284 0.1111116 0.2323597 0.2284157 0.2339877 0.1457453 0.1607528 0.1061298 0.1605919 0.1123522 0.1118837 0.1083418 0.0000000 0.0274445 0.0267079 0.0295530 0.4932601 0.4402515 0.5292385 
Syne_ito   0.1718171 0.1046816 0.1222676 0.1373994 0.1025484 0.1044747 0.1057283 0.1093479 0.0960320 0.1662645 0.1191223 0.2491811 0.1053993 0.1050453 0.1727590 0.2901297 0.2029377 0.1068948 0.0958783 0.1094172 0.2301967 0.2268478 0.2315675 0.1450003 0.1596423 0.1045452 0.1587261 0.1119167 0.1106601 0.1067934 0.0274445 0.0000000 0.0317854 0.0339180 0.4802748 0.4359248 0.5219739 
Syne_jap   0.1704776 0.1060589 0.1245604 0.1374231 0.1034956 0.1057469 0.1068407 0.1118480 0.0977021 0.1667636 0.1201322 0.2454863 0.1070699 0.1072046 0.1721456 0.2853188 0.2067075 0.1078535 0.0976411 0.1103083 0.2274841 0.2238803 0.2288691 0.1466661 0.1596928 0.1076902 0.1594407 0.1116166 0.1120624 0.1083435 0.0267079 0.0317854 0.0000000 0.0115118 0.4807748 0.4310379 0.5138822 
Syne_umb   0.1752595 0.1075155 0.1275852 0.1418581 0.1063265 0.1092435 0.1100176 0.1149153 0.1038563 0.1707931 0.1240939 0.2515159 0.1102487 0.1103056 0.1771185 0.2946392 0.2053056 0.1083784 0.1008512 0.1140853 0.2313770 0.2304838 0.2345813 0.1509114 0.1650209 0.1089993 0.1637317 0.1154285 0.1159358 0.1126271 0.0295530 0.0339180 0.0115118 0.0000000 0.4898737 0.4413961 0.5236493 
Nasoniav   0.4809981 0.4829346 0.5195295 0.5283170 0.4736168 0.4712449 0.4757616 0.4883530 0.4996652 0.5012416 0.4884499 0.4958402 0.4864888 0.4716435 0.4788220 0.5660189 0.4989474 0.4727625 0.4392599 0.4778660 0.5375542 0.5300677 0.5235792 0.4733045 0.4840806 0.4833369 0.4900853 0.4641550 0.4789316 0.4865224 0.4932601 0.4802748 0.4807748 0.4898737 0.0000000 0.5056775 0.5716721 
Orussusa   0.4305778 0.4254768 0.4583735 0.4657820 0.4277958 0.4170988 0.4208025 0.4299739 0.4226780 0.4489018 0.4343992 0.4278796 0.4366115 0.4183491 0.4260447 0.5198690 0.4428071 0.4174680 0.3873690 0.4230340 0.4717402 0.4717600 0.4687609 0.4093634 0.4261866 0.4309643 0.4314245 0.4009261 0.4291200 0.4330704 0.4402515 0.4359248 0.4310379 0.4413961 0.5056775 0.0000000 0.5055513 
Micropld   0.5188836 0.5143512 0.5530371 0.5585335 0.5128111 0.4969606 0.5035979 0.5195576 0.5099769 0.5325519 0.5292865 0.5211864 0.5254049 0.5041412 0.5091085 0.5955676 0.5097688 0.5013399 0.4864371 0.5053794 0.5439546 0.5444238 0.5357199 0.4976223 0.5273937 0.5193459 0.5187054 0.4821658 0.5160550 0.5195774 0.5292385 0.5219739 0.5138822 0.5236493 0.5716721 0.5055513 0.0000000 
